0;3;310
1;2;383
2;1;383
2;4;248
3;0;310
3;4;112
3;6;143
3;7;201
4;2;248
4;3;112
4;5;146
5;4;146
6;3;143
6;9;188
7;3;201
7;8;240
8;7;240
9;6;188
9;11;320
10;11;163
10;14;129
11;9;320
11;10;163
12;16;115
13;15;260
14;10;129
14;16;114
15;13;260
15;18;123
16;12;115
16;14;114
16;17;172
16;18;111
17;16;172
18;15;123
18;16;111
18;22;195
19;23;476
20;21;193
20;23;299
21;20;193
22;18;195
22;26;256
23;19;476
23;20;299
23;24;298
24;23;298
24;28;130
25;28;143
26;22;256
26;28;123
26;29;226
26;30;136
27;30;279
28;24;130
28;25;143
28;26;123
28;31;313
29;26;226
30;26;136
30;27;279
30;34;235
31;28;313
32;34;267
33;35;167
34;30;235
34;32;267
34;35;241
34;38;289
35;33;167
35;34;241
36;39;366
37;40;267
37;41;258
38;34;289
38;40;207
39;36;366
39;41;276
39;43;178
40;37;267
40;38;207
40;42;194
41;37;258
41;39;276
42;40;194
42;46;123
43;39;178
43;47;407
44;45;107
44;47;116
45;44;107
46;42;123
47;43;407
47;44;116
47;49;325
48;49;275
48;51;327
49;47;325
49;48;275
50;53;178
51;48;327
51;52;269
52;51;269
52;53;198
52;55;354
53;50;178
53;52;198
54;55;130
54;57;310
55;52;354
55;54;130
56;57;170
56;58;102
56;59;165
56;60;397
57;54;310
57;56;170
58;56;102
59;56;165
59;61;289
60;56;397
61;59;289
61;64;179
62;63;453
63;62;453
63;65;212
63;67;146
64;61;179
64;65;371
65;63;212
65;64;371
66;69;363
67;63;146
67;68;170
67;70;364
68;67;170
68;69;192
69;66;363
69;68;192
70;67;364
70;72;360
71;72;269
72;70;360
72;71;269
72;75;133
73;76;459
74;77;188
75;72;133
75;79;239
76;73;459
76;78;113
76;79;300
77;74;188
77;78;140
78;76;113
78;77;140
78;80;338
79;75;239
79;76;300
80;78;338
80;84;245
81;83;268
82;83;133
83;81;268
83;82;133
83;84;235
83;85;235
84;80;245
84;83;235
85;83;235
85;86;218
86;85;218
86;87;175
86;89;268
87;86;175
87;90;188
88;91;521
89;86;268
89;92;267
90;87;188
91;88;521
91;95;486
92;89;267
92;93;245
93;92;245
93;94;118
93;97;288
94;93;118
95;91;486
95;98;412
96;100;302
97;93;288
97;101;415
98;95;412
98;101;334
99;103;138
100;96;302
100;101;268
100;102;292
101;97;415
101;98;334
101;100;268
101;104;229
102;100;292
103;99;138
103;104;333
104;101;229
104;103;333
104;106;119
104;107;206
105;109;120
106;104;119
106;110;254
107;104;206
108;111;242
109;105;120
109;110;115
109;111;141
110;106;254
110;109;115
110;112;161
111;108;242
111;109;141
111;115;302
112;110;161
113;114;178
114;113;178
114;116;132
114;118;148
115;111;302
115;118;231
116;114;132
117;118;475
118;114;148
118;115;231
118;117;475
118;119;396
119;118;396
119;121;237
120;121;348
121;119;237
121;120;348
121;122;114
121;123;342
121;124;204
122;121;114
122;126;306
123;121;342
124;121;204
124;128;259
125;126;227
126;122;306
126;125;227
126;127;100
127;126;100
128;124;259
128;129;101
129;128;101
129;131;491
129;132;209
130;132;275
131;129;491
132;129;209
132;130;275
132;134;181
133;134;563
133;137;396
134;132;181
134;133;563
135;136;242
136;135;242
136;137;239
136;138;216
137;133;396
137;136;239
137;139;406
138;136;216
138;142;478
139;137;406
140;143;339
141;145;297
142;138;478
142;144;100
143;140;339
143;144;369
143;145;304
144;142;100
144;143;369
144;146;105
145;141;297
145;143;304
146;144;105
146;147;223
146;149;176
146;150;236
147;146;223
148;152;175
149;146;176
149;151;287
150;146;236
150;152;243
151;149;287
151;153;271
152;148;175
152;150;243
153;151;271
153;154;113
154;153;113
154;156;227
155;157;175
155;159;183
156;154;227
156;160;230
157;155;175
157;160;188
158;159;182
159;155;183
159;158;182
159;162;264
160;156;230
160;157;188
160;161;189
161;160;189
162;159;264
162;166;353
163;164;341
164;163;341
164;166;282
164;167;218
165;166;415
166;162;353
166;164;282
166;165;415
167;164;218
167;168;245
167;169;243
168;167;245
169;167;243
169;170;365
169;173;115
170;169;365
170;171;268
171;170;268
172;175;165
173;169;115
173;177;116
174;177;412
175;172;165
175;176;328
176;175;328
176;177;301
177;173;116
177;174;412
177;176;301
177;179;308
178;179;138
179;177;308
179;178;138
179;180;223
179;183;147
180;179;223
180;184;182
181;182;196
181;184;142
182;181;196
182;185;286
183;179;147
183;186;202
183;187;106
184;180;182
184;181;142
185;182;286
186;183;202
187;183;106
187;188;147
187;191;162
188;187;147
188;189;183
189;188;183
190;191;224
190;192;135
190;194;183
191;187;162
191;190;224
192;190;135
192;196;404
193;194;139
194;190;183
194;193;139
195;196;401
195;198;340
196;192;404
196;195;401
197;198;407
198;195;340
198;197;407
198;200;374
199;203;214
200;198;374
200;203;440
201;203;268
202;204;439
203;199;214
203;200;440
203;201;268
203;206;254
204;202;439
204;207;230
205;206;289
206;203;254
206;205;289
206;207;173
206;208;195
207;204;230
207;206;173
207;210;278
208;206;195
209;210;114
210;207;278
210;209;114
210;211;176
210;212;368
211;210;176
211;214;175
212;210;368
213;215;110
213;216;217
214;211;175
214;217;118
214;218;136
215;213;110
215;218;137
216;213;217
216;220;122
217;214;118
218;214;136
218;215;137
219;222;102
220;216;122
220;223;145
221;225;194
222;219;102
222;224;230
222;226;257
223;220;145
223;224;185
224;222;230
224;223;185
225;221;194
225;228;212
226;222;257
226;228;109
226;230;232
227;229;129
228;225;212
228;226;109
229;227;129
229;231;227
230;226;232
230;233;386
231;229;227
231;232;177
231;233;248
232;231;177
233;230;386
233;231;248
233;236;166
234;235;178
235;234;178
235;237;169
236;233;166
236;237;200
236;240;180
237;235;169
237;236;200
237;238;178
238;237;178
238;241;335
239;240;111
239;242;293
240;236;180
240;239;111
241;238;335
242;239;293
242;244;341
243;244;355
244;242;341
244;243;355
244;245;174
245;244;174
245;246;235
245;248;124
246;245;235
246;250;278
247;248;150
248;245;124
248;247;150
248;249;188
249;248;188
249;252;214
250;246;278
250;251;453
251;250;453
251;254;316
252;249;214
252;255;417
252;256;488
253;256;322
254;251;316
255;252;417
256;252;488
256;253;322
256;259;216
257;260;301
258;260;266
258;262;430
259;256;216
259;260;170
260;257;301
260;258;266
260;259;170
261;262;224
261;263;127
262;258;430
262;261;224
263;261;127
263;264;213
264;263;213
264;267;200
265;269;191
266;267;226
266;268;146
266;269;117
266;270;310
267;264;200
267;266;226
268;266;146
268;272;156
269;265;191
269;266;117
269;273;301
270;266;310
271;273;298
271;275;438
272;268;156
272;276;174
273;269;301
273;271;298
273;277;325
274;276;201
274;278;448
275;271;438
276;272;174
276;274;201
277;273;325
278;274;448
278;280;599
279;280;465
280;278;599
280;279;465
280;281;358
280;284;539
281;280;358
281;283;277
282;283;166
283;281;277
283;282;166
283;285;539
284;280;539
285;283;539
285;288;438
286;290;319
287;290;255
288;285;438
288;289;137
288;290;232
289;288;137
290;286;319
290;287;255
290;288;232
290;291;123
290;294;200
291;290;123
291;293;204
291;295;225
292;294;124
293;291;204
294;290;200
294;292;124
295;291;225
295;298;319
296;297;315
297;296;315
297;301;225
298;295;319
298;302;158
299;302;211
300;301;210
300;302;175
300;304;158
301;297;225
301;300;210
301;303;208
302;298;158
302;299;211
302;300;175
303;301;208
304;300;158
304;305;416
304;307;439
305;304;416
306;307;333
307;304;439
307;306;333
307;308;300
307;311;342
308;307;300
308;309;390
309;308;390
310;311;347
310;312;280
311;307;342
311;310;347
311;315;101
312;310;280
312;316;146
313;316;248
314;316;248
315;311;101
315;319;212
316;312;146
316;313;248
316;314;248
316;320;190
317;318;409
318;317;409
318;319;128
319;315;212
319;318;128
319;323;510
320;316;190
321;323;130
321;324;207
322;323;129
323;319;510
323;321;130
323;322;129
323;326;220
324;321;207
324;328;199
325;329;273
326;323;220
327;330;109
328;324;199
328;332;316
329;325;273
329;330;148
329;333;101
330;327;109
330;329;148
330;331;410
331;330;410
332;328;316
332;334;136
333;329;101
333;337;141
334;332;136
334;335;462
334;338;119
335;334;462
336;337;147
336;338;151
337;333;141
337;336;147
338;334;119
338;336;151
338;339;277
338;342;121
339;338;277
340;342;121
341;343;202
342;338;121
342;340;121
342;344;363
343;341;202
343;344;264
344;342;363
344;343;264
344;347;188
345;347;189
346;347;211
346;348;212
347;344;188
347;345;189
347;346;211
348;346;212
348;350;194
349;351;246
349;353;214
350;348;194
350;353;122
351;349;246
351;354;169
352;353;103
352;355;133
353;349;214
353;350;122
353;352;103
354;351;169
355;352;133
355;357;277
355;359;268
356;358;403
357;355;277
357;360;305
358;356;403
358;360;201
359;355;268
360;357;305
360;358;201
360;361;395
360;362;390
361;360;395
362;360;390
362;366;319
363;364;241
363;365;254
364;363;241
364;368;159
365;363;254
366;362;319
366;368;208
367;370;172
368;364;159
368;366;208
368;372;105
369;371;134
370;367;172
370;371;276
371;369;134
371;370;276
371;372;238
372;368;105
372;371;238
372;373;113
373;372;113
373;375;323
374;375;146
374;378;317
375;373;323
375;374;146
375;376;181
375;377;157
376;375;181
377;375;157
377;380;378
378;374;317
379;380;118
379;383;112
380;377;378
380;379;118
380;381;105
381;380;105
381;382;217
381;384;346
382;381;217
383;379;112
383;385;285
384;381;346
384;386;182
384;387;284
385;383;285
385;388;407
386;384;182
387;384;284
388;385;407
388;389;454
389;388;454
389;392;261
390;391;394
391;390;394
391;394;228
392;389;261
392;393;121
392;396;200
393;392;121
393;395;165
394;391;228
394;396;158
394;397;207
395;393;165
396;392;200
396;394;158
397;394;207
397;400;186
398;401;225
398;402;152
399;401;203
399;403;114
400;397;186
400;403;191
401;398;225
401;399;203
401;405;237
402;398;152
403;399;114
403;400;191
403;407;168
404;408;134
405;401;237
406;407;124
406;408;180
407;403;168
407;406;124
407;410;183
408;404;134
408;406;180
408;409;242
409;408;242
409;412;178
410;407;183
410;411;167
411;410;167
411;414;193
412;409;178
413;415;190
414;411;193
414;415;288
414;416;295
414;417;342
415;413;190
415;414;288
416;414;295
416;418;370
417;414;342
418;416;370
418;422;381
419;421;299
420;421;261
421;419;299
421;420;261
421;422;230
422;418;381
422;421;230
422;423;335
422;426;200
423;422;335
424;426;146
424;427;160
425;428;249
426;422;200
426;424;146
427;424;160
427;428;159
427;429;132
428;425;249
428;427;159
428;432;150
429;427;132
429;430;232
430;429;232
431;435;248
432;428;150
432;436;250
433;436;273
434;437;205
435;431;248
435;438;234
436;432;250
436;433;273
436;440;316
437;434;205
437;440;104
438;435;234
438;441;154
439;440;248
439;442;210
440;436;316
440;437;104
440;439;248
440;444;187
441;438;154
441;442;255
442;439;210
442;441;255
442;443;186
443;442;186
444;440;187
444;445;274
445;444;274
445;446;383
446;445;383
446;447;442
447;446;442
447;450;129
448;449;138
449;448;138
449;450;245
449;451;265
449;452;191
450;447;129
450;449;245
451;449;265
452;449;191
452;454;209
453;456;380
454;452;209
454;457;176
455;457;220
455;458;203
456;453;380
456;457;158
457;454;176
457;455;220
457;456;158
458;455;203
458;459;615
459;458;615
459;460;194
459;462;246
459;463;288
460;459;194
461;465;385
462;459;246
462;466;174
463;459;288
464;465;238
464;467;420
465;461;385
465;464;238
465;466;138
465;468;310
465;469;135
466;462;174
466;465;138
467;464;420
468;465;310
469;465;135
469;471;224
469;472;246
470;471;129
471;469;224
471;470;129
471;473;188
472;469;246
473;471;188
473;474;189
473;476;242
474;473;189
475;478;110
475;479;168
476;473;242
476;479;422
476;480;229
477;481;382
478;475;110
479;475;168
479;476;422
479;482;201
479;483;319
480;476;229
481;477;382
481;485;210
482;479;201
483;479;319
483;487;305
484;485;122
484;486;254
484;487;103
485;481;210
485;484;122
486;484;254
486;490;271
487;483;305
487;484;103
487;491;382
488;489;300
489;488;300
489;490;242
490;486;271
490;489;242
491;487;382
491;493;146
491;494;171
492;495;316
493;491;146
494;491;171
494;495;292
494;497;131
495;492;316
495;494;292
495;498;122
496;498;294
497;494;131
498;495;122
498;496;294
498;502;337
499;500;189
500;499;189
500;502;301
500;504;177
501;503;317
502;498;337
502;500;301
503;501;317
503;504;136
504;500;177
504;503;136
504;506;367
504;507;378
505;507;258
506;504;367
506;510;186
507;504;378
507;505;258
508;512;200
509;513;329
510;506;186
510;514;223
511;512;286
512;508;200
512;511;286
512;516;358
513;509;329
513;514;118
513;517;130
514;510;223
514;513;118
514;518;275
515;518;387
516;512;358
516;520;333
517;513;130
518;514;275
518;515;387
518;520;360
519;520;261
519;521;258
520;516;333
520;518;360
520;519;261
521;519;258
521;524;114
522;523;233
522;525;201
523;522;233
523;524;267
524;521;114
524;523;267
524;526;303
524;527;263
525;522;201
526;524;303
527;524;263
527;530;240
527;531;223
528;532;255
529;533;295
530;527;240
530;533;184
531;527;223
532;528;255
532;533;121
533;529;295
533;530;184
533;532;121
533;536;132
534;538;143
535;539;348
536;533;132
536;540;197
537;538;105
537;539;154
538;534;143
538;537;105
538;540;318
539;535;348
539;537;154
539;543;180
540;536;197
540;538;318
541;544;328
542;544;299
542;545;149
543;539;180
543;545;452
543;546;276
544;541;328
544;542;299
545;542;149
545;543;452
546;543;276
546;550;111
547;549;229
548;549;145
548;551;145
549;547;229
549;548;145
550;546;111
550;553;216
551;548;145
551;553;124
551;554;289
552;554;285
552;555;335
553;550;216
553;551;124
554;551;289
554;552;285
555;552;335
555;556;264
556;555;264
556;558;309
556;559;323
557;558;131
558;556;309
558;557;131
558;562;159
559;556;323
560;563;141
561;562;156
562;558;159
562;561;156
562;563;228
562;565;333
563;560;141
563;562;228
564;565;322
564;566;161
564;567;150
565;562;333
565;564;322
566;564;161
566;568;171
567;564;150
568;566;171
568;571;213
569;570;195
570;569;195
570;571;324
571;568;213
571;570;324
571;573;157
571;574;147
572;573;119
572;576;278
573;571;157
573;572;119
573;575;106
574;571;147
575;573;106
575;577;103
576;572;278
576;580;377
577;575;103
577;578;256
577;579;278
577;581;185
578;577;256
579;577;278
580;576;377
580;582;322
581;577;185
581;583;147
582;580;322
582;585;141
583;581;147
583;584;275
583;586;109
584;583;275
585;582;141
586;583;109
586;587;112
586;588;115
587;586;112
587;591;152
588;586;115
588;590;101
588;592;352
589;592;133
590;588;101
590;593;125
590;594;221
591;587;152
592;588;352
592;589;133
593;590;125
594;590;221
594;595;360
594;596;474
595;594;360
595;597;451
595;598;285
596;594;474
597;595;451
598;595;285
598;601;466
599;603;136
600;604;543
601;598;466
601;602;279
601;603;235
601;604;282
601;605;325
602;601;279
603;599;136
603;601;235
604;600;543
604;601;282
605;601;325
605;607;132
605;609;309
606;607;114
607;605;132
607;606;114
608;610;286
609;605;309
609;611;116
609;613;102
610;608;286
610;611;393
611;609;116
611;610;393
612;613;392
613;609;102
613;612;392
613;617;335
614;617;308
615;616;129
615;617;269
616;615;129
616;619;183
617;613;335
617;614;308
617;615;269
617;621;222
618;619;158
619;616;183
619;618;158
619;620;426
619;623;127
620;619;426
621;617;222
621;624;199
622;624;228
623;619;127
623;627;217
624;621;199
624;622;228
624;625;175
625;624;175
626;629;356
626;630;380
627;623;217
627;629;193
627;631;282
628;631;161
629;626;356
629;627;193
629;632;281
630;626;380
631;627;282
631;628;161
631;633;140
632;629;281
632;635;342
633;631;140
634;635;221
635;632;342
635;634;221
635;636;257
635;639;152
636;635;257
637;638;211
638;637;211
638;640;207
639;635;152
639;640;193
640;638;207
640;639;193
640;643;209
641;643;161
641;644;310
641;645;219
642;645;439
643;640;209
643;641;161
644;641;310
644;646;161
645;641;219
645;642;439
646;644;161
646;650;388
647;651;112
648;651;139
649;652;129
650;646;388
650;651;148
650;654;105
651;647;112
651;648;139
651;650;148
651;652;162
652;649;129
652;651;162
653;654;193
653;655;189
653;656;296
654;650;105
654;653;193
655;653;189
656;653;296
656;657;134
656;658;190
657;656;134
658;656;190
658;662;379
659;662;322
660;664;225
661;665;209
662;658;379
662;659;322
662;663;264
663;662;264
663;664;130
663;666;271
664;660;225
664;663;130
664;665;118
664;667;369
665;661;209
665;664;118
666;663;271
666;669;244
667;664;369
667;668;192
668;667;192
669;666;244
669;670;186
670;669;186
670;673;227
671;672;196
672;671;196
672;673;153
673;670;227
673;672;153
673;674;230
674;673;230
674;676;285
675;679;268
676;674;285
676;678;255
677;680;247
677;681;164
678;676;255
678;681;260
679;675;268
679;683;105
680;677;247
681;677;164
681;678;260
681;685;259
682;684;198
682;686;280
683;679;105
683;686;265
684;682;198
685;681;259
685;686;251
686;682;280
686;683;265
686;685;251
686;687;301
687;686;301
687;691;118
688;691;349
689;691;316
689;693;307
690;691;110
690;692;216
691;687;118
691;688;349
691;689;316
691;690;110
691;694;308
692;690;216
692;696;362
693;689;307
694;691;308
694;695;203
694;697;339
694;698;211
695;694;203
696;692;362
697;694;339
697;699;111
698;694;211
698;702;149
699;697;111
699;701;167
700;702;252
701;699;167
701;703;366
702;698;149
702;700;252
703;701;366
703;707;468
704;706;570
704;707;172
705;709;100
706;704;570
707;703;468
707;704;172
707;708;288
708;707;288
708;710;131
709;705;100
709;712;151
710;708;131
710;711;249
711;710;249
711;714;299
712;709;151
712;714;124
713;714;164
713;715;115
714;711;299
714;712;124
714;713;164
714;716;224
714;718;296
715;713;115
716;714;224
717;721;215
718;714;296
718;719;193
718;720;108
718;722;120
719;718;193
719;721;180
719;723;294
720;718;108
721;717;215
721;719;180
722;718;120
723;719;294
723;724;311
723;726;329
724;723;311
724;725;251
725;724;251
725;727;183
726;723;329
726;730;215
727;725;183
728;730;124
729;730;124
730;726;215
730;728;124
730;729;124
730;731;201
731;730;201
731;732;285
731;733;123
732;731;285
732;735;160
732;736;277
733;731;123
734;738;268
735;732;160
735;737;259
736;732;277
736;740;170
737;735;259
738;734;268
738;739;246
738;740;111
738;742;270
739;738;246
739;743;289
740;736;170
740;738;111
740;741;347
741;740;347
741;745;483
742;738;270
742;746;166
743;739;289
744;745;166
745;741;483
745;744;166
745;748;318
746;742;166
747;749;201
747;751;400
748;745;318
748;751;432
749;747;201
750;752;188
750;753;174
751;747;400
751;748;432
751;753;397
752;750;188
752;755;170
753;750;174
753;751;397
753;756;214
754;755;184
754;758;322
755;752;170
755;754;184
755;759;180
756;753;214
756;757;217
757;756;217
758;754;322
758;761;127
758;762;276
759;755;180
759;760;109
760;759;109
761;758;127
762;758;276
762;763;312
762;764;249
762;766;449
763;762;312
763;765;370
764;762;249
765;763;370
766;762;449
766;767;129
766;769;172
766;770;203
767;766;129
768;771;168
769;766;172
769;773;198
770;766;203
770;772;534
771;768;168
771;775;206
772;770;534
773;769;198
773;774;174
774;773;174
774;775;177
775;771;206
775;774;177
775;778;255
776;779;632
777;781;369
778;775;255
778;779;234
778;781;190
779;776;632
779;778;234
779;780;341
779;782;339
780;779;341
781;777;369
781;778;190
782;779;339
782;785;352
782;786;125
783;784;113
783;786;159
784;783;113
785;782;352
786;782;125
786;783;159
786;788;239
787;788;160
787;790;150
787;791;263
788;786;239
788;787;160
789;790;267
789;793;219
790;787;150
790;789;267
790;794;188
791;787;263
791;795;161
792;796;427
793;789;219
793;797;121
794;790;188
795;791;161
795;799;263
796;792;427
796;797;218
797;793;121
797;796;218
797;798;221
798;797;221
799;795;263
799;802;206
799;803;156
800;801;299
800;803;117
801;800;299
802;799;206
803;799;156
803;800;117
803;807;101
804;805;107
804;806;243
805;804;107
805;808;274
806;804;243
807;803;101
807;811;200
808;805;274
808;812;247
809;812;241
810;813;129
810;814;152
811;807;200
811;812;301
812;808;247
812;809;241
812;811;301
812;814;343
812;815;317
813;810;129
813;817;254
814;810;152
814;812;343
814;818;135
815;812;317
816;818;342
817;813;254
818;814;135
818;816;342
818;822;332
819;822;106
819;823;139
820;823;331
821;822;258
822;818;332
822;819;106
822;821;258
823;819;139
823;820;331
823;826;157
824;825;316
825;824;316
825;829;179
826;823;157
826;828;107
827;828;322
828;826;107
828;827;322
828;830;282
829;825;179
829;833;127
830;828;282
830;834;188
831;834;454
832;835;220
832;836;112
833;829;127
833;834;250
834;830;188
834;831;454
834;833;250
834;835;201
834;837;193
834;838;148
835;832;220
835;834;201
836;832;112
837;834;193
838;834;148
838;841;130
839;841;227
839;842;268
840;843;301
841;838;130
841;839;227
841;843;177
842;839;268
842;846;199
843;840;301
843;841;177
843;847;104
844;847;160
845;847;161
846;842;199
847;843;104
847;844;160
847;845;161
847;849;177
847;850;100
848;851;217
849;847;177
850;847;100
850;851;182
850;852;162
851;848;217
851;850;182
852;850;162
852;855;110
852;856;166
853;855;320
854;857;206
855;852;110
855;853;320
856;852;166
856;857;141
856;860;300
857;854;206
857;856;141
858;862;281
859;861;374
860;856;300
860;861;238
861;859;374
861;860;238
861;864;257
862;858;281
862;864;175
863;864;248
864;861;257
864;862;175
864;863;248
864;865;327
865;864;327
865;866;173
865;867;250
865;868;260
866;865;173
867;865;250
867;871;108
868;865;260
868;869;242
868;870;203
869;868;242
869;872;257
870;868;203
871;867;108
872;869;257
872;873;199
872;874;161
872;876;142
873;872;199
874;872;161
874;877;153
875;876;253
876;872;142
876;875;253
876;880;234
877;874;153
877;878;168
877;881;102
878;877;168
879;881;156
880;876;234
881;877;102
881;879;156
881;882;106
882;881;106
882;883;213
883;882;213
883;884;337
883;885;401
883;886;255
884;883;337
885;883;401
886;883;255
886;890;123
887;888;122
887;890;119
887;891;317
888;887;122
888;889;187
888;892;338
889;888;187
890;886;123
890;887;119
891;887;317
891;893;145
891;894;207
892;888;338
893;891;145
894;891;207
894;895;344
894;896;109
894;897;246
895;894;344
895;898;204
896;894;109
897;894;246
897;901;362
898;895;204
899;901;353
899;902;126
899;903;207
900;904;260
901;897;362
901;899;353
901;904;303
902;899;126
903;899;207
903;905;142
903;906;170
904;900;260
904;901;303
904;907;151
905;903;142
905;909;271
906;903;170
907;904;151
907;911;298
908;912;400
909;905;271
909;912;334
910;912;191
911;907;298
911;914;264
912;908;400
912;909;334
912;910;191
912;913;310
913;912;310
913;916;103
914;911;264
915;918;171
916;913;103
916;919;180
917;918;158
918;915;171
918;917;158
918;920;177
918;921;294
919;916;180
919;923;117
920;918;177
920;923;284
921;918;294
921;922;294
922;921;294
922;925;205
923;919;117
923;920;284
923;926;247
924;925;145
925;922;205
925;924;145
925;927;166
926;923;247
926;928;138
927;925;166
927;929;225
927;930;295
928;926;138
929;927;225
929;931;165
930;927;295
931;929;165
931;933;230
932;933;168
932;935;309
933;931;230
933;932;168
934;936;222
935;932;309
935;937;310
936;934;222
936;940;209
937;935;310
937;938;140
938;937;140
938;939;107
939;938;107
939;940;226
939;943;393
940;936;209
940;939;226
940;944;159
941;945;254
942;946;198
943;939;393
943;947;383
944;940;159
945;941;254
945;949;285
946;942;198
946;948;213
947;943;383
947;950;368
948;946;213
948;950;319
949;945;285
949;950;172
950;947;368
950;948;319
950;949;172
950;954;189
951;953;153
952;954;144
952;955;121
953;951;153
953;956;153
954;950;189
954;952;144
955;952;121
955;958;101
955;959;111
956;953;153
956;958;132
956;960;139
957;960;194
958;955;101
958;956;132
959;955;111
960;956;139
960;957;194
960;962;313
961;962;245
962;960;313
962;961;245
962;966;149
963;964;223
963;965;195
964;963;223
964;968;167
965;963;195
966;962;149
966;967;131
966;968;137
967;966;131
967;969;119
967;971;255
968;964;167
968;966;137
969;967;119
970;972;190
970;974;137
971;967;255
971;972;117
972;970;190
972;971;117
972;975;149
973;977;214
974;970;137
974;976;172
975;972;149
976;974;172
976;978;190
977;973;214
977;979;141
977;981;221
978;976;190
978;979;111
979;977;141
979;978;111
979;980;418
980;979;418
981;977;221
981;985;181
982;985;315
982;986;149
983;985;111
983;987;174
984;985;123
985;981;181
985;982;315
985;983;111
985;984;123
985;989;354
986;982;149
987;983;174
987;990;403
988;992;102
989;985;354
989;992;128
990;987;403
990;991;201
991;990;201
991;993;231
992;988;102
992;989;128
993;991;231
993;995;251
994;998;244
995;993;251
995;996;249
996;995;249
996;998;397
997;998;115
997;1000;145
998;994;244
998;996;397
998;997;115
998;999;254
998;1002;263
999;998;254
1000;997;145
1001;1004;127
1001;1005;290
1002;998;263
1002;1006;225
1003;1004;153
1004;1001;127
1004;1003;153
1004;1006;302
1004;1008;253
1005;1001;290
1006;1002;225
1006;1004;302
1007;1009;343
1007;1011;186
1008;1004;253
1008;1012;135
1009;1007;343
1009;1013;123
1010;1013;293
1011;1007;186
1011;1014;298
1011;1015;234
1012;1008;135
1012;1013;298
1013;1009;123
1013;1010;293
1013;1012;298
1014;1011;298
1014;1017;245
1015;1011;234
1015;1018;122
1016;1017;140
1017;1014;245
1017;1016;140
1017;1019;232
1018;1015;122
1019;1017;232
1019;1021;186
1019;1023;125
1020;1022;266
1020;1024;335
1021;1019;186
1021;1025;239
1022;1020;266
1022;1025;319
1023;1019;125
1023;1027;251
1024;1020;335
1025;1021;239
1025;1022;319
1025;1029;133
1026;1028;359
1027;1023;251
1028;1026;359
1028;1029;292
1029;1025;133
1029;1028;292
1029;1030;291
1030;1029;291
1030;1032;250
1031;1035;409
1032;1030;250
1032;1033;500
1033;1032;500
1033;1036;405
1034;1036;156
1034;1038;257
1035;1031;409
1035;1038;454
1036;1033;405
1036;1034;156
1036;1037;279
1036;1039;223
1037;1036;279
1038;1034;257
1038;1035;454
1038;1042;136
1039;1036;223
1039;1040;132
1039;1043;256
1040;1039;132
1041;1043;375
1042;1038;136
1043;1039;256
1043;1041;375
1043;1044;225
1044;1043;225
1044;1047;378
1045;1047;321
1046;1047;247
1046;1048;376
1047;1044;378
1047;1045;321
1047;1046;247
1047;1050;110
1047;1051;104
1048;1046;376
1048;1052;121
1049;1051;239
1050;1047;110
1051;1047;104
1051;1049;239
1051;1054;269
1052;1048;121
1052;1055;303
1053;1055;364
1054;1051;269
1054;1056;180
1054;1057;270
1055;1052;303
1055;1053;364
1056;1054;180
1056;1058;181
1056;1060;227
1057;1054;270
1058;1056;181
1059;1063;160
1060;1056;227
1060;1063;189
1061;1062;429
1061;1064;179
1062;1061;429
1062;1065;299
1063;1059;160
1063;1060;189
1063;1067;121
1064;1061;179
1064;1067;262
1065;1062;299
1066;1067;129
1067;1063;121
1067;1064;262
1067;1066;129
1067;1068;271
1067;1071;168
1068;1067;271
1069;1072;295
1069;1073;125
1070;1073;345
1071;1067;168
1071;1072;360
1072;1069;295
1072;1071;360
1073;1069;125
1073;1070;345
1073;1075;260
1073;1076;274
1074;1077;311
1075;1073;260
1075;1077;243
1076;1073;274
1076;1080;116
1077;1074;311
1077;1075;243
1077;1079;227
1078;1082;139
1079;1077;227
1080;1076;116
1080;1082;143
1081;1082;164
1081;1085;117
1082;1078;139
1082;1080;143
1082;1081;164
1083;1085;199
1084;1086;246
1084;1087;244
1085;1081;117
1085;1083;199
1085;1087;103
1086;1084;246
1086;1089;184
1086;1090;216
1087;1084;244
1087;1085;103
1087;1091;243
1088;1091;214
1089;1086;184
1090;1086;216
1090;1094;126
1091;1087;243
1091;1088;214
1091;1092;223
1092;1091;223
1093;1094;121
1094;1090;126
1094;1093;121
1094;1096;291
1095;1099;362
1096;1094;291
1096;1100;124
1097;1098;242
1098;1097;242
1098;1100;169
1099;1095;362
1099;1102;292
1099;1103;138
1100;1096;124
1100;1098;169
1100;1101;142
1100;1103;273
1101;1100;142
1102;1099;292
1102;1104;216
1102;1106;228
1103;1099;138
1103;1100;273
1103;1107;324
1104;1102;216
1104;1108;238
1105;1109;337
1106;1102;228
1107;1103;324
1107;1111;323
1108;1104;238
1109;1105;337
1109;1110;313
1109;1112;219
1110;1109;313
1110;1113;123
1111;1107;323
1111;1112;290
1111;1115;298
1112;1109;219
1112;1111;290
1112;1116;139
1113;1110;123
1114;1117;307
1115;1111;298
1115;1118;406
1115;1119;410
1116;1112;139
1116;1117;253
1117;1114;307
1117;1116;253
1118;1115;406
1119;1115;410
1119;1120;160
1119;1121;327
1120;1119;160
1121;1119;327
1121;1122;253
1122;1121;253
1122;1126;303
1123;1124;247
1123;1125;191
1124;1123;247
1125;1123;191
1125;1127;118
1125;1128;288
1126;1122;303
1126;1128;169
1127;1125;118
1128;1125;288
1128;1126;169
1128;1129;163
1128;1131;137
1128;1132;191
1129;1128;163
1129;1133;124
1130;1134;160
1131;1128;137
1131;1134;191
1132;1128;191
1133;1129;124
1133;1137;233
1134;1130;160
1134;1131;191
1134;1138;254
1135;1136;231
1136;1135;231
1136;1140;295
1137;1133;233
1137;1140;281
1138;1134;254
1139;1140;201
1140;1136;295
1140;1137;281
1140;1139;201
1140;1142;393
1141;1144;143
1142;1140;393
1142;1145;254
1143;1147;400
1144;1141;143
1144;1145;136
1144;1146;423
1145;1142;254
1145;1144;136
1145;1147;173
1145;1148;275
1146;1144;423
1147;1143;400
1147;1145;173
1147;1150;148
1147;1151;131
1148;1145;275
1148;1149;242
1149;1148;242
1149;1153;161
1150;1147;148
1150;1152;576
1150;1154;179
1151;1147;131
1152;1150;576
1153;1149;161
1153;1155;298
1154;1150;179
1154;1158;120
1155;1153;298
1155;1156;173
1156;1155;173
1157;1158;208
1158;1154;120
1158;1157;208
1158;1160;149
1159;1162;207
1160;1158;149
1160;1162;145
1160;1163;283
1161;1165;238
1162;1159;207
1162;1160;145
1163;1160;283
1163;1166;201
1164;1167;300
1164;1168;127
1165;1161;238
1165;1169;266
1166;1163;201
1166;1167;287
1167;1164;300
1167;1166;287
1168;1164;127
1168;1169;280
1168;1172;313
1169;1165;266
1169;1168;280
1169;1170;313
1170;1169;313
1170;1171;296
1170;1174;293
1171;1170;296
1171;1175;261
1172;1168;313
1172;1173;442
1173;1172;442
1174;1170;293
1175;1171;261
1175;1179;348
1176;1177;259
1176;1180;228
1177;1176;259
1178;1179;189
1178;1180;129
1179;1175;348
1179;1178;189
1180;1176;228
1180;1178;129
1180;1181;101
1180;1184;105
1181;1180;101
1182;1183;183
1182;1186;164
1183;1182;183
1184;1180;105
1184;1186;124
1185;1188;111
1186;1182;164
1186;1184;124
1186;1187;263
1186;1188;250
1187;1186;263
1187;1190;236
1188;1185;111
1188;1186;250
1188;1189;281
1188;1192;223
1189;1188;281
1190;1187;236
1190;1191;391
1190;1193;366
1191;1190;391
1192;1188;223
1193;1190;366
1193;1194;178
1193;1196;269
1194;1193;178
1195;1196;378
1196;1193;269
1196;1195;378
1196;1200;507
1197;1199;390
1197;1200;120
1198;1200;115
1198;1201;136
1198;1202;169
1199;1197;390
1200;1196;507
1200;1197;120
1200;1198;115
1201;1198;136
1202;1198;169
1202;1204;110
1203;1205;131
1204;1202;110
1204;1206;152
1204;1208;314
1205;1203;131
1205;1208;243
1206;1204;152
1207;1211;105
1208;1204;314
1208;1205;243
1208;1211;236
1209;1210;122
1209;1213;217
1210;1209;122
1210;1212;247
1211;1207;105
1211;1208;236
1211;1213;266
1212;1210;247
1212;1215;318
1213;1209;217
1213;1211;266
1214;1216;107
1214;1218;217
1215;1212;318
1215;1219;166
1216;1214;107
1216;1217;323
1217;1216;323
1218;1214;217
1218;1219;207
1218;1221;225
1219;1215;166
1219;1218;207
1219;1223;224
1220;1222;112
1220;1224;402
1221;1218;225
1221;1225;240
1222;1220;112
1222;1223;278
1223;1219;224
1223;1222;278
1224;1220;402
1224;1228;393
1225;1221;240
1226;1230;135
1227;1230;284
1228;1224;393
1228;1232;135
1229;1230;170
1230;1226;135
1230;1227;284
1230;1229;170
1230;1232;136
1230;1234;151
1231;1235;140
1232;1228;135
1232;1230;136
1232;1233;116
1233;1232;116
1234;1230;151
1234;1237;169
1235;1231;140
1235;1236;223
1235;1239;295
1236;1235;223
1237;1234;169
1237;1238;262
1238;1237;262
1238;1239;147
1238;1240;144
1239;1235;295
1239;1238;147
1239;1242;344
1240;1238;144
1240;1244;115
1241;1244;410
1242;1239;344
1243;1244;114
1243;1245;152
1243;1247;132
1244;1240;115
1244;1241;410
1244;1243;114
1245;1243;152
1245;1249;127
1246;1249;278
1247;1243;132
1247;1250;407
1248;1250;351
1249;1245;127
1249;1246;278
1249;1251;312
1250;1247;407
1250;1248;351
1251;1249;312
1251;1254;271
1252;1254;211
1253;1257;290
1254;1251;271
1254;1252;211
1254;1258;209
1255;1256;109
1255;1259;140
1256;1255;109
1256;1257;236
1257;1253;290
1257;1256;236
1257;1260;157
1258;1254;209
1258;1259;106
1258;1262;151
1259;1255;140
1259;1258;106
1260;1257;157
1260;1261;111
1261;1260;111
1262;1258;151
1262;1263;221
1263;1262;221
1263;1264;216
1264;1263;216
1264;1267;139
1265;1268;327
1266;1267;173
1266;1269;122
1267;1264;139
1267;1266;173
1267;1270;154
1268;1265;327
1268;1271;238
1269;1266;122
1269;1273;186
1270;1267;154
1270;1271;217
1271;1268;238
1271;1270;217
1271;1272;185
1272;1271;185
1273;1269;186
1273;1275;237
1273;1276;309
1274;1276;160
1275;1273;237
1275;1277;265
1275;1279;179
1276;1273;309
1276;1274;160
1277;1275;265
1278;1279;364
1278;1281;234
1279;1275;179
1279;1278;364
1280;1282;390
1281;1278;234
1281;1284;255
1282;1280;390
1282;1286;376
1283;1286;157
1284;1281;255
1284;1285;274
1284;1286;178
1285;1284;274
1285;1288;175
1286;1282;376
1286;1283;157
1286;1284;178
1287;1288;563
1288;1285;175
1288;1287;563
1288;1289;339
1288;1290;422
1289;1288;339
1290;1288;422
1290;1292;207
1291;1293;183
1291;1294;125
1291;1295;145
1292;1290;207
1292;1294;255
1293;1291;183
1294;1291;125
1294;1292;255
1295;1291;145
1295;1296;113
1295;1298;398
1296;1295;113
1296;1297;264
1296;1300;112
1297;1296;264
1297;1299;319
1298;1295;398
1299;1297;319
1299;1301;203
1300;1296;112
1300;1304;122
1301;1299;203
1302;1303;218
1303;1302;218
1303;1305;210
1304;1300;122
1304;1305;161
1305;1303;210
1305;1304;161
1305;1308;153
1306;1310;271
1307;1310;196
1308;1305;153
1308;1311;156
1309;1311;288
1310;1306;271
1310;1307;196
1310;1311;111
1311;1308;156
1311;1309;288
1311;1310;111
1311;1312;126
1312;1311;126
1312;1313;371
1312;1315;394
1313;1312;371
1314;1316;146
1314;1317;296
1314;1318;143
1315;1312;394
1315;1317;155
1316;1314;146
1317;1314;296
1317;1315;155
1317;1320;369
1317;1321;295
1318;1314;143
1318;1322;332
1319;1321;267
1319;1323;115
1320;1317;369
1321;1317;295
1321;1319;267
1322;1318;332
1322;1325;393
1322;1326;395
1323;1319;115
1323;1324;151
1323;1327;248
1324;1323;151
1324;1328;454
1325;1322;393
1326;1322;395
1326;1330;416
1327;1323;248
1327;1329;368
1328;1324;454
1329;1327;368
1330;1326;416
1330;1332;330
1330;1333;462
1331;1332;167
1331;1334;297
1332;1330;330
1332;1331;167
1333;1330;462
1334;1331;297
1334;1337;275
1335;1337;160
1336;1337;175
1336;1338;111
1336;1340;223
1337;1334;275
1337;1335;160
1337;1336;175
1338;1336;111
1339;1340;114
1340;1336;223
1340;1339;114
1340;1343;129
1341;1342;135
1342;1341;135
1342;1345;108
1342;1346;120
1343;1340;129
1343;1345;135
1344;1348;180
1345;1342;108
1345;1343;135
1345;1347;129
1345;1348;146
1345;1349;139
1346;1342;120
1347;1345;129
1348;1344;180
1348;1345;146
1349;1345;139
1349;1351;103
1350;1353;207
1350;1354;207
1351;1349;103
1351;1355;147
1352;1353;132
1353;1350;207
1353;1352;132
1353;1355;112
1354;1350;207
1355;1351;147
1355;1353;112
1355;1357;127
1355;1358;282
1356;1360;149
1357;1355;127
1358;1355;282
1358;1360;355
1359;1360;402
1359;1363;325
1360;1356;149
1360;1358;355
1360;1359;402
1361;1363;273
1362;1366;258
1363;1359;325
1363;1361;273
1363;1366;105
1364;1366;118
1365;1368;104
1366;1362;258
1366;1363;105
1366;1364;118
1366;1367;276
1367;1366;276
1367;1368;197
1368;1365;104
1368;1367;197
1368;1369;118
1369;1368;118
1369;1371;232
1369;1373;316
1370;1373;104
1371;1369;232
1371;1374;270
1372;1375;533
1373;1369;316
1373;1370;104
1373;1376;201
1374;1371;270
1375;1372;533
1375;1376;128
1376;1373;201
1376;1375;128
1376;1378;161
1377;1378;330
1378;1376;161
1378;1377;330
1378;1382;213
1379;1381;169
1379;1382;363
1380;1382;320
1380;1383;226
1381;1379;169
1382;1378;213
1382;1379;363
1382;1380;320
1383;1380;226
1383;1384;444
1383;1385;306
1383;1386;427
1383;1387;238
1384;1383;444
1385;1383;306
1386;1383;427
1387;1383;238
1387;1388;118
1387;1390;256
1388;1387;118
1388;1389;264
1389;1388;264
1390;1387;256
1390;1391;133
1391;1390;133
1391;1392;112
1392;1391;112
1392;1394;236
1393;1396;363
1394;1392;236
1394;1395;292
1395;1394;292
1395;1398;328
1396;1393;363
1396;1399;254
1397;1398;256
1397;1399;116
1398;1395;328
1398;1397;256
1398;1400;213
1399;1396;254
1399;1397;116
1399;1401;211
1399;1403;263
1400;1398;213
1400;1402;284
1401;1399;211
1402;1400;284
1402;1404;174
1403;1399;263
1404;1402;174
1404;1406;169
1405;1406;453
1406;1404;169
1406;1405;453
1406;1407;243
1406;1408;101
1406;1409;310
1407;1406;243
1408;1406;101
1409;1406;310
1409;1410;256
1410;1409;256
1410;1412;266
1411;1412;154
1411;1414;249
1412;1410;266
1412;1411;154
1412;1413;148
1413;1412;148
1413;1415;134
1413;1417;145
1414;1411;249
1414;1418;242
1415;1413;134
1416;1420;219
1417;1413;145
1418;1414;242
1418;1420;127
1418;1421;117
1419;1421;276
1420;1416;219
1420;1418;127
1420;1423;230
1421;1418;117
1421;1419;276
1422;1423;284
1423;1420;230
1423;1422;284
1423;1425;351
1423;1427;158
1424;1427;333
1425;1423;351
1426;1428;475
1427;1423;158
1427;1424;333
1427;1430;167
1428;1426;475
1428;1429;206
1428;1430;155
1429;1428;206
1429;1432;103
1430;1427;167
1430;1428;155
1430;1434;124
1431;1433;180
1432;1429;103
1433;1431;180
1433;1434;118
1434;1430;124
1434;1433;118
1434;1435;118
1434;1436;141
1434;1438;302
1435;1434;118
1435;1437;110
1436;1434;141
1437;1435;110
1437;1439;235
1438;1434;302
1439;1437;235
1439;1440;209
1439;1441;156
1439;1442;166
1440;1439;209
1441;1439;156
1441;1443;197
1442;1439;166
1442;1445;203
1443;1441;197
1443;1444;152
1444;1443;152
1444;1447;321
1445;1442;203
1445;1446;119
1446;1445;119
1446;1450;244
1447;1444;321
1448;1449;246
1448;1450;278
1449;1448;246
1449;1452;124
1449;1453;344
1450;1446;244
1450;1448;278
1451;1452;421
1452;1449;124
1452;1451;421
1452;1456;190
1453;1449;344
1454;1455;115
1454;1457;137
1455;1454;115
1455;1459;161
1456;1452;190
1456;1460;235
1457;1454;137
1457;1460;107
1458;1460;216
1459;1455;161
1459;1462;353
1460;1456;235
1460;1457;107
1460;1458;216
1460;1461;207
1460;1463;275
1461;1460;207
1462;1459;353
1463;1460;275
1463;1466;215
1464;1466;233
1465;1469;106
1466;1463;215
1466;1464;233
1466;1467;182
1466;1469;137
1466;1470;222
1467;1466;182
1467;1471;314
1468;1470;316
1469;1465;106
1469;1466;137
1470;1466;222
1470;1468;316
1470;1472;193
1471;1467;314
1471;1473;106
1472;1470;193
1473;1471;106
1473;1475;246
1474;1478;140
1475;1473;246
1475;1476;156
1476;1475;156
1476;1478;300
1477;1478;168
1477;1481;112
1478;1474;140
1478;1476;300
1478;1477;168
1478;1479;185
1479;1478;185
1480;1483;119
1480;1484;218
1481;1477;112
1481;1483;109
1482;1483;117
1483;1480;119
1483;1481;109
1483;1482;117
1484;1480;218
1484;1486;255
1484;1488;239
1485;1488;288
1486;1484;255
1486;1487;217
1487;1486;217
1488;1484;239
1488;1485;288
1488;1489;426
1488;1490;114
1488;1492;479
1489;1488;426
1490;1488;114
1491;1492;111
1491;1494;285
1491;1495;247
1492;1488;479
1492;1491;111
1493;1495;144
1493;1497;378
1494;1491;285
1495;1491;247
1495;1493;144
1495;1496;181
1495;1499;193
1496;1495;181
1497;1493;378
1497;1498;318
1498;1497;318
1498;1500;403
1499;1495;193
1500;1498;403
1500;1501;298
1501;1500;298
1501;1502;304
1502;1501;304
1502;1503;121
1503;1502;121
1503;1504;167
1503;1506;211
1504;1503;167
1504;1508;382
1505;1508;267
1506;1503;211
1506;1507;261
1507;1506;261
1507;1509;441
1508;1504;382
1508;1505;267
1509;1507;441
1509;1512;194
1510;1512;171
1510;1514;152
1511;1514;367
1512;1509;194
1512;1510;171
1512;1516;120
1513;1514;174
1514;1510;152
1514;1511;367
1514;1513;174
1514;1518;307
1515;1519;184
1516;1512;120
1516;1519;158
1517;1520;146
1517;1521;100
1518;1514;307
1519;1515;184
1519;1516;158
1519;1522;134
1520;1517;146
1520;1522;262
1521;1517;100
1521;1524;247
1521;1525;143
1522;1519;134
1522;1520;262
1522;1523;132
1523;1522;132
1524;1521;247
1525;1521;143
1525;1526;113
1526;1525;113
1526;1527;237
1527;1526;237
1527;1531;158
1528;1529;374
1528;1532;124
1529;1528;374
1529;1533;103
1530;1531;256
1531;1527;158
1531;1530;256
1531;1533;208
1532;1528;124
1533;1529;103
1533;1531;208
1533;1535;288
1533;1536;165
1534;1535;112
1535;1533;288
1535;1534;112
1535;1538;271
1536;1533;165
1536;1537;271
1537;1536;271
1538;1535;271
1538;1539;254
1539;1538;254
1539;1541;414
1540;1542;436
1541;1539;414
1541;1543;493
1542;1540;436
1542;1544;255
1542;1545;115
1543;1541;493
1543;1544;126
1544;1542;255
1544;1543;126
1544;1547;151
1545;1542;115
1545;1549;159
1546;1549;137
1547;1544;151
1548;1551;509
1549;1545;159
1549;1546;137
1549;1550;113
1550;1549;113
1550;1551;156
1550;1553;153
1551;1548;509
1551;1550;156
1551;1552;281
1551;1554;154
1552;1551;281
1552;1555;127
1553;1550;153
1554;1551;154
1554;1556;305
1554;1557;278
1554;1558;368
1555;1552;127
1556;1554;305
1557;1554;278
1558;1554;368
1558;1559;292
1558;1562;297
1559;1558;292
1560;1561;205
1560;1563;372
1560;1564;192
1561;1560;205
1561;1565;189
1562;1558;297
1562;1563;188
1563;1560;372
1563;1562;188
1564;1560;192
1564;1566;106
1565;1561;189
1565;1567;130
1565;1569;166
1566;1564;106
1567;1565;130
1567;1571;190
1568;1572;167
1569;1565;166
1569;1570;100
1569;1572;226
1570;1569;100
1571;1567;190
1571;1575;315
1572;1568;167
1572;1569;226
1573;1574;124
1573;1576;209
1574;1573;124
1575;1571;315
1575;1578;121
1576;1573;209
1576;1577;248
1576;1578;194
1577;1576;248
1578;1575;121
1578;1576;194
1578;1579;191
1579;1578;191
1579;1580;106
1579;1581;226
1579;1582;237
1580;1579;106
1580;1584;276
1581;1579;226
1581;1583;273
1581;1585;197
1582;1579;237
1583;1581;273
1584;1580;276
1584;1586;140
1584;1587;157
1585;1581;197
1586;1584;140
