0;4;734
1;4;144
1;5;159
2;6;357
3;5;237
4;0;734
4;1;144
5;1;159
5;3;237
5;8;117
5;9;222
6;2;357
6;7;360
6;9;156
7;6;360
8;5;117
9;5;222
9;6;156
9;10;116
9;13;281
10;9;116
11;12;236
11;13;159
12;11;236
12;14;562
13;9;281
13;11;159
14;12;562
14;17;157
15;16;102
16;15;102
16;18;151
17;14;157
17;20;136
17;21;291
18;16;151
18;19;145
19;18;145
19;20;125
19;22;367
20;17;136
20;19;125
21;17;291
22;19;367
22;23;333
22;25;317
23;22;333
23;24;335
23;26;147
24;23;335
25;22;317
26;23;147
26;29;316
27;30;243
28;30;160
29;26;316
29;30;147
29;31;282
30;27;243
30;28;160
30;29;147
31;29;282
31;35;223
32;34;277
33;36;240
34;32;277
34;35;212
35;31;223
35;34;212
35;36;248
35;37;142
35;39;360
36;33;240
36;35;248
37;35;142
38;39;474
39;35;360
39;38;474
39;40;121
40;39;121
40;41;180
41;40;180
41;42;236
41;43;245
42;41;236
42;44;211
43;41;245
43;46;106
44;42;211
45;49;156
46;43;106
46;48;262
46;49;240
47;49;150
47;50;126
48;46;262
49;45;156
49;46;240
49;47;150
49;51;162
50;47;126
50;54;222
51;49;162
51;55;296
52;54;560
53;54;317
53;56;255
53;57;310
54;50;222
54;52;560
54;53;317
55;51;296
55;59;361
56;53;255
56;60;243
57;53;310
58;60;411
59;55;361
60;56;243
60;58;411
60;61;203
61;60;203
61;65;306
62;63;313
63;62;313
63;66;141
64;68;342
65;61;306
65;66;150
65;67;203
65;68;154
66;63;141
66;65;150
67;65;203
68;64;342
68;65;154
68;69;194
68;71;252
69;68;194
69;72;307
70;72;285
71;68;252
71;74;385
72;69;307
72;70;285
72;76;289
73;74;427
74;71;385
74;73;427
74;77;369
75;77;188
76;72;289
77;74;369
77;75;188
77;78;265
78;77;265
78;80;284
79;80;327
80;78;284
80;79;327
80;84;158
81;84;429
82;83;375
82;84;152
82;86;306
83;82;375
84;80;158
84;81;429
84;82;152
85;86;288
85;87;357
85;88;103
86;82;306
86;85;288
86;90;274
87;85;357
88;85;103
89;90;230
90;86;274
90;89;230
90;91;456
90;92;178
91;90;456
91;93;367
92;90;178
93;91;367
93;96;169
93;97;116
94;95;345
95;94;345
95;96;189
95;98;167
96;93;169
96;95;189
97;93;116
98;95;167
98;102;118
99;100;115
99;102;230
99;103;331
100;99;115
101;103;211
101;104;119
102;98;118
102;99;230
103;99;331
103;101;211
103;105;351
103;106;343
104;101;119
105;103;351
106;103;343
106;107;148
106;110;165
107;106;148
107;111;266
108;109;642
108;112;119
109;108;642
110;106;165
110;112;218
111;107;266
111;113;226
111;114;122
112;108;119
112;110;218
112;115;142
113;111;226
113;116;191
114;111;122
114;117;262
115;112;142
115;119;428
116;113;191
116;118;290
117;114;262
118;116;290
119;115;428
119;123;574
120;123;210
121;122;158
121;123;345
122;121;158
122;124;479
122;125;339
123;119;574
123;120;210
123;121;345
123;127;177
124;122;479
125;122;339
126;130;150
127;123;177
127;129;388
128;129;286
128;131;210
128;132;469
129;127;388
129;128;286
130;126;150
130;131;301
131;128;210
131;130;301
132;128;469
132;134;198
132;135;153
133;136;173
134;132;198
134;136;401
135;132;153
136;133;173
136;134;401
136;137;335
137;136;335
137;138;105
138;137;105
138;139;210
138;141;148
139;138;210
140;142;169
141;138;148
141;144;232
141;145;183
142;140;169
142;146;135
143;144;406
144;141;232
144;143;406
145;141;183
145;147;299
145;149;160
146;142;135
146;149;201
147;145;299
148;149;422
149;145;160
149;146;201
149;148;422
149;150;328
149;151;180
150;149;328
151;149;180
151;155;214
152;155;180
153;156;157
154;155;103
154;156;232
155;151;214
155;152;180
155;154;103
155;159;255
156;153;157
156;154;232
157;158;221
157;159;362
157;160;299
158;157;221
158;161;396
159;155;255
159;157;362
160;157;299
161;158;396
161;163;161
162;164;111
163;161;161
163;164;280
164;162;111
164;163;280
164;166;303
164;167;286
165;166;374
166;164;303
166;165;374
166;169;246
166;170;267
167;164;286
168;170;299
169;166;246
170;166;267
170;168;299
170;171;255
171;170;255
171;175;206
172;173;108
172;174;345
173;172;108
173;175;261
174;172;345
174;177;288
175;171;206
175;173;261
176;177;234
177;174;288
177;176;234
177;178;105
178;177;105
178;179;178
178;181;334
179;178;178
179;180;213
180;179;213
180;184;135
181;178;334
181;183;188
182;186;104
183;181;188
184;180;135
184;185;107
185;184;107
185;189;259
186;182;104
186;187;148
186;188;328
187;186;148
188;186;328
188;189;111
189;185;259
189;188;111
189;193;160
190;191;146
190;193;143
191;190;146
191;192;132
192;191;132
193;189;160
193;190;143
193;196;115
194;195;141
194;196;437
194;198;169
195;194;141
196;193;115
196;194;437
197;198;164
198;194;169
198;197;164
198;201;215
199;203;317
200;202;495
200;204;201
201;198;215
201;204;141
202;200;495
203;199;317
203;204;146
204;200;201
204;201;141
204;203;146
204;207;120
205;209;385
206;207;175
207;204;120
207;206;175
207;209;127
208;210;203
208;211;208
208;212;232
209;205;385
209;207;127
209;211;246
210;208;203
210;213;269
211;208;208
211;209;246
212;208;232
212;214;446
213;210;269
213;215;102
213;216;203
214;212;446
215;213;102
215;217;200
215;218;422
216;213;203
216;219;260
217;215;200
218;215;422
219;216;260
219;222;136
220;223;112
221;224;334
222;219;136
222;223;376
222;226;287
223;220;112
223;222;376
224;221;334
224;228;216
225;226;195
226;222;287
226;225;195
226;227;246
227;226;246
227;228;118
228;224;216
228;227;118
228;229;215
229;228;215
229;230;266
230;229;266
230;233;272
230;234;254
231;233;174
231;235;306
232;236;313
233;230;272
233;231;174
234;230;254
234;236;219
234;238;253
235;231;306
236;232;313
236;234;219
236;237;299
237;236;299
237;240;223
237;241;205
238;234;253
238;239;233
239;238;233
240;237;223
240;243;180
241;237;205
242;244;551
243;240;180
243;246;258
244;242;551
244;247;234
245;248;431
246;243;258
246;247;294
246;248;175
247;244;234
247;246;294
247;249;231
247;251;267
248;245;431
248;246;175
248;252;369
249;247;231
249;250;219
249;253;118
250;249;219
251;247;267
252;248;369
252;254;294
253;249;118
254;252;294
254;257;351
255;258;148
256;257;342
256;259;249
257;254;351
257;256;342
257;258;110
258;255;148
258;257;110
258;262;267
259;256;249
259;261;242
260;262;213
260;264;104
261;259;242
262;258;267
262;260;213
262;263;371
263;262;371
263;266;284
264;260;104
265;267;107
265;269;273
266;263;284
266;268;135
267;265;107
267;270;333
268;266;135
268;269;356
269;265;273
269;268;356
269;271;175
270;267;333
271;269;175
271;273;268
271;275;219
272;276;138
273;271;268
273;274;212
274;273;212
274;276;367
275;271;219
275;279;230
276;272;138
276;274;367
276;280;151
277;281;236
278;281;269
279;275;230
279;281;204
279;283;104
280;276;151
281;277;236
281;278;269
281;279;204
282;284;151
283;279;104
283;284;210
283;285;291
284;282;151
284;283;210
284;286;112
285;283;291
285;288;200
286;284;112
287;291;130
288;285;200
288;290;254
289;291;216
289;293;350
290;288;254
290;291;252
290;292;317
291;287;130
291;289;216
291;290;252
292;290;317
292;294;323
293;289;350
293;296;188
294;292;323
295;297;329
295;298;156
296;293;188
296;299;329
297;295;329
297;300;146
298;295;156
298;301;102
298;302;238
299;296;329
299;301;352
300;297;146
300;303;345
301;298;102
301;299;352
301;305;174
302;298;238
303;300;345
304;306;336
305;301;174
305;308;167
305;309;156
306;304;336
306;307;119
307;306;119
307;309;307
307;310;202
308;305;167
309;305;156
309;307;307
309;312;180
309;313;124
310;307;202
311;315;263
312;309;180
312;315;361
313;309;124
313;316;211
314;315;315
315;311;263
315;312;361
315;314;315
315;317;118
316;313;211
316;319;114
317;315;118
318;322;252
319;316;114
319;321;297
319;322;183
320;323;254
321;319;297
322;318;252
322;319;183
322;326;320
323;320;254
323;325;304
323;327;121
324;327;112
325;323;304
326;322;320
326;330;244
327;323;121
327;324;112
327;328;188
327;329;234
327;331;155
328;327;188
329;327;234
329;330;146
329;333;278
330;326;244
330;329;146
331;327;155
331;332;177
331;334;282
332;331;177
332;335;362
333;329;278
333;336;302
334;331;282
335;332;362
336;333;302
336;337;270
336;338;468
336;340;104
337;336;270
337;339;299
338;336;468
339;337;299
340;336;104
340;341;129
340;344;179
341;340;129
342;346;328
343;344;168
344;340;179
344;343;168
344;345;306
345;344;306
345;346;192
345;348;198
346;342;328
346;345;192
347;348;131
347;349;102
348;345;198
348;347;131
349;347;102
349;350;278
349;352;312
350;349;278
350;353;206
351;352;150
352;349;312
352;351;150
352;354;257
352;355;289
353;350;206
354;352;257
354;357;172
355;352;289
355;356;336
355;359;118
356;355;336
356;358;482
357;354;172
358;356;482
359;355;118
359;361;187
360;363;102
361;359;187
361;363;158
361;364;159
361;365;143
362;364;111
363;360;102
363;361;158
364;361;159
364;362;111
364;368;161
365;361;143
365;366;152
366;365;152
366;369;117
367;368;107
368;364;161
368;367;107
368;370;131
369;366;117
370;368;131
370;371;167
370;372;179
371;370;167
372;370;179
372;373;337
372;375;367
373;372;337
374;378;139
375;372;367
375;377;281
375;378;186
376;378;353
377;375;281
377;381;360
378;374;139
378;375;186
378;376;353
378;379;313
379;378;313
380;382;197
381;377;360
381;382;203
381;384;287
381;385;118
382;380;197
382;381;203
383;384;292
383;386;150
383;387;303
384;381;287
384;383;292
385;381;118
385;388;251
386;383;150
387;383;303
388;385;251
388;391;321
389;392;218
390;394;575
391;388;321
391;393;334
391;394;226
392;389;218
392;393;183
393;391;334
393;392;183
394;390;575
394;391;226
394;395;392
394;397;182
395;394;392
396;397;119
396;399;368
397;394;182
397;396;119
397;400;415
398;402;266
399;396;368
399;401;114
400;397;415
400;402;164
401;399;114
401;405;288
402;398;266
402;400;164
402;404;234
403;405;442
403;406;343
404;402;234
405;401;288
405;403;442
406;403;343
406;410;319
407;408;295
407;411;154
408;407;295
409;410;248
410;406;319
410;409;248
410;413;279
411;407;154
411;413;270
412;414;101
413;410;279
413;411;270
413;414;259
414;412;101
414;413;259
414;415;290
415;414;290
415;416;262
416;415;262
416;417;362
416;420;182
417;416;362
418;422;385
419;420;136
419;421;126
419;423;380
420;416;182
420;419;136
421;419;126
422;418;385
422;424;144
423;419;380
423;424;102
424;422;144
424;423;102
424;427;214
425;428;420
426;429;127
427;424;214
427;429;150
428;425;420
428;432;166
429;426;127
429;427;150
429;431;124
429;432;156
429;433;183
430;432;258
431;429;124
432;428;166
432;429;156
432;430;258
433;429;183
433;434;266
433;437;226
434;433;266
434;435;209
434;436;305
435;434;209
436;434;305
436;439;383
437;433;226
438;440;138
439;436;383
439;440;168
440;438;138
440;439;168
440;441;265
441;440;265
441;444;407
442;445;166
443;444;209
444;441;407
444;443;209
444;446;491
445;442;166
445;446;299
445;449;141
446;444;491
446;445;299
446;450;114
447;451;279
448;451;229
448;452;212
449;445;141
450;446;114
450;454;142
451;447;279
451;448;229
452;448;212
452;453;240
453;452;240
453;454;164
453;457;195
454;450;142
454;453;164
454;456;107
455;457;208
456;454;107
456;458;329
456;460;332
457;453;195
457;455;208
457;461;379
458;456;329
458;459;321
458;462;119
459;458;321
459;463;354
460;456;332
461;457;379
462;458;119
463;459;354
463;465;472
463;467;263
464;467;153
465;463;472
466;467;418
467;463;263
467;464;153
467;466;418
467;469;163
468;471;490
469;467;163
469;473;284
470;472;132
471;468;490
471;474;296
472;470;132
472;473;203
472;475;229
473;469;284
473;472;203
473;474;125
474;471;296
474;473;125
475;472;229
475;478;490
475;479;240
476;479;101
476;480;115
477;481;318
478;475;490
479;475;240
479;476;101
479;481;106
480;476;115
480;483;528
481;477;318
481;479;106
482;484;107
482;485;405
483;480;528
483;486;241
484;482;107
484;487;371
485;482;405
485;488;104
486;483;241
486;489;106
487;484;371
488;485;104
488;491;162
488;492;327
489;486;106
489;491;141
490;491;416
491;488;162
491;489;141
491;490;416
491;495;437
492;488;327
492;494;178
493;494;272
494;492;178
494;493;272
495;491;437
495;496;311
495;499;134
496;495;311
496;497;254
497;496;254
497;500;154
498;499;222
499;495;134
499;498;222
499;502;157
500;497;154
500;501;145
501;500;145
501;505;158
502;499;157
502;506;143
503;504;277
503;507;148
504;503;277
505;501;158
505;508;233
506;502;143
507;503;148
507;508;113
508;505;233
508;507;113
508;510;260
508;511;242
509;510;176
510;508;260
510;509;176
511;508;242
511;513;165
511;514;321
512;515;293
513;511;165
514;511;321
514;517;183
515;512;293
515;516;220
515;518;198
516;515;220
516;519;205
516;520;345
517;514;183
517;521;259
518;515;198
519;516;205
520;516;345
520;522;172
520;524;184
521;517;259
521;522;166
522;520;172
522;521;166
522;525;450
523;524;198
524;520;184
524;523;198
524;527;430
525;522;450
525;528;202
526;527;203
527;524;430
527;526;203
528;525;202
528;530;400
529;530;182
529;533;106
530;528;400
530;529;182
530;531;216
531;530;216
531;535;123
532;536;197
533;529;106
533;534;348
534;533;348
535;531;123
535;539;195
536;532;197
536;537;215
536;538;323
536;539;105
537;536;215
537;541;291
538;536;323
539;535;195
539;536;105
540;541;100
540;543;231
541;537;291
541;540;100
541;545;209
542;544;368
543;540;231
544;542;368
544;545;274
545;541;209
545;544;274
545;546;174
545;547;231
546;545;174
546;550;140
547;545;231
547;548;347
548;547;347
549;550;318
550;546;140
550;549;318
550;554;132
551;552;115
552;551;115
552;554;283
552;556;308
553;556;406
554;550;132
554;552;283
555;556;495
555;559;263
556;552;308
556;553;406
556;555;495
556;557;162
556;560;215
557;556;162
558;562;119
559;555;263
560;556;215
560;561;283
560;562;278
561;560;283
561;563;344
562;558;119
562;560;278
562;564;135
562;565;237
563;561;344
563;566;195
564;562;135
565;562;237
565;567;168
565;569;220
566;563;195
567;565;168
568;569;289
568;572;238
569;565;220
569;568;289
570;571;221
571;570;221
571;573;120
572;568;238
572;573;169
572;574;179
572;576;112
573;571;120
573;572;169
574;572;179
574;575;385
575;574;385
576;572;112
576;578;106
576;579;225
577;581;175
578;576;106
578;580;274
578;581;114
579;576;225
580;578;274
580;582;238
580;583;504
581;577;175
581;578;114
582;580;238
582;584;293
582;585;102
583;580;504
584;582;293
584;586;213
585;582;102
586;584;213
586;588;156
587;588;119
588;586;156
588;587;119
588;591;233
588;592;107
589;590;185
589;591;114
590;589;185
591;588;233
591;589;114
591;594;284
592;588;107
593;595;265
593;597;209
594;591;284
594;597;246
594;598;391
595;593;265
596;598;167
596;600;111
597;593;209
597;594;246
598;594;391
598;596;167
598;599;228
598;601;252
599;598;228
599;602;200
600;596;111
601;598;252
602;599;200
602;604;340
602;605;236
603;606;452
604;602;340
604;608;326
605;602;236
606;603;452
606;607;125
607;606;125
607;608;178
607;609;345
608;604;326
608;607;178
608;611;351
609;607;345
610;612;338
611;608;351
611;615;449
612;610;338
612;615;197
613;614;241
614;613;241
614;615;295
615;611;449
615;612;197
615;614;295
615;618;373
616;617;238
616;620;272
617;616;238
618;615;373
618;620;285
619;622;170
620;616;272
620;618;285
620;623;339
621;622;267
621;625;216
622;619;170
622;621;267
623;620;339
623;625;167
624;625;545
625;621;216
625;623;167
625;624;545
625;627;371
625;629;166
626;630;217
627;625;371
628;629;245
628;630;152
629;625;166
629;628;245
630;626;217
630;628;152
630;632;148
630;634;230
631;632;205
632;630;148
632;631;205
632;635;276
632;636;233
633;636;376
634;630;230
635;632;276
636;632;233
636;633;376
636;637;177
636;639;204
637;636;177
638;639;239
638;642;177
639;636;204
639;638;239
639;640;163
640;639;163
641;644;148
642;638;177
642;643;149
643;642;149
643;644;278
644;641;148
644;643;278
644;645;332
644;646;320
644;648;266
645;644;332
646;644;320
646;647;232
647;646;232
647;649;126
648;644;266
648;651;234
649;647;126
650;653;219
651;648;234
651;653;120
652;654;160
653;650;219
653;651;120
653;654;119
653;655;367
654;652;160
654;653;119
654;658;195
655;653;367
656;657;140
657;656;140
657;658;106
658;654;195
658;657;106
658;661;266
658;662;306
659;660;476
660;659;476
660;661;216
660;664;171
661;658;266
661;660;216
662;658;306
662;663;429
663;662;429
663;665;372
664;660;171
665;663;372
665;668;378
665;669;421
666;670;252
667;670;419
667;671;136
668;665;378
669;665;421
669;671;188
670;666;252
670;667;419
671;667;136
671;669;188
671;672;494
671;673;227
672;671;494
673;671;227
673;674;210
674;673;210
674;677;455
675;676;193
676;675;193
676;677;425
677;674;455
677;676;425
677;678;118
678;677;118
678;682;229
679;680;163
679;681;302
680;679;163
680;683;421
681;679;302
682;678;229
682;686;404
683;680;421
683;686;231
684;685;194
684;687;216
685;684;194
686;682;404
686;683;231
686;687;117
686;689;185
687;684;216
687;686;117
687;688;158
688;687;158
688;690;139
688;692;248
689;686;185
689;691;204
690;688;139
691;689;204
691;693;233
691;694;127
692;688;248
692;696;357
693;691;233
694;691;127
695;696;308
695;698;102
696;692;357
696;695;308
697;698;114
697;699;218
697;700;131
698;695;102
698;697;114
699;697;218
700;697;131
700;701;160
701;700;160
701;702;155
701;705;101
702;701;155
702;703;254
703;702;254
703;706;306
704;708;224
705;701;101
706;703;306
706;707;169
707;706;169
707;709;206
708;704;224
708;711;269
709;707;206
709;711;110
709;713;296
710;711;411
711;708;269
711;709;110
711;710;411
711;714;134
712;714;259
713;709;296
714;711;134
714;712;259
714;716;287
715;716;355
716;714;287
716;715;355
716;717;200
717;716;200
717;718;149
717;719;177
717;720;129
718;717;149
718;721;175
719;717;177
720;717;129
721;718;175
721;723;211
722;723;182
722;725;204
723;721;211
723;722;182
723;727;254
724;727;329
725;722;204
725;729;222
726;728;177
727;723;254
727;724;329
727;730;181
728;726;177
728;729;176
729;725;222
729;728;176
729;733;168
730;727;181
731;733;109
732;734;440
733;729;168
733;731;109
733;734;189
733;736;177
734;732;440
734;733;189
735;739;327
736;733;177
736;740;190
737;738;130
737;740;130
737;741;377
738;737;130
738;739;255
739;735;327
739;738;255
740;736;190
740;737;130
741;737;377
741;744;126
742;745;117
743;745;131
744;741;126
744;746;257
745;742;117
745;743;131
745;748;218
746;744;257
746;748;132
747;751;112
748;745;218
748;746;132
748;751;132
748;752;109
749;750;400
750;749;400
750;752;266
751;747;112
751;748;132
751;754;149
752;748;109
752;750;266
753;756;256
754;751;149
754;757;262
755;756;237
755;758;169
756;753;256
756;755;237
757;754;262
757;759;264
757;761;184
758;755;169
758;760;166
759;757;264
760;758;166
760;761;246
760;764;183
761;757;184
761;760;246
761;763;199
762;763;204
762;766;132
763;761;199
763;762;204
763;765;182
763;767;268
764;760;183
765;763;182
766;762;132
767;763;268
767;768;196
768;767;196
768;772;267
769;772;194
770;774;505
771;773;106
772;768;267
772;769;194
772;776;256
773;771;106
773;777;160
774;770;505
774;778;188
775;776;260
775;778;247
775;779;310
776;772;256
776;775;260
777;773;160
777;778;231
778;774;188
778;775;247
778;777;231
778;780;165
779;775;310
780;778;165
780;784;104
781;785;249
782;783;293
783;782;293
783;784;225
783;785;113
784;780;104
784;783;225
784;786;145
785;781;249
785;783;113
786;784;145
786;789;103
787;788;107
788;787;107
788;791;252
789;786;103
789;793;103
790;794;441
791;788;252
791;794;147
792;796;132
793;789;103
793;796;240
793;797;223
794;790;441
794;791;147
794;798;218
795;798;326
796;792;132
796;793;240
796;799;325
797;793;223
797;798;101
798;794;218
798;795;326
798;797;101
799;796;325
799;800;178
799;802;465
800;799;178
800;803;468
801;802;255
802;799;465
802;801;255
803;800;468
803;805;303
804;806;220
804;807;173
805;803;303
805;807;239
806;804;220
807;804;173
807;805;239
807;808;175
808;807;175
808;812;182
809;813;111
810;811;409
810;812;117
811;810;409
812;808;182
812;810;117
812;813;194
812;816;164
813;809;111
813;812;194
814;815;122
814;816;134
814;817;117
814;818;189
815;814;122
815;819;213
816;812;164
816;814;134
816;820;247
817;814;117
818;814;189
819;815;213
819;821;141
820;816;247
820;822;483
820;824;258
821;819;141
821;825;163
822;820;483
823;825;234
823;826;248
824;820;258
825;821;163
825;823;234
825;827;143
826;823;248
826;830;304
827;825;143
827;828;188
827;829;278
828;827;188
829;827;278
830;826;304
830;831;162
830;834;294
831;830;162
831;833;239
831;835;346
832;835;313
833;831;239
833;837;156
834;830;294
835;831;346
835;832;313
835;838;337
835;839;474
836;837;421
837;833;156
837;836;421
837;841;215
838;835;337
838;842;165
839;835;474
840;844;520
841;837;215
841;843;122
842;838;165
842;844;179
843;841;122
843;845;144
844;840;520
844;842;179
844;847;447
845;843;144
846;849;264
847;844;447
847;851;140
848;849;281
849;846;264
849;848;281
849;850;157
849;853;144
850;849;157
850;851;236
851;847;140
851;850;236
852;853;537
853;849;144
853;852;537
853;854;160
853;857;209
854;853;160
855;858;370
856;859;364
857;853;209
857;861;369
858;855;370
858;860;157
858;861;146
859;856;364
859;862;172
860;858;157
860;862;185
860;863;183
861;857;369
861;858;146
862;859;172
862;860;185
862;866;106
863;860;183
863;864;160
863;865;270
863;867;183
864;863;160
865;863;270
866;862;106
866;868;248
867;863;183
868;866;248
868;870;264
869;871;105
870;868;264
870;874;142
871;869;105
871;872;236
871;874;170
872;871;236
873;875;334
873;877;111
874;870;142
874;871;170
874;877;134
875;873;334
875;876;128
875;879;315
876;875;128
877;873;111
877;874;134
878;881;135
879;875;315
879;881;296
880;884;156
881;878;135
881;879;296
881;884;341
882;884;248
882;885;248
883;886;343
884;880;156
884;881;341
884;882;248
885;882;248
885;887;417
886;883;343
886;887;294
886;890;183
887;885;417
887;886;294
887;889;262
888;891;207
889;887;262
889;891;302
889;892;113
890;886;183
891;888;207
891;889;302
891;894;132
892;889;113
893;896;228
894;891;132
894;895;112
895;894;112
895;898;278
896;893;228
896;898;297
897;898;107
898;895;278
898;896;297
898;897;107
898;899;183
898;902;429
899;898;183
900;902;328
901;905;100
902;898;429
902;900;328
902;903;200
902;905;118
903;902;200
903;906;107
904;905;240
905;901;100
905;902;118
905;904;240
905;907;284
906;903;107
906;908;270
906;910;231
907;905;284
908;906;270
909;911;201
910;906;231
910;914;210
911;909;201
911;913;106
912;913;151
912;915;103
913;911;106
913;912;151
914;910;210
914;917;222
915;912;103
915;916;116
915;917;136
916;915;116
916;919;110
917;914;222
917;915;136
917;918;172
917;921;295
918;917;172
919;916;110
920;923;147
921;917;295
921;924;184
921;925;194
922;925;335
922;926;122
923;920;147
923;925;105
924;921;184
925;921;194
925;922;335
925;923;105
925;929;606
926;922;122
927;930;157
927;931;183
928;930;345
929;925;606
929;933;416
930;927;157
930;928;345
930;933;195
931;927;183
931;932;316
932;931;316
932;934;493
933;929;416
933;930;195
933;935;201
934;932;493
935;933;201
935;936;362
936;935;362
936;939;374
937;941;162
938;939;243
939;936;374
939;938;243
939;941;127
940;941;243
940;942;191
941;937;162
941;939;127
941;940;243
942;940;191
942;943;168
943;942;168
943;944;104
943;947;105
944;943;104
944;946;478
945;948;128
946;944;478
947;943;105
947;951;250
948;945;128
948;951;439
949;950;435
949;952;108
949;953;179
950;949;435
951;947;250
951;948;439
951;954;143
952;949;108
952;956;307
953;949;179
953;954;279
954;951;143
954;953;279
954;955;313
955;954;313
955;958;310
956;952;307
956;959;178
957;959;176
958;955;310
959;956;178
959;957;176
959;962;253
960;962;204
961;962;126
961;965;121
962;959;253
962;960;204
962;961;126
963;964;272
964;963;272
964;965;171
965;961;121
965;964;171
965;966;269
966;965;269
966;970;151
967;969;408
968;972;117
969;967;408
969;970;139
969;971;240
969;972;109
970;966;151
970;969;139
971;969;240
971;973;284
971;974;143
972;968;117
972;969;109
973;971;284
973;975;304
973;976;279
974;971;143
974;977;161
975;973;304
976;973;279
977;974;161
977;979;244
978;980;397
978;982;177
979;977;244
979;980;106
980;978;397
980;979;106
981;982;415
981;985;199
982;978;177
982;981;415
982;984;123
983;985;154
983;986;108
983;987;437
984;982;123
985;981;199
985;983;154
986;983;108
987;983;437
987;990;162
988;992;291
989;990;280
989;991;253
989;993;150
990;987;162
990;989;280
991;989;253
991;994;134
992;988;291
992;993;264
993;989;150
993;992;264
994;991;134
994;995;219
995;994;219
995;998;196
996;999;348
997;998;297
997;1001;265
998;995;196
998;997;297
998;999;267
998;1000;120
999;996;348
999;998;267
1000;998;120
1001;997;265
1001;1003;239
1002;1005;325
1003;1001;239
1003;1007;153
1004;1006;126
1005;1002;325
1005;1006;159
1005;1007;169
1006;1004;126
1006;1005;159
1006;1009;382
1007;1003;153
1007;1005;169
1008;1009;291
1008;1010;159
1008;1011;186
1009;1006;382
1009;1008;291
1009;1012;254
1010;1008;159
1010;1013;252
1011;1008;186
1011;1014;287
1012;1009;254
1013;1010;252
1014;1011;287
1014;1015;227
1014;1018;402
1015;1014;227
1015;1017;128
1016;1020;364
1017;1015;128
1017;1019;254
1018;1014;402
1019;1017;254
1019;1020;115
1019;1022;271
1020;1016;364
1020;1019;115
1021;1022;129
1022;1019;271
1022;1021;129
1022;1023;150
1023;1022;150
1023;1024;268
1023;1025;444
1023;1026;284
1024;1023;268
1025;1023;444
1025;1028;127
1026;1023;284
1027;1028;263
1028;1025;127
1028;1027;263
1028;1031;119
1029;1030;488
1030;1029;488
1030;1032;376
1031;1028;119
1031;1032;266
1031;1033;144
1032;1030;376
1032;1031;266
1032;1036;192
1033;1031;144
1034;1035;198
1034;1037;296
1034;1038;108
1035;1034;198
1035;1036;116
1036;1032;192
1036;1035;116
1036;1039;261
1037;1034;296
1037;1040;324
1038;1034;108
1039;1036;261
1040;1037;324
1040;1042;211
1040;1044;397
1041;1044;383
1042;1040;211
1043;1044;360
1044;1040;397
1044;1041;383
1044;1043;360
1044;1045;169
1045;1044;169
1045;1047;331
1046;1050;341
1047;1045;331
1047;1049;261
1048;1050;342
1049;1047;261
1049;1051;142
1049;1053;304
1050;1046;341
1050;1048;342
1050;1054;210
1051;1049;142
1051;1054;106
1052;1055;124
1053;1049;304
1053;1056;240
1054;1050;210
1054;1051;106
1054;1055;316
1055;1052;124
1055;1054;316
1056;1053;240
1056;1057;108
1056;1059;108
1056;1060;134
1057;1056;108
1057;1061;286
1058;1062;363
1059;1056;108
1059;1063;232
1060;1056;134
1061;1057;286
1062;1058;363
1062;1066;283
1063;1059;232
1063;1065;393
1063;1067;160
1064;1066;156
1064;1067;145
1065;1063;393
1066;1062;283
1066;1064;156
1066;1070;209
1067;1063;160
1067;1064;145
1067;1068;250
1067;1071;176
1068;1067;250
1068;1069;127
1069;1068;127
1069;1072;145
1070;1066;209
1071;1067;176
1071;1073;207
1072;1069;145
1072;1074;269
1073;1071;207
1073;1077;203
1074;1072;269
1075;1077;276
1075;1078;192
1075;1079;192
1076;1078;201
1077;1073;203
1077;1075;276
1078;1075;192
1078;1076;201
1078;1081;156
1079;1075;192
1079;1082;105
1080;1081;281
1081;1078;156
1081;1080;281
1081;1084;151
1082;1079;105
1083;1084;210
1084;1081;151
1084;1083;210
1084;1085;315
1084;1087;140
1085;1084;315
1086;1087;139
1087;1084;140
1087;1086;139
1087;1088;174
1088;1087;174
1088;1090;197
1088;1091;298
1089;1090;262
1089;1093;247
1090;1088;197
1090;1089;262
1091;1088;298
1092;1094;182
1093;1089;247
1093;1094;151
1094;1092;182
1094;1093;151
1094;1097;310
1095;1096;218
1095;1098;236
1095;1099;226
1096;1095;218
1097;1094;310
1097;1099;150
1098;1095;236
1099;1095;226
1099;1097;150
1099;1103;385
1100;1101;139
1101;1100;139
1101;1103;207
1102;1103;127
1103;1099;385
1103;1101;207
1103;1102;127
1103;1104;143
1104;1103;143
1104;1108;145
1105;1107;207
1106;1108;172
1106;1109;166
1107;1105;207
1107;1108;131
1108;1104;145
1108;1106;172
1108;1107;131
1108;1112;244
1109;1106;166
1109;1113;120
1110;1112;202
1111;1114;289
1111;1115;175
1112;1108;244
1112;1110;202
1112;1114;151
1113;1109;120
1113;1117;252
1114;1111;289
1114;1112;151
1115;1111;175
1115;1119;182
1116;1118;166
1117;1113;252
1117;1118;306
1118;1116;166
1118;1117;306
1119;1115;182
1119;1120;212
1119;1122;151
1120;1119;212
1120;1123;112
1120;1124;265
1121;1123;149
1122;1119;151
1123;1120;112
1123;1121;149
1123;1125;492
1124;1120;265
1124;1127;509
1125;1123;492
1126;1130;499
1127;1124;509
1127;1129;251
1128;1129;302
1128;1132;317
1129;1127;251
1129;1128;302
1130;1126;499
1130;1131;128
1130;1133;131
1130;1134;149
1131;1130;128
1131;1132;126
1131;1135;154
1132;1128;317
1132;1131;126
1133;1130;131
1133;1136;124
1134;1130;149
1135;1131;154
1135;1137;258
1136;1133;124
1137;1135;258
1137;1139;162
1138;1139;189
1139;1137;162
1139;1138;189
1139;1141;161
1140;1143;326
1141;1139;161
1141;1145;250
1142;1143;269
1143;1140;326
1143;1142;269
1143;1147;163
1144;1145;122
1144;1147;159
1144;1148;344
1145;1141;250
1145;1144;122
1145;1146;159
1145;1149;209
1146;1145;159
1147;1143;163
1147;1144;159
1147;1150;193
1148;1144;344
1149;1145;209
1149;1153;256
1150;1147;193
1151;1153;155
1152;1153;205
1152;1154;182
1153;1149;256
1153;1151;155
1153;1152;205
1154;1152;182
1154;1156;173
1155;1156;292
1155;1158;136
1156;1154;173
1156;1155;292
1156;1160;187
1157;1161;301
1158;1155;136
1158;1159;273
1159;1158;273
1160;1156;187
1160;1163;251
1161;1157;301
1161;1162;457
1162;1161;457
1162;1166;132
1163;1160;251
1163;1164;113
1163;1167;201
1164;1163;113
1164;1165;129
1165;1164;129
1165;1166;257
1165;1169;212
1166;1162;132
1166;1165;257
1167;1163;201
1167;1170;259
1168;1171;246
1169;1165;212
1170;1167;259
1170;1171;151
1170;1173;105
1171;1168;246
1171;1170;151
1172;1174;148
1173;1170;105
1173;1176;117
1173;1177;126
1174;1172;148
1174;1175;129
1174;1177;140
1175;1174;129
1175;1179;136
1176;1173;117
1177;1173;126
1177;1174;140
1178;1181;271
1178;1182;190
1179;1175;136
1179;1182;106
1180;1181;264
1180;1183;111
1181;1178;271
1181;1180;264
1182;1178;190
1182;1179;106
1182;1184;252
1183;1180;111
1184;1182;252
1184;1185;221
1184;1187;285
1185;1184;221
1186;1189;519
1187;1184;285
1187;1189;329
1188;1190;378
1189;1186;519
1189;1187;329
1189;1191;252
1190;1188;378
1190;1191;162
1191;1189;252
1191;1190;162
1191;1192;241
1192;1191;241
1192;1194;121
1192;1196;206
1193;1194;125
1194;1192;121
1194;1193;125
1195;1196;188
1195;1198;149
1196;1192;206
1196;1195;188
1197;1198;152
1197;1199;278
1197;1200;201
1198;1195;149
1198;1197;152
1199;1197;278
1199;1203;123
1200;1197;201
1200;1201;551
1200;1202;223
1201;1200;551
1202;1200;223
1202;1204;398
1202;1205;175
1202;1206;197
1203;1199;123
1204;1202;398
1205;1202;175
1206;1202;197
1206;1208;458
1207;1211;210
1208;1206;458
1208;1211;213
1208;1212;202
1209;1212;297
1210;1211;203
1210;1213;189
1211;1207;210
1211;1208;213
1211;1210;203
1211;1214;123
1212;1208;202
1212;1209;297
1213;1210;189
1214;1211;123
1214;1215;193
1215;1214;193
1215;1218;225
1216;1219;140
1217;1219;199
1218;1215;225
1218;1219;205
1218;1220;366
1219;1216;140
1219;1217;199
1219;1218;205
1220;1218;366
1220;1224;270
1221;1224;326
1222;1224;115
1222;1225;183
1223;1226;162
1224;1220;270
1224;1221;326
1224;1222;115
1224;1227;323
1225;1222;183
1226;1223;162
1226;1228;254
1227;1224;323
1227;1231;272
1228;1226;254
1228;1231;193
1228;1232;127
1229;1233;379
1230;1231;330
1230;1233;108
1231;1227;272
1231;1228;193
1231;1230;330
1232;1228;127
1232;1235;206
1233;1229;379
1233;1230;108
1233;1236;106
1234;1235;219
1234;1237;370
1235;1232;206
1235;1234;219
1236;1233;106
1237;1234;370
1237;1241;170
1238;1241;296
1239;1240;327
1240;1239;327
1240;1241;340
1240;1243;366
1241;1237;170
1241;1238;296
1241;1240;340
1241;1242;123
1242;1241;123
1243;1240;366
1243;1244;157
1243;1246;197
1244;1243;157
1244;1247;105
1245;1246;158
1246;1243;197
1246;1245;158
1247;1244;105
1247;1249;219
1248;1251;423
1249;1247;219
1249;1250;253
1250;1249;253
1250;1251;288
1251;1248;423
1251;1250;288
1251;1254;168
1252;1253;161
1252;1256;100
1253;1252;161
1253;1255;249
1254;1251;168
1254;1255;219
1255;1253;249
1255;1254;219
1255;1258;106
1256;1252;100
1257;1258;155
1257;1259;493
1257;1261;104
1258;1255;106
1258;1257;155
1258;1260;337
1259;1257;493
1260;1258;337
1260;1263;334
1261;1257;104
1261;1265;307
1262;1264;114
1263;1260;334
1264;1262;114
1264;1266;182
1264;1268;277
1265;1261;307
1265;1266;151
1266;1264;182
1266;1265;151
1266;1270;211
1267;1270;277
1268;1264;277
1268;1272;122
1269;1270;236
1269;1271;343
1269;1273;208
1270;1266;211
1270;1267;277
1270;1269;236
1270;1274;259
1271;1269;343
1271;1275;461
1272;1268;122
1273;1269;208
1274;1270;259
1275;1271;461
1275;1276;465
1276;1275;465
1276;1278;252
1277;1279;272
1278;1276;252
1278;1279;318
1278;1280;311
1279;1277;272
1279;1278;318
1280;1278;311
1280;1284;158
1281;1283;337
1281;1284;291
1282;1286;418
1283;1281;337
1284;1280;158
1284;1281;291
1284;1287;265
1285;1286;191
1285;1288;417
1286;1282;418
1286;1285;191
1286;1289;222
1287;1284;265
1287;1288;190
1288;1285;417
1288;1287;190
1289;1286;222
1289;1291;120
1290;1291;177
1290;1293;190
1291;1289;120
1291;1290;177
1291;1294;255
1292;1295;169
1293;1290;190
1293;1296;140
1294;1291;255
1294;1295;249
1295;1292;169
1295;1294;249
1295;1299;139
1296;1293;140
1297;1298;202
1297;1301;205
1298;1297;202
1299;1295;139
1299;1300;103
1299;1302;199
1299;1303;159
1300;1299;103
1301;1297;205
1301;1305;142
1302;1299;199
1302;1305;201
1303;1299;159
1303;1307;126
1304;1308;211
1305;1301;142
1305;1302;201
1306;1307;555
1307;1303;126
1307;1306;555
1307;1311;143
1308;1304;211
1308;1312;123
1309;1312;173
1310;1312;310
1311;1307;143
1311;1312;104
1312;1308;123
1312;1309;173
1312;1310;310
1312;1311;104
1312;1315;256
1313;1316;437
1314;1317;182
1315;1312;256
1315;1319;322
1316;1313;437
1316;1317;241
1316;1319;322
1317;1314;182
1317;1316;241
1318;1319;423
1318;1320;244
1319;1315;322
1319;1316;322
1319;1318;423
1319;1323;429
1320;1318;244
1320;1321;119
1320;1322;339
1321;1320;119
1322;1320;339
1322;1324;410
1323;1319;429
1323;1326;305
1323;1327;289
1324;1322;410
1325;1326;331
1326;1323;305
1326;1325;331
1326;1329;179
1327;1323;289
1327;1331;287
1328;1329;265
1328;1332;358
1329;1326;179
1329;1328;265
1329;1330;367
1330;1329;367
1331;1327;287
1332;1328;358
1332;1333;113
1333;1332;113
1333;1335;302
1333;1336;268
1334;1335;197
1335;1333;302
1335;1334;197
1336;1333;268
1336;1337;139
1336;1338;209
1336;1340;389
1337;1336;139
1338;1336;209
1338;1342;473
1339;1340;351
1340;1336;389
1340;1339;351
1340;1341;208
1340;1343;263
1341;1340;208
1342;1338;473
1343;1340;263
1343;1344;255
1344;1343;255
1344;1345;200
1344;1346;282
1345;1344;200
1346;1344;282
1346;1349;107
1346;1350;442
1347;1350;286
1348;1350;177
1349;1346;107
1349;1351;373
1350;1346;442
1350;1347;286
1350;1348;177
1350;1352;209
1351;1349;373
1351;1353;403
1352;1350;209
1353;1351;403
1353;1354;443
1353;1355;296
1354;1353;443
1354;1357;148
1355;1353;296
1356;1359;433
1357;1354;148
1357;1359;345
1358;1359;210
1358;1362;267
1359;1356;433
1359;1357;345
1359;1358;210
1359;1361;229
1360;1362;246
1361;1359;229
1361;1364;203
1361;1365;128
1362;1358;267
1362;1360;246
1363;1365;222
1364;1361;203
1364;1368;278
1365;1361;128
1365;1363;222
1365;1366;171
1365;1369;112
1366;1365;171
1367;1368;233
1367;1371;109
1368;1364;278
1368;1367;233
1369;1365;112
1369;1370;369
1370;1369;369
1370;1374;112
1371;1367;109
1372;1373;166
1372;1376;131
1373;1372;166
1373;1374;137
1373;1375;259
1374;1370;112
1374;1373;137
1374;1377;110
1375;1373;259
1376;1372;131
1377;1374;110
1377;1378;224
1377;1380;156
1377;1381;196
1378;1377;224
1378;1379;303
1379;1378;303
1380;1377;156
1381;1377;196
1381;1382;141
1382;1381;141
1382;1384;207
1383;1384;279
1383;1387;162
1384;1382;207
1384;1383;279
1385;1386;163
1386;1385;163
1386;1388;193
1387;1383;162
1387;1388;210
1387;1390;237
1387;1391;215
1388;1386;193
1388;1387;210
1388;1389;112
1389;1388;112
1389;1392;362
1390;1387;237
1390;1394;311
1391;1387;215
1391;1393;163
1392;1389;362
1393;1391;163
1393;1397;406
1394;1390;311
1394;1396;340
1395;1398;254
1396;1394;340
1397;1393;406
1397;1399;200
1397;1401;268
1398;1395;254
1398;1401;166
1399;1397;200
1399;1400;259
1400;1399;259
1400;1404;173
1401;1397;268
1401;1398;166
1402;1406;141
1403;1405;201
1403;1406;259
1404;1400;173
1404;1405;339
1405;1403;201
1405;1404;339
1406;1402;141
1406;1403;259
1406;1408;397
1406;1409;196
1406;1410;118
1407;1411;128
1408;1406;397
1409;1406;196
1409;1411;103
1410;1406;118
1411;1407;128
1411;1409;103
1411;1414;132
1411;1415;216
1412;1414;111
1412;1416;116
1413;1414;264
1414;1411;132
1414;1412;111
1414;1413;264
1414;1417;193
1415;1411;216
1416;1412;116
1417;1414;193
1417;1418;160
1418;1417;160
1418;1420;199
1419;1420;244
1420;1418;199
1420;1419;244
1420;1422;101
1421;1424;364
1422;1420;101
1422;1423;246
1422;1424;290
1423;1422;246
1423;1425;159
1424;1421;364
1424;1422;290
1425;1423;159
1425;1426;257
1425;1427;148
1426;1425;257
1427;1425;148
1427;1430;120
1428;1429;343
1429;1428;343
1429;1433;332
1430;1427;120
1430;1434;300
1431;1432;158
1431;1433;237
1432;1431;158
1432;1436;278
1433;1429;332
1433;1431;237
1434;1430;300
1434;1436;341
1435;1437;258
1435;1438;106
1436;1432;278
1436;1434;341
1436;1438;118
1436;1439;333
1437;1435;258
1437;1441;325
1438;1435;106
1438;1436;118
1439;1436;333
1440;1442;296
1441;1437;325
1441;1442;190
1441;1443;207
1442;1440;296
1442;1441;190
1442;1444;192
1442;1446;310
1443;1441;207
1443;1445;161
1444;1442;192
1444;1448;204
1445;1443;161
1446;1442;310
1446;1447;171
1447;1446;171
1447;1451;222
1448;1444;204
1449;1450;166
1449;1453;263
1450;1449;166
1451;1447;222
1451;1455;105
1452;1456;395
1453;1449;263
1453;1454;156
1454;1453;156
1454;1455;177
1455;1451;105
1455;1454;177
1455;1458;273
1456;1452;395
1456;1457;106
1457;1456;106
1457;1460;221
1457;1461;216
1458;1455;273
1458;1460;131
1459;1460;109
1460;1457;221
1460;1458;131
1460;1459;109
1461;1457;216
1461;1465;300
1462;1463;214
1463;1462;214
1463;1464;264
1464;1463;264
1464;1465;234
1464;1466;436
1465;1461;300
1465;1464;234
1465;1469;184
1466;1464;436
1467;1469;230
1468;1471;131
1469;1465;184
1469;1467;230
1469;1470;162
1469;1473;225
1470;1469;162
1470;1471;237
1471;1468;131
1471;1470;237
1471;1472;207
1472;1471;207
1472;1476;159
1473;1469;225
1474;1477;100
1474;1478;609
1475;1477;133
1476;1472;159
1476;1479;349
1477;1474;100
1477;1475;133
1477;1481;344
1478;1474;609
1479;1476;349
1479;1482;224
1480;1483;101
1481;1477;344
1481;1482;187
1482;1479;224
1482;1481;187
1482;1483;265
1483;1480;101
1483;1482;265
1483;1484;302
1483;1486;315
1484;1483;302
1484;1487;339
1485;1486;233
1486;1483;315
1486;1485;233
1486;1489;140
1487;1484;339
1488;1489;329
1488;1490;107
1488;1491;317
1489;1486;140
1489;1488;329
1490;1488;107
1490;1493;345
1491;1488;317
1492;1493;250
1493;1490;345
1493;1492;250
1493;1494;268
1494;1493;268
1494;1498;173
1495;1496;209
1495;1498;180
1496;1495;209
1497;1498;350
1498;1494;173
1498;1495;180
1498;1497;350
1498;1500;160
1498;1501;232
1499;1501;396
1499;1502;112
1500;1498;160
1501;1498;232
1501;1499;396
1501;1503;159
1502;1499;112
1503;1501;159
1503;1505;173
1504;1506;140
1504;1507;142
1505;1503;173
1505;1507;131
1506;1504;140
1506;1509;358
1507;1504;142
1507;1505;131
1507;1508;340
1507;1511;319
1508;1507;340
1509;1506;358
1509;1510;144
1510;1509;144
1511;1507;319
1511;1513;297
1512;1515;279
1513;1511;297
1513;1516;378
1514;1515;161
1515;1512;279
1515;1514;161
1515;1519;315
1516;1513;378
1516;1519;162
1517;1519;121
1517;1521;139
1518;1519;144
1519;1515;315
1519;1516;162
1519;1517;121
1519;1518;144
1520;1524;471
1521;1517;139
1521;1524;278
1522;1523;324
1522;1524;104
1523;1522;324
1523;1526;464
1524;1520;471
1524;1521;278
1524;1522;104
1524;1527;183
1524;1528;174
1525;1529;446
1526;1523;464
1527;1524;183
1527;1531;249
1528;1524;174
1528;1529;248
1528;1532;106
1529;1525;446
1529;1528;248
1530;1533;192
1531;1527;249
1531;1533;245
1532;1528;106
1532;1535;215
1533;1530;192
1533;1531;245
1534;1538;342
1535;1532;215
1535;1538;133
1536;1539;296
1536;1540;104
1537;1538;330
1537;1540;139
1538;1534;342
1538;1535;133
1538;1537;330
1538;1541;199
1539;1536;296
1540;1536;104
1540;1537;139
1540;1544;231
1541;1538;199
1542;1543;106
1543;1542;106
1543;1544;120
1543;1545;138
1544;1540;231
1544;1543;120
1544;1548;368
1545;1543;138
1546;1549;249
1547;1548;316
1548;1544;368
1548;1547;316
1548;1549;200
1548;1551;162
1549;1546;249
1549;1548;200
1550;1554;207
1551;1548;162
1551;1553;407
1552;1554;127
1553;1551;407
1553;1554;193
1553;1556;215
1553;1557;101
1554;1550;207
1554;1552;127
1554;1553;193
1555;1558;134
1556;1553;215
1557;1553;101
1557;1560;264
1557;1561;261
1558;1555;134
1558;1561;331
1558;1562;192
1559;1561;248
1560;1557;264
1561;1557;261
1561;1558;331
1561;1559;248
1561;1565;293
1562;1558;192
1562;1564;156
1563;1564;185
1564;1562;156
1564;1563;185
1565;1561;293
1565;1569;217
1566;1567;381
1567;1566;381
1567;1568;165
1567;1569;161
1567;1570;325
1567;1571;185
1568;1567;165
1569;1565;217
1569;1567;161
1570;1567;325
1570;1572;289
1571;1567;185
1571;1574;320
1572;1570;289
1572;1575;118
1573;1575;210
1573;1577;277
1574;1571;320
1575;1572;118
1575;1573;210
1575;1576;145
1576;1575;145
1576;1579;255
1577;1573;277
1577;1578;171
1578;1577;171
1579;1576;255
1579;1581;211
1580;1582;229
1581;1579;211
1581;1584;346
1582;1580;229
1582;1584;186
1583;1584;252
1583;1586;442
1584;1581;346
1584;1582;186
1584;1583;252
1584;1587;103
1585;1588;185
1586;1583;442
1587;1584;103
1587;1588;204
