0;2;221
0;3;540
1;5;181
2;0;221
3;0;540
3;5;194
4;7;411
5;1;181
5;3;194
5;6;237
5;9;206
6;5;237
6;8;347
7;4;411
7;9;220
7;11;197
8;6;347
9;5;206
9;7;220
10;11;256
10;14;282
11;7;197
11;10;256
11;12;421
12;11;421
13;14;172
13;15;153
14;10;282
14;13;172
15;13;153
15;19;464
16;18;114
16;19;316
17;18;147
18;16;114
18;17;147
19;15;464
19;16;316
19;23;341
20;23;122
21;23;334
22;26;207
23;19;341
23;20;122
23;21;334
23;25;234
24;26;487
25;23;234
25;28;274
26;22;207
26;24;487
26;27;241
27;26;241
27;28;238
27;31;158
28;25;274
28;27;238
29;30;131
30;29;131
30;31;129
31;27;158
31;30;129
31;33;274
32;35;174
33;31;274
33;36;232
34;36;409
35;32;174
35;38;314
36;33;232
36;34;409
36;39;182
37;38;163
37;41;170
38;35;314
38;37;163
38;40;304
38;42;252
39;36;182
39;41;127
40;38;304
41;37;170
41;39;127
41;43;195
41;45;369
42;38;252
42;46;179
43;41;195
44;47;313
45;41;369
46;42;179
46;47;127
46;48;434
47;44;313
47;46;127
48;46;434
48;49;289
49;48;289
49;51;292
50;51;328
51;49;292
51;50;328
51;55;146
52;54;282
53;55;187
53;56;175
53;57;261
54;52;282
54;57;194
54;58;345
55;51;146
55;53;187
56;53;175
57;53;261
57;54;194
57;61;121
58;54;345
58;62;307
59;60;315
59;61;142
60;59;315
60;63;410
61;57;121
61;59;142
61;65;268
62;58;307
63;60;410
64;68;309
65;61;268
65;69;232
66;70;373
67;68;181
67;69;346
68;64;309
68;67;181
69;65;232
69;67;346
69;70;111
69;71;101
69;72;239
70;66;373
70;69;111
71;69;101
72;69;239
72;74;150
73;74;241
73;75;163
74;72;150
74;73;241
74;76;155
75;73;163
75;79;113
76;74;155
76;80;231
77;81;355
78;79;264
79;75;113
79;78;264
80;76;231
80;82;171
81;77;355
81;83;189
82;80;171
82;83;142
83;81;189
83;82;142
83;85;421
84;85;354
85;83;421
85;84;354
85;89;162
86;89;215
86;90;454
87;88;341
87;89;282
88;87;341
89;85;162
89;86;215
89;87;282
90;86;454
90;92;403
91;92;323
92;90;403
92;91;323
92;94;174
92;95;132
93;97;283
94;92;174
95;92;132
95;97;357
96;97;117
97;93;283
97;95;357
97;96;117
97;99;110
97;101;166
98;102;180
99;97;110
99;102;126
99;103;169
100;101;276
101;97;166
101;100;276
101;105;186
102;98;180
102;99;126
103;99;169
103;107;101
104;108;185
105;101;186
106;107;160
107;103;101
107;106;160
107;111;159
108;104;185
108;109;297
109;108;297
109;110;171
110;109;171
110;113;182
111;107;159
111;113;229
112;113;125
112;114;337
112;115;131
113;110;182
113;111;229
113;112;125
113;116;412
114;112;337
115;112;131
116;113;412
116;119;390
116;120;289
117;118;288
118;117;288
118;120;237
118;122;298
119;116;390
120;116;289
120;118;237
120;123;266
121;124;328
122;118;298
122;126;450
123;120;266
124;121;328
124;126;272
124;128;351
125;129;184
126;122;450
126;124;272
127;131;304
128;124;351
128;129;204
129;125;184
129;128;204
129;130;230
130;129;230
130;131;342
131;127;304
131;130;342
131;132;382
132;131;382
132;134;165
133;136;318
134;132;165
134;135;208
134;138;148
135;134;208
135;136;168
135;139;275
136;133;318
136;135;168
137;140;233
138;134;148
138;140;199
139;135;275
140;137;233
140;138;199
140;143;245
140;144;198
141;145;286
142;145;318
142;146;318
143;140;245
143;145;258
144;140;198
144;148;243
145;141;286
145;142;318
145;143;258
146;142;318
147;149;380
148;144;243
148;151;360
149;147;380
149;153;289
150;153;155
151;148;360
151;152;121
152;151;121
152;153;201
153;149;289
153;150;155
153;152;201
153;154;274
153;155;288
154;153;274
154;156;263
155;153;288
155;159;246
156;154;263
157;159;276
158;160;241
159;155;246
159;157;276
159;160;163
159;161;381
160;158;241
160;159;163
160;162;209
161;159;381
162;160;209
162;166;320
163;164;302
164;163;302
164;167;214
165;167;335
166;162;320
166;168;319
167;164;214
167;165;335
167;171;204
168;166;319
168;171;161
169;171;213
170;172;373
171;167;204
171;168;161
171;169;213
171;172;268
171;173;158
172;170;373
172;171;268
172;174;142
173;171;158
174;172;142
174;175;166
174;178;110
175;174;166
175;176;126
175;177;604
176;175;126
177;175;604
178;174;110
178;180;225
179;182;260
180;178;225
180;184;126
181;183;159
182;179;260
182;184;191
182;186;249
183;181;159
183;184;106
184;180;126
184;182;191
184;183;106
184;187;414
185;189;109
186;182;249
187;184;414
187;188;177
188;187;177
188;189;204
188;192;339
189;185;109
189;188;204
190;191;151
190;193;256
190;194;252
191;190;151
192;188;339
192;194;351
192;195;301
193;190;256
193;197;187
194;190;252
194;192;351
195;192;301
196;198;357
196;199;267
197;193;187
197;199;298
198;196;357
198;201;200
199;196;267
199;197;298
200;203;363
201;198;200
201;202;172
201;203;249
202;201;172
203;200;363
203;201;249
203;204;122
204;203;122
204;208;273
205;206;143
205;208;207
205;209;165
206;205;143
207;211;212
208;204;273
208;205;207
209;205;165
209;211;361
210;213;200
211;207;212
211;209;361
211;212;278
211;215;151
212;211;278
213;210;200
213;214;118
213;215;104
213;217;583
214;213;118
214;218;100
215;211;151
215;213;104
216;219;340
216;220;257
217;213;583
218;214;100
218;220;233
219;216;340
219;221;300
220;216;257
220;218;233
221;219;300
221;222;140
222;221;140
222;225;249
223;225;174
224;226;189
225;222;249
225;223;174
225;226;235
226;224;189
226;225;235
226;228;260
227;228;257
227;229;191
228;226;260
228;227;257
228;232;107
229;227;191
229;230;329
230;229;329
231;234;378
232;228;107
232;233;176
232;234;378
233;232;176
234;231;378
234;232;378
234;236;205
235;236;310
235;239;317
236;234;205
236;235;310
236;237;140
237;236;140
238;240;155
239;235;317
239;240;124
240;238;155
240;239;124
240;243;277
241;244;139
242;243;166
242;244;111
243;240;277
243;242;166
243;247;621
244;241;139
244;242;111
244;245;137
244;248;232
245;244;137
245;249;105
246;249;187
247;243;621
248;244;232
248;250;219
249;245;105
249;246;187
249;252;301
250;248;219
250;253;146
251;254;281
252;249;301
252;255;284
253;250;146
254;251;281
254;258;104
255;252;284
255;258;159
255;259;207
256;260;221
257;258;303
258;254;104
258;255;159
258;257;303
258;260;156
258;261;103
259;255;207
260;256;221
260;258;156
260;263;222
261;258;103
261;265;137
262;264;317
263;260;222
263;264;380
264;262;317
264;263;380
265;261;137
265;266;206
265;269;239
266;265;206
266;267;295
266;270;100
267;266;295
268;271;190
269;265;239
270;266;100
270;271;146
271;268;190
271;270;146
271;274;317
272;275;134
272;276;138
273;276;311
274;271;317
274;277;324
275;272;134
276;272;138
276;273;311
276;278;174
276;279;108
276;280;242
277;274;324
277;281;145
278;276;174
278;281;108
279;276;108
280;276;242
281;277;145
281;278;108
281;285;133
282;284;147
282;285;238
283;286;107
284;282;147
284;286;156
285;281;133
285;282;238
286;283;107
286;284;156
286;288;155
287;288;196
288;286;155
288;287;196
288;290;141
289;292;147
290;288;141
290;293;103
291;292;242
292;289;147
292;291;242
292;293;231
292;296;290
293;290;103
293;292;231
293;294;178
294;293;178
294;297;219
295;297;108
295;298;184
296;292;290
296;300;106
297;294;219
297;295;108
298;295;184
298;299;139
299;298;139
299;301;169
299;303;120
300;296;106
300;304;366
301;299;169
302;306;163
303;299;120
303;305;454
304;300;366
304;308;380
305;303;454
306;302;163
306;310;266
307;309;301
308;304;380
308;311;175
309;307;301
309;310;187
309;311;238
310;306;266
310;309;187
311;308;175
311;309;238
311;312;265
311;315;301
312;311;265
313;314;108
313;315;198
314;313;108
315;311;301
315;313;198
315;319;165
316;319;450
317;321;227
318;319;178
318;321;100
318;322;245
319;315;165
319;316;450
319;318;178
320;323;339
321;317;227
321;318;100
321;325;384
322;318;245
323;320;339
323;324;446
324;323;446
324;327;270
325;321;384
325;327;155
326;327;252
327;324;270
327;325;155
327;326;252
327;331;100
328;332;134
329;331;212
329;332;238
329;333;169
330;333;135
331;327;100
331;329;212
332;328;134
332;329;238
333;329;169
333;330;135
333;334;141
334;333;141
334;335;157
334;337;133
335;334;157
335;339;167
336;337;119
337;334;133
337;336;119
337;340;281
338;340;110
338;341;500
338;342;422
339;335;167
340;337;281
340;338;110
341;338;500
341;343;570
342;338;422
343;341;570
343;345;297
344;347;176
344;348;159
345;343;297
345;349;156
346;347;138
347;344;176
347;346;138
348;344;159
348;349;201
349;345;156
349;348;201
349;352;237
350;352;190
350;354;298
351;353;244
351;354;114
352;349;237
352;350;190
353;351;244
353;355;147
354;350;298
354;351;114
354;356;281
355;353;147
355;359;275
356;354;281
356;358;119
357;360;318
358;356;119
358;362;262
359;355;275
359;360;256
359;361;281
360;357;318
360;359;256
360;363;503
360;364;299
361;359;281
362;358;262
362;366;237
363;360;503
364;360;299
364;367;239
364;368;209
365;369;240
366;362;237
367;364;239
367;369;170
368;364;209
369;365;240
369;367;170
369;371;171
369;372;128
370;373;226
371;369;171
371;373;140
372;369;128
372;376;437
373;370;226
373;371;140
374;378;421
375;378;388
376;372;437
376;379;325
376;380;403
377;378;203
377;379;164
378;374;421
378;375;388
378;377;203
379;376;325
379;377;164
379;381;170
380;376;403
381;379;170
381;382;499
381;384;247
382;381;499
383;385;224
384;381;247
384;387;104
384;388;271
385;383;224
385;386;114
385;389;307
386;385;114
386;390;291
387;384;104
388;384;271
388;390;199
388;392;206
389;385;307
390;386;291
390;388;199
390;393;223
390;394;327
391;393;400
392;388;206
393;390;223
393;391;400
393;395;288
393;397;230
394;390;327
395;393;288
395;396;151
396;395;151
396;400;121
397;393;230
398;399;224
399;398;224
399;401;253
399;403;215
400;396;121
400;401;142
401;399;253
401;400;142
401;402;107
402;401;107
402;406;265
403;399;215
403;405;284
404;405;444
404;408;193
405;403;284
405;404;444
405;409;420
406;402;265
407;408;260
408;404;193
408;407;260
408;411;281
408;412;168
409;405;420
410;414;323
411;408;281
412;408;168
412;414;336
412;416;233
413;416;286
414;410;323
414;412;336
414;418;433
415;418;265
416;412;233
416;413;286
417;420;242
418;414;433
418;415;265
418;421;128
419;422;146
419;423;186
420;417;242
420;423;164
421;418;128
421;424;272
421;425;294
422;419;146
422;426;318
423;419;186
423;420;164
423;427;276
424;421;272
424;428;251
425;421;294
425;427;226
426;422;318
427;423;276
427;425;226
427;430;323
428;424;251
429;430;140
429;431;350
430;427;323
430;429;140
431;429;350
431;433;362
432;433;520
433;431;362
433;432;520
433;436;338
434;435;298
434;437;121
435;434;298
436;433;338
436;438;146
436;440;105
437;434;121
437;439;196
437;440;234
438;436;146
439;437;196
440;436;105
440;437;234
440;443;179
441;443;179
441;444;149
441;445;153
442;445;299
443;440;179
443;441;179
443;446;246
444;441;149
444;448;322
445;441;153
445;442;299
446;443;246
447;448;254
448;444;322
448;447;254
448;449;355
448;450;144
449;448;355
450;448;144
450;453;130
451;453;157
452;454;536
453;450;130
453;451;157
453;454;124
453;456;359
454;452;536
454;453;124
454;457;460
455;458;225
456;453;359
456;459;450
457;454;460
458;455;225
458;461;515
459;456;450
459;461;349
459;462;462
460;464;236
461;458;515
461;459;349
462;459;462
462;465;399
463;467;244
464;460;236
464;466;355
464;467;284
465;462;399
465;466;298
466;464;355
466;465;298
467;463;244
467;464;284
467;470;279
468;471;362
468;472;390
469;472;353
470;467;279
470;471;274
470;474;121
471;468;362
471;470;274
472;468;390
472;469;353
473;474;247
474;470;121
474;473;247
474;476;266
475;478;326
476;474;266
476;477;177
476;479;311
477;476;177
477;478;182
478;475;326
478;477;182
478;481;226
479;476;311
479;483;191
480;481;485
481;478;226
481;480;485
481;482;215
481;484;211
482;481;215
483;479;191
484;481;211
484;487;125
485;487;220
485;489;104
486;489;317
487;484;125
487;485;220
487;488;169
488;487;169
488;491;415
489;485;104
489;486;317
490;492;472
491;488;415
491;492;254
491;495;129
492;490;472
492;491;254
492;496;316
493;494;227
493;495;178
493;497;177
494;493;227
495;491;129
495;493;178
496;492;316
497;493;177
497;499;292
498;500;294
499;497;292
499;500;377
500;498;294
500;499;377
500;502;125
500;503;135
501;502;102
501;504;282
502;500;125
502;501;102
503;500;135
504;501;282
504;505;246
505;504;246
505;506;224
505;507;298
506;505;224
506;508;226
507;505;298
508;506;226
508;511;397
508;512;247
509;511;272
510;512;246
511;508;397
511;509;272
511;513;193
512;508;247
512;510;246
512;514;100
512;516;331
513;511;193
514;512;100
514;517;149
515;516;286
516;512;331
516;515;286
516;520;291
517;514;149
518;519;328
519;518;328
519;522;260
520;516;291
520;521;337
521;520;337
521;524;158
522;519;260
522;524;226
522;525;372
523;525;214
524;521;158
524;522;226
524;527;281
525;522;372
525;523;214
526;527;408
527;524;281
527;526;408
527;528;331
528;527;331
528;529;376
528;530;367
529;528;376
530;528;367
530;532;166
531;535;436
532;530;166
532;534;127
533;534;286
534;532;127
534;533;286
534;538;188
535;531;436
535;536;380
536;535;380
536;538;354
537;540;104
538;534;188
538;536;354
538;540;150
539;541;141
539;542;313
540;537;104
540;538;150
540;541;194
541;539;141
541;540;194
542;539;313
542;545;180
543;545;353
544;547;104
544;548;283
545;542;180
545;543;353
545;547;325
546;548;238
546;550;238
547;544;104
547;545;325
547;549;128
548;544;283
548;546;238
548;551;326
549;547;128
549;552;356
550;546;238
550;554;215
551;548;326
552;549;356
553;554;204
553;555;147
554;550;215
554;553;204
554;557;445
555;553;147
555;559;203
556;557;358
556;558;246
557;554;445
557;556;358
558;556;246
559;555;203
559;563;354
560;564;181
561;565;476
562;565;101
563;559;354
563;565;104
563;566;250
564;560;181
564;567;272
565;561;476
565;562;101
565;563;104
565;567;165
566;563;250
567;564;272
567;565;165
567;569;355
567;570;231
567;571;135
568;572;405
569;567;355
570;567;231
571;567;135
571;573;237
572;568;405
572;575;355
573;571;237
573;574;101
573;576;223
574;573;101
575;572;355
575;576;204
576;573;223
576;575;204
576;577;185
576;580;105
577;576;185
578;581;284
579;581;239
579;582;294
580;576;105
580;583;324
581;578;284
581;579;239
581;583;121
582;579;294
583;580;324
583;581;121
583;586;129
584;588;244
585;586;202
585;589;212
586;583;129
586;585;202
586;587;221
586;588;257
587;586;221
588;584;244
588;586;257
589;585;212
589;591;322
589;592;305
590;592;402
591;589;322
591;595;322
592;589;305
592;590;402
592;593;144
593;592;144
593;594;138
594;593;138
595;591;322
595;596;184
595;599;212
596;595;184
597;601;260
598;602;161
599;595;212
599;600;166
599;602;207
600;599;166
600;604;185
601;597;260
601;603;256
601;604;131
602;598;161
602;599;207
603;601;256
604;600;185
604;601;131
604;606;262
605;606;291
606;604;262
606;605;291
606;610;210
607;609;165
607;610;124
608;610;119
609;607;165
610;606;210
610;607;124
610;608;119
610;614;150
611;612;183
612;611;183
612;615;137
613;615;286
614;610;150
614;616;174
614;617;132
615;612;137
615;613;286
615;616;296
616;614;174
616;615;296
616;618;146
617;614;132
618;616;146
618;620;263
618;621;128
619;622;119
619;623;130
620;618;263
621;618;128
621;622;114
621;624;180
622;619;119
622;621;114
622;625;165
622;626;145
623;619;130
624;621;180
625;622;165
625;627;124
625;629;143
626;622;145
627;625;124
628;631;335
629;625;143
629;633;101
630;634;233
631;628;335
631;632;202
632;631;202
632;635;165
633;629;101
633;635;235
633;637;319
634;630;233
634;635;221
635;632;165
635;633;235
635;634;221
636;637;204
636;640;160
637;633;319
637;636;204
638;642;219
639;640;320
640;636;160
640;639;320
640;641;129
640;643;242
640;644;289
641;640;129
642;638;219
642;643;153
643;640;242
643;642;153
643;646;269
644;640;289
645;648;105
646;643;269
646;647;205
646;648;216
646;649;234
647;646;205
648;645;105
648;646;216
649;646;234
649;650;205
649;652;320
650;649;205
650;651;157
651;650;157
652;649;320
652;655;125
652;656;175
653;654;399
653;656;324
654;653;399
655;652;125
656;652;175
656;653;324
656;660;312
657;661;134
658;659;227
659;658;227
659;663;210
660;656;312
660;661;100
661;657;134
661;660;100
661;663;235
662;664;125
663;659;210
663;661;235
663;666;258
663;667;131
664;662;125
664;666;221
664;668;149
665;667;168
665;669;302
666;663;258
666;664;221
667;663;131
667;665;168
668;664;149
668;670;219
668;671;315
669;665;302
669;672;294
670;668;219
671;668;315
672;669;294
672;674;237
673;675;143
674;672;237
674;675;173
675;673;143
675;674;173
675;676;223
675;678;175
676;675;223
676;677;132
677;676;132
677;679;181
678;675;175
679;677;181
679;680;302
679;682;145
680;679;302
680;681;126
681;680;126
681;684;157
682;679;145
683;685;184
683;686;172
684;681;157
684;687;175
685;683;184
685;688;102
686;683;172
686;687;223
686;689;225
687;684;175
687;686;223
688;685;102
688;690;100
688;691;248
689;686;225
690;688;100
691;688;248
691;692;296
691;693;151
692;691;296
692;694;377
692;695;219
693;691;151
694;692;377
694;696;377
695;692;219
695;697;173
696;694;377
697;695;173
697;700;297
698;700;238
699;700;267
699;701;103
700;697;297
700;698;238
700;699;267
700;702;343
701;699;103
702;700;343
702;705;352
703;706;353
703;707;141
704;708;242
705;702;352
705;709;147
706;703;353
706;709;184
706;710;192
707;703;141
708;704;242
708;712;211
709;705;147
709;706;184
709;712;284
710;706;192
711;714;114
711;715;388
712;708;211
712;709;284
712;714;506
713;714;277
714;711;114
714;712;506
714;713;277
715;711;388
715;718;145
716;719;387
717;720;295
718;715;145
718;720;331
719;716;387
719;720;163
719;722;173
720;717;295
720;718;331
720;719;163
720;721;339
721;720;339
722;719;173
722;723;108
722;725;385
722;726;317
723;722;108
724;727;177
724;728;109
725;722;385
726;722;317
726;728;364
727;724;177
727;731;325
728;724;109
728;726;364
728;730;279
729;732;296
730;728;279
731;727;325
731;733;380
732;729;296
732;734;323
733;731;380
733;734;297
733;735;301
734;732;323
734;733;297
734;738;262
735;733;301
735;737;190
736;738;245
737;735;190
738;734;262
738;736;245
738;741;130
739;741;166
739;742;292
739;743;163
740;744;236
741;738;130
741;739;166
741;744;185
742;739;292
743;739;163
743;745;254
743;746;466
744;740;236
744;741;185
744;748;252
745;743;254
746;743;466
746;749;335
747;748;293
747;750;354
748;744;252
748;747;293
749;746;335
750;747;354
750;752;169
751;752;238
751;754;106
752;750;169
752;751;238
753;754;230
754;751;106
754;753;230
754;757;537
755;759;286
756;759;104
757;754;537
757;761;219
758;759;202
758;760;166
759;755;286
759;756;104
759;758;202
759;761;195
760;758;166
760;764;359
761;757;219
761;759;195
762;766;193
763;765;353
764;760;359
764;767;184
765;763;353
765;767;350
765;769;139
766;762;193
766;770;281
767;764;184
767;765;350
768;770;247
768;771;197
769;765;139
769;770;212
770;766;281
770;768;247
770;769;212
771;768;197
771;773;280
772;776;180
773;771;280
773;774;174
774;773;174
774;776;106
774;777;144
775;776;114
775;779;105
776;772;180
776;774;106
776;775;114
777;774;144
777;781;318
778;781;325
778;782;284
779;775;105
780;784;191
781;777;318
781;778;325
781;783;184
782;778;284
782;786;374
783;781;184
784;780;191
784;787;151
785;786;115
786;782;374
786;785;115
786;788;233
787;784;151
787;789;103
787;791;144
788;786;233
788;791;160
789;787;103
789;790;281
790;789;281
790;793;123
790;794;148
791;787;144
791;788;160
791;795;232
792;795;214
792;796;503
793;790;123
794;790;148
795;791;232
795;792;214
795;798;496
796;792;503
796;797;164
796;799;314
796;800;182
797;796;164
798;795;496
799;796;314
799;801;263
800;796;182
800;803;345
800;804;169
801;799;263
801;802;422
802;801;422
802;805;208
803;800;345
803;807;201
804;800;169
805;802;208
805;809;106
806;809;102
807;803;201
807;808;203
808;807;203
809;805;106
809;806;102
809;810;403
809;811;463
809;812;334
809;813;158
810;809;403
811;809;463
812;809;334
813;809;158
813;814;204
813;815;160
814;813;204
814;817;495
815;813;160
815;818;223
815;819;269
816;817;323
817;814;495
817;816;323
817;821;504
818;815;223
819;815;269
820;822;295
821;817;504
821;824;403
822;820;295
822;823;352
823;822;352
823;824;190
823;827;259
824;821;403
824;823;190
824;825;424
825;824;424
826;829;177
827;823;259
827;830;221
828;831;132
828;832;185
829;826;177
829;831;211
829;833;396
830;827;221
830;831;117
831;828;132
831;829;211
831;830;117
832;828;185
832;834;143
833;829;396
834;832;143
834;835;102
835;834;102
835;838;253
835;839;188
836;837;163
837;836;163
837;840;162
838;835;253
838;841;112
839;835;188
839;843;142
840;837;162
840;841;210
841;838;112
841;840;210
842;844;366
842;845;247
843;839;142
843;845;212
843;846;172
844;842;366
845;842;247
845;843;212
845;847;313
845;848;278
846;843;172
847;845;313
847;850;437
848;845;278
849;852;396
850;847;437
850;851;259
851;850;259
851;855;243
852;849;396
852;855;233
853;854;142
853;855;367
854;853;142
854;856;149
854;858;290
855;851;243
855;852;233
855;853;367
855;859;333
856;854;149
857;861;108
858;854;290
858;860;219
858;861;303
859;855;333
860;858;219
861;857;108
861;858;303
861;862;222
862;861;222
862;866;206
863;864;283
864;863;283
864;867;518
864;868;547
865;869;146
866;862;206
866;868;493
866;870;104
867;864;518
868;864;547
868;866;493
869;865;146
869;870;124
870;866;104
870;869;124
870;872;351
871;872;197
871;874;160
871;875;213
872;870;351
872;871;197
872;873;190
873;872;190
873;876;200
874;871;160
875;871;213
875;879;167
876;873;200
876;880;172
877;879;196
878;880;131
879;875;167
879;877;196
879;881;393
880;876;172
880;878;131
880;882;470
881;879;393
882;880;470
882;884;391
882;885;292
882;886;170
883;886;342
883;887;215
884;882;391
884;888;248
885;882;292
886;882;170
886;883;342
886;889;282
886;890;293
887;883;215
888;884;248
889;886;282
890;886;293
890;891;206
890;892;261
891;890;206
891;894;134
892;890;261
892;893;233
892;895;116
893;892;233
893;896;141
894;891;134
895;892;116
896;893;141
896;900;425
897;898;332
897;900;177
897;901;266
898;897;332
899;902;416
900;896;425
900;897;177
900;904;127
901;897;266
902;899;416
902;906;185
903;904;143
903;907;259
904;900;127
904;903;143
904;905;226
905;904;226
905;908;142
906;902;185
906;907;113
907;903;259
907;906;113
907;909;122
908;905;142
908;910;243
908;911;292
908;912;258
909;907;122
910;908;243
910;914;210
911;908;292
911;913;361
912;908;258
913;911;361
914;910;210
914;918;349
915;917;107
915;919;167
916;919;103
917;915;107
918;914;349
918;920;207
919;915;167
919;916;103
919;921;220
920;918;207
920;921;222
920;923;166
921;919;220
921;920;222
921;922;141
922;921;141
922;925;116
923;920;166
924;925;166
924;928;193
925;922;116
925;924;166
925;926;304
926;925;304
927;928;190
928;924;193
928;927;190
928;929;266
928;932;263
929;928;266
929;930;220
930;929;220
931;933;335
931;934;296
931;935;389
932;928;263
932;936;298
933;931;335
934;931;296
935;931;389
935;939;245
936;932;298
936;937;115
936;940;115
937;936;115
938;941;234
939;935;245
939;941;217
940;936;115
940;941;325
941;938;234
941;939;217
941;940;325
941;943;439
942;944;270
942;946;101
943;941;439
943;945;226
944;942;270
944;948;153
945;943;226
945;949;150
946;942;101
947;950;269
947;951;114
948;944;153
948;949;171
949;945;150
949;948;171
949;951;161
950;947;269
950;952;142
950;954;193
951;947;114
951;949;161
952;950;142
952;953;257
953;952;257
953;956;499
954;950;193
954;955;505
955;954;505
955;959;354
956;953;499
957;959;153
958;959;376
959;955;354
959;957;153
959;958;376
959;963;478
960;961;452
961;960;452
961;962;250
962;961;250
962;963;137
963;959;478
963;962;137
963;965;288
964;966;337
965;963;288
965;968;222
966;964;337
966;967;338
966;970;154
967;966;338
967;968;288
968;965;222
968;967;288
969;972;312
970;966;154
970;972;340
971;975;295
972;969;312
972;970;340
972;975;264
972;976;382
973;975;366
974;978;121
975;971;295
975;972;264
975;973;366
976;972;382
976;977;480
977;976;480
977;979;228
978;974;121
978;981;589
979;977;228
979;980;150
979;981;277
979;983;161
980;979;150
980;984;179
981;978;589
981;979;277
981;985;198
982;983;312
983;979;161
983;982;312
984;980;179
985;981;198
985;986;157
986;985;157
986;988;238
987;988;165
988;986;238
988;987;165
988;989;367
989;988;367
989;992;368
989;993;272
990;991;260
990;993;334
991;990;260
992;989;368
992;994;274
992;996;185
993;989;272
993;990;334
994;992;274
995;998;219
996;992;185
996;1000;168
997;998;121
998;995;219
998;997;121
998;999;219
998;1001;110
999;998;219
1000;996;168
1000;1003;263
1001;998;110
1001;1002;127
1001;1005;199
1002;1001;127
1002;1003;264
1003;1000;263
1003;1002;264
1003;1004;214
1004;1003;214
1004;1008;658
1005;1001;199
1005;1007;212
1006;1010;218
1007;1005;212
1007;1010;274
1008;1004;658
1009;1012;296
1010;1006;218
1010;1007;274
1010;1012;157
1011;1012;226
1011;1015;128
1012;1009;296
1012;1010;157
1012;1011;226
1012;1016;298
1013;1015;257
1014;1017;370
1015;1011;128
1015;1013;257
1016;1012;298
1016;1019;207
1017;1014;370
1017;1020;207
1018;1022;311
1019;1016;207
1019;1020;110
1020;1017;207
1020;1019;110
1020;1023;368
1021;1024;265
1022;1018;311
1022;1026;145
1023;1020;368
1023;1026;151
1024;1021;265
1024;1028;170
1025;1029;522
1026;1022;145
1026;1023;151
1026;1027;148
1027;1026;148
1027;1030;117
1028;1024;170
1028;1030;252
1029;1025;522
1029;1033;147
1030;1027;117
1030;1028;252
1030;1031;329
1031;1030;329
1031;1032;145
1032;1031;145
1032;1036;172
1033;1029;147
1033;1034;168
1033;1036;412
1034;1033;168
1034;1037;192
1035;1037;415
1036;1032;172
1036;1033;412
1036;1039;177
1036;1040;202
1037;1034;192
1037;1035;415
1038;1039;298
1038;1042;312
1039;1036;177
1039;1038;298
1039;1041;139
1040;1036;202
1040;1044;360
1041;1039;139
1042;1038;312
1042;1046;394
1043;1044;339
1043;1045;330
1044;1040;360
1044;1043;339
1045;1043;330
1046;1042;394
1046;1050;233
1047;1051;256
1048;1051;251
1049;1050;335
1049;1053;202
1050;1046;233
1050;1049;335
1051;1047;256
1051;1048;251
1051;1055;198
1052;1053;228
1053;1049;202
1053;1052;228
1053;1056;213
1054;1057;309
1054;1058;316
1055;1051;198
1055;1058;134
1056;1053;213
1056;1059;108
1057;1054;309
1058;1054;316
1058;1055;134
1058;1061;187
1059;1056;108
1059;1063;187
1060;1062;137
1060;1064;127
1061;1058;187
1061;1063;170
1061;1064;112
1062;1060;137
1063;1059;187
1063;1061;170
1063;1065;255
1063;1066;431
1064;1060;127
1064;1061;112
1065;1063;255
1066;1063;431
1066;1067;292
1067;1066;292
1067;1071;228
1068;1072;199
1069;1071;144
1070;1073;350
1071;1067;228
1071;1069;144
1071;1073;164
1072;1068;199
1072;1074;246
1072;1076;213
1073;1070;350
1073;1071;164
1073;1076;115
1073;1077;240
1074;1072;246
1075;1077;360
1076;1072;213
1076;1073;115
1077;1073;240
1077;1075;360
1077;1079;336
1077;1081;140
1078;1079;301
1079;1077;336
1079;1078;301
1079;1080;301
1080;1079;301
1080;1084;201
1081;1077;140
1081;1082;383
1082;1081;383
1082;1083;138
1083;1082;138
1083;1085;284
1084;1080;201
1084;1088;264
1085;1083;284
1085;1087;126
1086;1089;400
1087;1085;126
1088;1084;264
1088;1091;313
1088;1092;138
1089;1086;400
1089;1092;523
1089;1093;306
1090;1094;226
1091;1088;313
1092;1088;138
1092;1089;523
1093;1089;306
1093;1096;101
1094;1090;226
1094;1097;318
1095;1099;309
1096;1093;101
1096;1099;318
1097;1094;318
1097;1098;177
1097;1099;137
1098;1097;177
1099;1095;309
1099;1096;318
1099;1097;137
1099;1101;245
1099;1102;184
1100;1103;168
1100;1104;281
1101;1099;245
1102;1099;184
1102;1105;230
1103;1100;168
1104;1100;281
1104;1105;148
1104;1106;333
1104;1108;285
1105;1102;230
1105;1104;148
1105;1109;231
1106;1104;333
1107;1110;419
1108;1104;285
1109;1105;231
1109;1111;272
1110;1107;419
1110;1111;389
1111;1109;272
1111;1110;389
1111;1115;354
1112;1113;318
1112;1115;362
1113;1112;318
1114;1115;288
1114;1116;214
1114;1118;126
1115;1111;354
1115;1112;362
1115;1114;288
1116;1114;214
1117;1121;277
1118;1114;126
1118;1120;235
1118;1121;118
1119;1121;130
1120;1118;235
1121;1117;277
1121;1118;118
1121;1119;130
1121;1123;120
1122;1124;210
1122;1126;210
1123;1121;120
1123;1126;232
1124;1122;210
1124;1127;216
1125;1128;108
1126;1122;210
1126;1123;232
1126;1128;189
1127;1124;216
1127;1129;131
1128;1125;108
1128;1126;189
1128;1132;356
1129;1127;131
1130;1134;161
1131;1132;312
1131;1135;436
1132;1128;356
1132;1131;312
1132;1133;293
1133;1132;293
1133;1134;104
1133;1137;213
1134;1130;161
1134;1133;104
1134;1138;291
1135;1131;436
1136;1137;254
1136;1139;305
1137;1133;213
1137;1136;254
1137;1140;182
1138;1134;291
1139;1136;305
1139;1141;253
1139;1142;130
1140;1137;182
1141;1139;253
1141;1144;239
1142;1139;130
1143;1144;196
1143;1145;173
1144;1141;239
1144;1143;196
1144;1147;123
1145;1143;173
1145;1148;267
1146;1149;266
1147;1144;123
1148;1145;267
1148;1149;252
1148;1150;230
1149;1146;266
1149;1148;252
1150;1148;230
1150;1153;197
1151;1153;145
1151;1155;102
1152;1153;208
1153;1150;197
1153;1151;145
1153;1152;208
1153;1154;276
1154;1153;276
1154;1158;141
1155;1151;102
1155;1156;373
1155;1157;305
1156;1155;373
1157;1155;305
1157;1159;284
1158;1154;141
1159;1157;284
1159;1160;144
1160;1159;144
1160;1163;365
1160;1164;121
1161;1162;222
1162;1161;222
1162;1164;182
1163;1160;365
1164;1160;121
1164;1162;182
1164;1166;230
1165;1166;104
1165;1167;193
1165;1169;236
1166;1164;230
1166;1165;104
1166;1168;241
1167;1165;193
1168;1166;241
1168;1171;102
1169;1165;236
1170;1171;109
1170;1174;143
1171;1168;102
1171;1170;109
1171;1175;117
1172;1175;181
1173;1177;205
1174;1170;143
1174;1176;181
1174;1178;299
1175;1171;117
1175;1172;181
1175;1177;303
1176;1174;181
1177;1173;205
1177;1175;303
1177;1181;303
1178;1174;299
1179;1180;167
1180;1179;167
1180;1181;260
1181;1177;303
1181;1180;260
1181;1182;603
1182;1181;603
1182;1186;311
1183;1186;298
1184;1185;155
1184;1187;199
1185;1184;155
1185;1186;207
1186;1182;311
1186;1183;298
1186;1185;207
1186;1189;166
1187;1184;199
1187;1190;137
1188;1190;162
1189;1186;166
1189;1191;107
1190;1187;137
1190;1188;162
1190;1192;130
1190;1194;371
1191;1189;107
1191;1195;129
1192;1190;130
1193;1194;248
1194;1190;371
1194;1193;248
1195;1191;129
1195;1198;164
1196;1198;211
1196;1200;258
1197;1199;232
1197;1200;199
1198;1195;164
1198;1196;211
1199;1197;232
1200;1196;258
1200;1197;199
1200;1201;196
1201;1200;196
1201;1202;233
1201;1204;104
1202;1201;233
1203;1207;198
1204;1201;104
1204;1205;217
1205;1204;217
1205;1206;222
1205;1207;214
1206;1205;222
1207;1203;198
1207;1205;214
1207;1208;126
1207;1210;414
1208;1207;126
1208;1209;232
1208;1212;156
1209;1208;232
1210;1207;414
1211;1213;353
1212;1208;156
1212;1214;193
1213;1211;353
1213;1215;133
1213;1216;151
1214;1212;193
1214;1215;184
1214;1218;144
1215;1213;133
1215;1214;184
1216;1213;151
1216;1219;240
1217;1218;123
1218;1214;144
1218;1217;123
1218;1222;193
1219;1216;240
1219;1221;294
1220;1224;188
1221;1219;294
1221;1223;283
1222;1218;193
1222;1224;219
1223;1221;283
1223;1227;440
1224;1220;188
1224;1222;219
1224;1226;308
1225;1226;135
1226;1224;308
1226;1225;135
1226;1229;142
1226;1230;214
1227;1223;440
1228;1231;293
1228;1232;277
1229;1226;142
1229;1233;216
1230;1226;214
1230;1231;332
1230;1234;216
1231;1228;293
1231;1230;332
1232;1228;277
1232;1235;322
1233;1229;216
1234;1230;216
1234;1237;235
1235;1232;322
1235;1238;108
1236;1239;270
1237;1234;235
1238;1235;108
1238;1239;264
1238;1241;377
1239;1236;270
1239;1238;264
1240;1242;149
1241;1238;377
1241;1244;104
1241;1245;179
1242;1240;149
1242;1246;188
1243;1246;155
1244;1241;104
1245;1241;179
1245;1248;177
1246;1242;188
1246;1243;155
1246;1247;313
1246;1248;133
1246;1250;389
1247;1246;313
1248;1245;177
1248;1246;133
1248;1249;430
1249;1248;430
1250;1246;389
1250;1251;199
1251;1250;199
1251;1253;120
1251;1254;287
1252;1253;243
1253;1251;120
1253;1252;243
1253;1256;265
1254;1251;287
1255;1257;133
1256;1253;265
1256;1257;189
1257;1255;133
1257;1256;189
1257;1259;330
1257;1261;258
1258;1259;158
1259;1257;330
1259;1258;158
1259;1260;244
1260;1259;244
1261;1257;258
1261;1263;230
1261;1264;193
1262;1264;117
1263;1261;230
1264;1261;193
1264;1262;117
1264;1266;103
1265;1268;310
1266;1264;103
1266;1268;120
1266;1270;276
1267;1268;144
1268;1265;310
1268;1266;120
1268;1267;144
1269;1272;214
1270;1266;276
1270;1271;252
1270;1273;256
1271;1270;252
1271;1274;120
1272;1269;214
1272;1276;161
1273;1270;256
1274;1271;120
1274;1277;190
1275;1277;341
1276;1272;161
1276;1277;214
1277;1274;190
1277;1275;341
1277;1276;214
1277;1281;222
1278;1282;191
1279;1280;257
1280;1279;257
1280;1282;256
1281;1277;222
1281;1283;188
1281;1285;124
1282;1278;191
1282;1280;256
1282;1283;128
1282;1286;322
1283;1281;188
1283;1282;128
1283;1287;181
1284;1285;198
1285;1281;124
1285;1284;198
1285;1288;127
1286;1282;322
1287;1283;181
1287;1290;200
1288;1285;127
1289;1291;276
1289;1293;112
1290;1287;200
1290;1292;174
1291;1289;276
1292;1290;174
1292;1293;292
1293;1289;112
1293;1292;292
1293;1297;129
1294;1297;255
1295;1296;197
1295;1299;261
1296;1295;197
1297;1293;129
1297;1294;255
1297;1301;274
1298;1299;226
1299;1295;261
1299;1298;226
1299;1300;372
1299;1301;260
1300;1299;372
1300;1302;140
1301;1297;274
1301;1299;260
1302;1300;140
1302;1303;210
1303;1302;210
1303;1306;351
1304;1306;492
1305;1308;103
1306;1303;351
1306;1304;492
1306;1308;294
1307;1311;295
1308;1305;103
1308;1306;294
1308;1309;345
1308;1311;304
1309;1308;345
1309;1310;291
1309;1312;224
1310;1309;291
1310;1314;232
1311;1307;295
1311;1308;304
1312;1309;224
1313;1314;364
1314;1310;232
1314;1313;364
1314;1315;146
1315;1314;146
1315;1319;205
1316;1317;288
1317;1316;288
1317;1318;238
1317;1321;370
1318;1317;238
1318;1319;371
1319;1315;205
1319;1318;371
1319;1320;404
1319;1322;227
1320;1319;404
1321;1317;370
1321;1325;371
1322;1319;227
1322;1323;132
1323;1322;132
1323;1326;107
1324;1326;182
1325;1321;371
1326;1323;107
1326;1324;182
1326;1327;231
1327;1326;231
1327;1330;120
1327;1331;190
1328;1330;352
1329;1330;353
1330;1327;120
1330;1328;352
1330;1329;353
1330;1332;394
1331;1327;190
1332;1330;394
1332;1336;538
1333;1337;201
1334;1336;463
1335;1336;171
1336;1332;538
1336;1334;463
1336;1335;171
1336;1338;128
1337;1333;201
1337;1339;316
1337;1340;111
1338;1336;128
1338;1340;264
1339;1337;316
1339;1343;240
1340;1337;111
1340;1338;264
1341;1343;166
1342;1345;102
1342;1346;128
1343;1339;240
1343;1341;166
1343;1347;249
1344;1345;189
1344;1347;105
1345;1342;102
1345;1344;189
1346;1342;128
1347;1343;249
1347;1344;105
1347;1348;254
1347;1349;216
1348;1347;254
1349;1347;216
1349;1350;220
1349;1353;173
1350;1349;220
1350;1351;214
1351;1350;214
1351;1355;127
1352;1354;338
1353;1349;173
1354;1352;338
1354;1355;257
1354;1356;250
1355;1351;127
1355;1354;257
1355;1357;151
1356;1354;250
1356;1360;115
1357;1355;151
1358;1360;110
1359;1362;104
1360;1356;115
1360;1358;110
1360;1362;193
1360;1363;210
1361;1364;455
1362;1359;104
1362;1360;193
1362;1364;140
1363;1360;210
1363;1365;107
1363;1366;113
1364;1361;455
1364;1362;140
1365;1363;107
1366;1363;113
1366;1367;184
1366;1369;204
1367;1366;184
1367;1371;153
1368;1371;305
1369;1366;204
1369;1370;339
1369;1372;158
1370;1369;339
1371;1367;153
1371;1368;305
1371;1373;121
1372;1369;158
1372;1375;163
1373;1371;121
1373;1376;208
1374;1375;338
1375;1372;163
1375;1374;338
1375;1378;340
1376;1373;208
1376;1379;256
1376;1380;331
1377;1379;167
1378;1375;340
1379;1376;256
1379;1377;167
1380;1376;331
1380;1382;341
1381;1383;124
1382;1380;341
1382;1383;235
1383;1381;124
1383;1382;235
1383;1385;272
1384;1385;222
1385;1383;272
1385;1384;222
1385;1386;143
1385;1387;139
1386;1385;143
1386;1390;218
1387;1385;139
1387;1388;217
1388;1387;217
1388;1389;191
1388;1392;178
1389;1388;191
1390;1386;218
1390;1391;114
1391;1390;114
1392;1388;178
1392;1394;185
1392;1396;307
1393;1395;162
1393;1397;201
1394;1392;185
1394;1397;124
1395;1393;162
1395;1398;399
1395;1399;261
1396;1392;307
1397;1393;201
1397;1394;124
1398;1395;399
1399;1395;261
1399;1403;211
1400;1403;267
1401;1405;142
1402;1404;247
1403;1399;211
1403;1400;267
1403;1406;243
1404;1402;247
1404;1407;169
1405;1401;142
1405;1409;135
1406;1403;243
1406;1408;288
1407;1404;169
1407;1408;130
1408;1406;288
1408;1407;130
1408;1409;136
1409;1405;135
1409;1408;136
1409;1411;156
1410;1411;162
1410;1412;313
1410;1414;359
1411;1409;156
1411;1410;162
1411;1415;347
1412;1410;313
1413;1414;114
1413;1417;282
1414;1410;359
1414;1413;114
1414;1418;108
1415;1411;347
1416;1417;262
1417;1413;282
1417;1416;262
1418;1414;108
1418;1421;102
1419;1423;419
1420;1421;249
1420;1424;320
1421;1418;102
1421;1420;249
1421;1422;103
1421;1423;166
1422;1421;103
1422;1426;144
1423;1419;419
1423;1421;166
1424;1420;320
1425;1427;435
1426;1422;144
1426;1428;140
1427;1425;435
1427;1428;266
1427;1429;331
1428;1426;140
1428;1427;266
1429;1427;331
1429;1431;124
1430;1433;269
1431;1429;124
1431;1432;202
1431;1434;197
1432;1431;202
1432;1435;150
1433;1430;269
1433;1437;182
1434;1431;197
1434;1438;168
1435;1432;150
1435;1436;290
1435;1439;364
1436;1435;290
1437;1433;182
1437;1438;211
1438;1434;168
1438;1437;211
1438;1442;289
1439;1435;364
1440;1443;174
1441;1444;380
1441;1445;219
1442;1438;289
1442;1444;299
1442;1446;209
1443;1440;174
1443;1446;352
1444;1441;380
1444;1442;299
1445;1441;219
1446;1442;209
1446;1443;352
1446;1448;433
1447;1450;174
1447;1451;340
1448;1446;433
1448;1451;128
1448;1452;210
1449;1450;124
1450;1447;174
1450;1449;124
1450;1454;168
1451;1447;340
1451;1448;128
1452;1448;210
1453;1456;350
1454;1450;168
1454;1457;207
1455;1456;303
1456;1453;350
1456;1455;303
1456;1460;134
1457;1454;207
1457;1460;104
1457;1461;136
1458;1459;124
1459;1458;124
1459;1460;247
1459;1463;162
1460;1456;134
1460;1457;104
1460;1459;247
1460;1462;162
1461;1457;136
1462;1460;162
1462;1464;339
1463;1459;162
1464;1462;339
1464;1465;256
1464;1467;325
1465;1464;256
1465;1469;428
1466;1470;404
1467;1464;325
1467;1470;263
1467;1471;120
1468;1471;379
1469;1465;428
1470;1466;404
1470;1467;263
1470;1474;121
1471;1467;120
1471;1468;379
1471;1472;312
1472;1471;312
1472;1475;368
1473;1476;138
1474;1470;121
1474;1476;167
1475;1472;368
1476;1473;138
1476;1474;167
1476;1477;137
1476;1479;217
1477;1476;137
1478;1479;184
1478;1482;290
1479;1476;217
1479;1478;184
1479;1480;306
1479;1481;151
1480;1479;306
1481;1479;151
1481;1484;448
1482;1478;290
1483;1486;206
1483;1487;275
1484;1481;448
1484;1488;214
1485;1488;204
1486;1483;206
1486;1488;126
1486;1489;235
1487;1483;275
1488;1484;214
1488;1485;204
1488;1486;126
1488;1491;210
1488;1492;230
1489;1486;235
1490;1492;143
1490;1494;214
1491;1488;210
1491;1493;405
1491;1495;170
1492;1488;230
1492;1490;143
1493;1491;405
1494;1490;214
1494;1496;122
1494;1497;250
1495;1491;170
1495;1499;255
1496;1494;122
1496;1498;197
1497;1494;250
1498;1496;197
1499;1495;255
1499;1500;167
1499;1503;450
1500;1499;167
1500;1501;253
1501;1500;253
1502;1504;199
1502;1505;322
1502;1506;124
1503;1499;450
1503;1504;238
1504;1502;199
1504;1503;238
1505;1502;322
1505;1508;113
1506;1502;124
1506;1509;344
1507;1511;190
1508;1505;113
1509;1506;344
1509;1513;207
1510;1511;227
1511;1507;190
1511;1510;227
1511;1515;132
1512;1514;367
1512;1515;225
1513;1509;207
1513;1515;121
1514;1512;367
1515;1511;132
1515;1512;225
1515;1513;121
1515;1516;240
1515;1519;309
1516;1515;240
1517;1519;222
1518;1522;135
1519;1515;309
1519;1517;222
1519;1520;195
1519;1523;209
1520;1519;195
1520;1522;200
1521;1525;112
1522;1518;135
1522;1520;200
1522;1525;170
1523;1519;209
1523;1527;257
1524;1526;362
1525;1521;112
1525;1522;170
1525;1528;124
1526;1524;362
1526;1527;301
1527;1523;257
1527;1526;301
1528;1525;124
1528;1530;352
1528;1531;424
1529;1530;185
1530;1528;352
1530;1529;185
1530;1532;219
1531;1528;424
1531;1534;485
1532;1530;219
1532;1533;311
1532;1535;531
1533;1532;311
1533;1536;232
1534;1531;485
1535;1532;531
1536;1533;232
1536;1537;341
1536;1539;284
1537;1536;341
1538;1539;259
1538;1540;296
1538;1541;178
1539;1536;284
1539;1538;259
1540;1538;296
1540;1544;279
1541;1538;178
1541;1543;124
1542;1543;135
1543;1541;124
1543;1542;135
1544;1540;279
1544;1545;291
1544;1548;118
1545;1544;291
1546;1548;362
1547;1548;320
1548;1544;118
1548;1546;362
1548;1547;320
1548;1550;204
1549;1552;270
1550;1548;204
1550;1554;166
1551;1552;181
1552;1549;270
1552;1551;181
1552;1554;147
1553;1554;116
1554;1550;166
1554;1552;147
1554;1553;116
1554;1555;320
1555;1554;320
1555;1556;456
1555;1557;354
1556;1555;456
1556;1558;267
1556;1560;257
1557;1555;354
1558;1556;267
1558;1559;374
1559;1558;374
1559;1562;263
1560;1556;257
1561;1562;139
1561;1563;164
1561;1564;101
1562;1559;263
1562;1561;139
1563;1561;164
1563;1565;349
1564;1561;101
1565;1563;349
1565;1566;110
1565;1568;127
1566;1565;110
1566;1569;229
1567;1568;317
1567;1571;349
1568;1565;127
1568;1567;317
1568;1572;117
1569;1566;229
1569;1570;292
1570;1569;292
1571;1567;349
1572;1568;117
1572;1573;238
1572;1576;306
1573;1572;238
1573;1574;280
1573;1577;266
1574;1573;280
1575;1578;315
1576;1572;306
1577;1573;266
1577;1581;130
1578;1575;315
1578;1581;191
1578;1582;305
1579;1580;321
1579;1581;292
1579;1583;398
1580;1579;321
1581;1577;130
1581;1578;191
1581;1579;292
1582;1578;305
1583;1579;398
1583;1585;217
1583;1586;243
1584;1587;196
1585;1583;217
1585;1587;149
1585;1589;376
1586;1583;243
