0;2;104
1;5;291
2;0;104
2;4;166
2;5;143
2;6;242
3;6;279
3;7;237
4;2;166
5;1;291
5;2;143
6;2;242
6;3;279
6;9;220
7;3;237
8;9;403
8;10;321
9;6;220
9;8;403
9;11;478
10;8;321
11;9;478
11;14;456
12;16;106
13;15;180
14;11;456
14;17;304
15;13;180
15;18;469
16;12;106
16;18;136
17;14;304
17;18;222
18;15;469
18;16;136
18;17;222
18;21;145
18;22;357
19;21;195
20;23;249
21;18;145
21;19;195
22;18;357
22;24;129
22;25;268
22;26;206
23;20;249
23;26;212
24;22;129
24;28;120
25;22;268
26;22;206
26;23;212
27;30;361
28;24;120
28;30;171
29;33;271
30;27;361
30;28;171
30;32;334
30;34;155
31;32;209
31;33;333
32;30;334
32;31;209
33;29;271
33;31;333
34;30;155
34;36;247
35;39;484
36;34;247
36;39;296
37;40;115
38;40;160
38;41;195
39;35;484
39;36;296
39;41;232
40;37;115
40;38;160
41;38;195
41;39;232
41;44;246
42;46;337
43;45;291
43;46;130
44;41;246
44;46;159
45;43;291
46;42;337
46;43;130
46;44;159
46;48;117
47;48;129
48;46;117
48;47;129
48;49;125
49;48;125
49;50;204
50;49;204
50;51;234
50;52;248
51;50;234
52;50;248
52;53;245
53;52;245
53;54;152
53;56;173
53;57;133
54;53;152
55;58;266
56;53;173
56;58;397
56;59;191
57;53;133
57;60;157
58;55;266
58;56;397
59;56;191
59;61;247
59;63;161
60;57;157
61;59;247
61;64;156
61;65;224
62;66;461
63;59;161
64;61;156
64;68;253
65;61;224
65;66;189
66;62;461
66;65;189
66;69;213
67;71;356
68;64;253
69;66;213
69;70;248
69;72;209
70;69;248
71;67;356
71;75;254
72;69;209
72;75;180
73;75;105
74;76;291
75;71;254
75;72;180
75;73;105
75;76;301
76;74;291
76;75;301
76;77;168
76;80;341
77;76;168
77;78;354
78;77;354
78;82;371
79;83;287
80;76;341
81;83;306
81;85;277
82;78;371
82;83;203
82;84;225
83;79;287
83;81;306
83;82;203
84;82;225
84;86;223
85;81;277
86;84;223
86;90;167
87;90;298
88;90;101
88;91;248
89;91;140
90;86;167
90;87;298
90;88;101
91;88;248
91;89;140
91;92;170
92;91;170
92;93;206
93;92;206
93;94;187
94;93;187
94;95;379
95;94;379
95;97;249
96;100;112
97;95;249
97;100;259
97;101;146
98;101;325
99;101;400
99;102;312
100;96;112
100;97;259
100;104;256
101;97;146
101;98;325
101;99;400
102;99;312
103;106;352
104;100;256
104;106;250
104;107;241
105;109;198
106;103;352
106;104;250
106;109;123
106;110;236
107;104;241
108;111;336
109;105;198
109;106;123
110;106;236
110;112;193
111;108;336
111;112;172
112;110;193
112;111;172
112;113;132
112;114;214
112;115;229
113;112;132
113;116;128
114;112;214
115;112;229
115;118;133
116;113;128
116;119;185
117;120;422
118;115;133
119;116;185
119;122;227
120;117;422
120;121;401
121;120;401
121;123;190
122;119;227
122;125;160
122;126;166
123;121;190
123;124;176
124;123;176
124;125;217
125;122;160
125;124;217
125;127;223
126;122;166
126;128;288
126;130;309
127;125;223
127;129;104
128;126;288
129;127;104
130;126;309
130;133;176
131;135;135
132;133;276
133;130;176
133;132;276
133;137;287
134;138;150
135;131;135
135;138;117
136;140;182
137;133;287
137;138;147
137;141;129
138;134;150
138;135;117
138;137;147
138;142;119
139;142;337
139;143;311
140;136;182
140;143;149
141;137;129
141;144;253
142;138;119
142;139;337
142;146;412
143;139;311
143;140;149
143;147;106
144;141;253
144;145;100
145;144;100
145;148;288
145;149;146
146;142;412
147;143;106
147;151;181
148;145;288
149;145;146
150;154;431
151;147;181
151;152;212
151;154;160
152;151;212
152;155;201
153;154;206
154;150;431
154;151;160
154;153;206
155;152;201
155;157;245
155;159;258
156;157;322
157;155;245
157;156;322
158;161;145
159;155;258
159;161;246
160;164;174
161;158;145
161;159;246
161;163;153
162;165;198
163;161;153
163;164;112
164;160;174
164;163;112
164;165;120
164;166;370
165;162;198
165;164;120
165;167;370
166;164;370
167;165;370
167;168;289
168;167;289
168;169;173
169;168;173
169;171;310
170;172;159
171;169;310
171;172;250
171;173;104
171;174;324
172;170;159
172;171;250
173;171;104
173;177;238
174;171;324
175;176;166
176;175;166
176;177;252
176;179;356
177;173;238
177;176;252
178;182;478
179;176;356
179;183;183
180;181;188
180;183;297
181;180;188
182;178;478
182;185;267
183;179;183
183;180;297
183;184;226
184;183;226
184;186;227
185;182;267
185;186;202
186;184;227
186;185;202
186;188;171
187;191;197
188;186;171
188;192;256
189;190;377
190;189;377
190;193;329
191;187;197
191;194;200
192;188;256
192;193;237
192;196;256
193;190;329
193;192;237
194;191;200
194;198;206
195;198;265
196;192;256
196;197;391
196;198;219
197;196;391
198;194;206
198;195;265
198;196;219
198;199;370
199;198;370
199;201;201
199;203;273
200;203;559
201;199;201
201;202;158
201;204;555
202;201;158
202;205;100
203;199;273
203;200;559
204;201;555
205;202;100
205;208;149
206;208;358
207;209;442
208;205;149
208;206;358
208;209;100
209;207;442
209;208;100
209;212;155
210;212;243
210;213;259
211;212;232
212;209;155
212;210;243
212;211;232
213;210;259
213;214;128
213;216;135
214;213;128
214;215;194
215;214;194
216;213;135
216;217;137
216;218;103
216;220;167
217;216;137
218;216;103
218;222;119
219;222;130
220;216;167
220;221;299
221;220;299
221;223;168
221;225;100
222;218;119
222;219;130
222;226;296
223;221;168
223;224;240
223;227;184
224;223;240
225;221;100
225;229;343
226;222;296
226;230;262
227;223;184
228;230;245
229;225;343
230;226;262
230;228;245
230;232;410
231;234;364
232;230;410
232;234;156
232;236;100
233;237;200
234;231;364
234;232;156
234;237;193
235;238;267
236;232;100
237;233;200
237;234;193
237;239;235
237;240;243
238;235;267
238;240;228
238;241;158
239;237;235
240;237;243
240;238;228
241;238;158
241;242;215
241;243;458
242;241;215
242;244;293
243;241;458
244;242;293
244;245;327
245;244;327
245;249;264
246;247;177
247;246;177
247;249;108
248;251;114
249;245;264
249;247;108
249;251;277
249;252;420
250;253;410
250;254;103
251;248;114
251;249;277
251;254;369
252;249;420
253;250;410
253;256;377
254;250;103
254;251;369
254;255;297
254;258;383
255;254;297
256;253;377
256;257;235
257;256;235
258;254;383
258;261;163
258;262;185
259;263;220
260;261;194
261;258;163
261;260;194
262;258;185
262;263;185
263;259;220
263;262;185
263;264;106
263;266;132
264;263;106
264;265;254
265;264;254
265;268;161
266;263;132
267;271;249
268;265;161
268;272;167
269;273;175
270;271;231
271;267;249
271;270;231
271;272;230
271;273;227
271;274;271
272;268;167
272;271;230
273;269;175
273;271;227
273;277;124
274;271;271
275;277;138
276;277;187
277;273;124
277;275;138
277;276;187
277;278;119
278;277;119
278;281;234
279;282;269
280;281;127
281;278;234
281;280;127
281;283;249
282;279;269
282;284;191
283;281;249
283;286;245
284;282;191
284;286;102
285;289;399
286;283;245
286;284;102
286;287;200
286;288;124
286;290;266
287;286;200
288;286;124
289;285;399
289;290;294
289;291;273
289;292;147
290;286;266
290;289;294
291;289;273
291;293;221
292;289;147
293;291;221
293;294;256
294;293;256
294;297;320
295;296;250
295;297;113
296;295;250
296;298;287
297;294;320
297;295;113
297;300;283
298;296;287
298;299;369
299;298;369
299;303;294
300;297;283
301;305;304
302;303;214
302;306;215
303;299;294
303;302;214
304;306;189
304;307;183
304;308;372
305;301;304
305;308;244
306;302;215
306;304;189
307;304;183
307;310;317
308;304;372
308;305;244
309;311;405
309;313;106
310;307;317
310;312;163
311;309;405
312;310;163
312;314;144
313;309;106
313;315;274
314;312;144
314;316;278
314;318;486
315;313;274
315;316;267
316;314;278
316;315;267
316;317;199
317;316;199
318;314;486
318;320;216
318;321;263
319;321;238
319;322;200
319;323;327
320;318;216
321;318;263
321;319;238
321;324;288
322;319;200
323;319;327
323;325;219
324;321;288
325;323;219
325;328;279
326;328;101
327;330;208
328;325;279
328;326;101
328;329;206
328;331;241
329;328;206
330;327;208
330;333;162
330;334;340
331;328;241
331;333;149
331;335;148
332;334;327
333;330;162
333;331;149
333;337;271
334;330;340
334;332;327
335;331;148
336;338;293
336;339;130
336;340;197
337;333;271
337;340;267
338;336;293
339;336;130
339;342;239
339;343;118
340;336;197
340;337;267
341;343;349
342;339;239
342;346;277
343;339;118
343;341;349
344;345;247
344;347;221
345;344;247
345;348;123
346;342;277
346;347;210
346;350;230
347;344;221
347;346;210
348;345;123
349;350;138
350;346;230
350;349;138
350;352;186
351;352;110
352;350;186
352;351;110
352;353;348
353;352;348
353;356;244
354;357;254
355;358;197
356;353;244
356;359;364
357;354;254
357;358;152
357;359;185
357;360;277
358;355;197
358;357;152
358;361;419
359;356;364
359;357;185
359;363;290
360;357;277
361;358;419
362;364;329
363;359;290
363;364;384
363;366;505
364;362;329
364;363;384
365;368;157
366;363;505
366;369;198
367;368;124
368;365;157
368;367;124
368;372;121
369;366;198
369;373;267
370;372;165
370;374;100
371;372;571
372;368;121
372;370;165
372;371;571
373;369;267
373;374;169
373;375;133
374;370;100
374;373;169
375;373;133
375;377;205
375;378;257
376;380;304
377;375;205
377;380;319
378;375;257
379;380;151
380;376;304
380;377;319
380;379;151
380;383;299
381;384;217
382;385;144
383;380;299
383;385;112
384;381;217
384;385;122
384;386;129
384;387;154
384;388;120
385;382;144
385;383;112
385;384;122
386;384;129
386;389;426
386;390;379
387;384;154
388;384;120
388;392;399
389;386;426
390;386;379
391;395;246
392;388;399
392;394;212
393;394;312
394;392;212
394;393;312
394;395;339
394;396;206
395;391;246
395;394;339
396;394;206
396;397;114
397;396;114
397;398;350
397;400;302
398;397;350
398;399;276
399;398;276
399;401;272
399;403;437
400;397;302
401;399;272
402;403;355
402;404;275
402;405;344
402;406;366
403;399;437
403;402;355
404;402;275
405;402;344
405;409;231
406;402;366
407;409;367
407;410;408
408;409;221
408;412;282
409;405;231
409;407;367
409;408;221
410;407;408
411;412;142
412;408;282
412;411;142
412;415;155
413;416;249
414;415;222
414;417;114
414;418;104
415;412;155
415;414;222
416;413;249
416;420;150
417;414;114
417;419;238
417;420;137
418;414;104
419;417;238
420;416;150
420;417;137
420;422;531
421;422;118
421;424;198
422;420;531
422;421;118
422;423;193
423;422;193
424;421;198
424;425;127
424;428;171
425;424;127
425;426;113
425;427;227
426;425;113
426;429;163
427;425;227
428;424;171
428;431;420
429;426;163
429;430;222
430;429;222
430;434;122
431;428;420
432;434;321
433;435;610
434;430;122
434;432;321
434;436;307
435;433;610
435;437;368
436;434;307
436;437;235
437;435;368
437;436;235
437;440;150
437;441;149
438;440;165
438;442;257
439;440;124
439;443;236
440;437;150
440;438;165
440;439;124
441;437;149
441;444;379
442;438;257
443;439;236
444;441;379
444;447;216
444;448;205
445;446;314
446;445;314
446;447;175
447;444;216
447;446;175
447;449;179
448;444;205
448;452;303
449;447;179
450;453;416
451;453;239
452;448;303
452;453;221
452;456;317
453;450;416
453;451;239
453;452;221
454;456;304
455;456;212
456;452;317
456;454;304
456;455;212
456;457;269
457;456;269
457;458;111
457;461;176
458;457;111
459;460;130
459;461;254
460;459;130
461;457;176
461;459;254
461;465;313
462;465;110
463;464;193
463;466;164
464;463;193
465;461;313
465;462;110
465;468;197
465;469;517
466;463;164
466;468;186
467;468;257
468;465;197
468;466;186
468;467;257
468;471;227
469;465;517
470;474;200
471;468;227
471;473;115
471;474;324
472;475;245
473;471;115
474;470;200
474;471;324
474;475;229
474;476;155
474;478;358
475;472;245
475;474;229
476;474;155
476;480;230
477;479;140
478;474;358
478;479;162
478;481;205
479;477;140
479;478;162
479;483;512
480;476;230
481;478;205
481;485;341
482;484;189
483;479;512
484;482;189
484;485;203
484;486;260
485;481;341
485;484;203
485;488;229
486;484;260
487;489;166
488;485;229
488;489;165
489;487;166
489;488;165
489;490;186
489;491;184
490;489;186
490;492;174
490;494;416
491;489;184
491;495;201
492;490;174
493;495;401
494;490;416
494;497;213
495;491;201
495;493;401
496;497;179
497;494;213
497;496;179
497;499;162
498;499;323
499;497;162
499;498;323
499;501;231
499;502;323
500;503;428
501;499;231
502;499;323
502;505;524
503;500;428
503;507;203
504;505;119
504;508;357
505;502;524
505;504;119
505;509;383
506;507;235
507;503;203
507;506;235
507;509;260
508;504;357
508;510;192
508;512;282
509;505;383
509;507;260
510;508;192
510;511;192
510;513;168
511;510;192
511;514;190
512;508;282
512;515;158
513;510;168
513;516;236
513;517;108
514;511;190
515;512;158
516;513;236
517;513;108
517;519;147
517;520;289
517;521;207
518;519;339
519;517;147
519;518;339
520;517;289
521;517;207
521;522;252
521;523;323
522;521;252
523;521;323
523;524;246
524;523;246
524;528;134
525;528;303
526;527;194
527;526;194
527;528;197
528;524;134
528;525;303
528;527;197
528;531;246
529;530;247
529;533;231
530;529;247
530;532;160
531;528;246
531;534;233
532;530;160
533;529;231
533;536;259
534;531;233
534;535;218
534;536;216
535;534;218
535;539;141
536;533;259
536;534;216
536;537;355
537;536;355
537;540;117
538;540;200
539;535;141
540;537;117
540;538;200
540;542;225
541;542;130
542;540;225
542;541;130
542;543;307
542;546;368
543;542;307
543;544;574
543;547;234
544;543;574
545;546;130
546;542;368
546;545;130
547;543;234
547;550;299
548;549;237
549;548;237
549;553;265
550;547;299
550;554;279
551;552;115
551;553;153
552;551;115
553;549;265
553;551;153
553;557;219
554;550;279
554;555;236
554;558;256
555;554;236
556;557;311
556;560;338
557;553;219
557;556;311
557;558;203
557;559;336
558;554;256
558;557;203
559;557;336
560;556;338
560;562;195
561;562;235
562;560;195
562;561;235
562;563;197
563;562;197
563;566;128
563;567;232
564;566;167
565;566;138
566;563;128
566;564;167
566;565;138
567;563;232
567;570;146
568;570;195
568;572;298
569;571;147
569;572;189
570;567;146
570;568;195
570;574;252
571;569;147
572;568;298
572;569;189
572;573;142
573;572;142
573;576;229
574;570;252
574;575;293
574;578;214
575;574;293
576;573;229
576;579;110
576;580;219
577;578;242
578;574;214
578;577;242
579;576;110
579;581;295
580;576;219
580;583;386
580;584;362
581;579;295
582;585;180
583;580;386
584;580;362
584;586;153
585;582;180
585;588;183
586;584;153
586;590;184
587;591;101
588;585;183
588;589;132
589;588;132
589;590;123
590;586;184
590;589;123
590;592;108
591;587;101
591;592;126
591;593;145
592;590;108
592;591;126
592;595;129
593;591;145
593;596;126
594;596;460
595;592;129
595;597;394
595;599;233
596;593;126
596;594;460
596;598;240
596;600;223
597;595;394
598;596;240
598;602;195
599;595;233
600;596;223
601;604;281
602;598;195
602;606;183
603;604;218
603;606;225
604;601;281
604;603;218
605;608;346
606;602;183
606;603;225
606;610;166
607;608;368
608;605;346
608;607;368
608;611;276
609;613;229
610;606;166
610;611;207
611;608;276
611;610;207
611;612;253
612;611;253
612;614;301
612;616;116
613;609;229
613;616;266
614;612;301
614;618;123
615;619;163
616;612;116
616;613;266
617;619;162
618;614;123
618;619;231
619;615;163
619;617;162
619;618;231
619;622;210
620;621;143
621;620;143
621;623;115
622;619;210
622;623;121
623;621;115
623;622;121
623;626;200
624;625;405
625;624;405
625;626;168
625;627;214
626;623;200
626;625;168
627;625;214
627;628;177
628;627;177
628;629;306
628;630;296
628;632;175
629;628;306
630;628;296
630;633;243
631;635;378
632;628;175
632;635;148
633;630;243
633;636;250
634;635;184
635;631;378
635;632;148
635;634;184
636;633;250
636;640;192
637;638;315
638;637;315
638;639;314
638;640;495
639;638;314
640;636;192
640;638;495
640;641;336
640;643;126
641;640;336
642;643;269
642;644;162
643;640;126
643;642;269
644;642;162
644;647;116
645;646;428
646;645;428
646;649;354
646;650;177
647;644;116
647;650;240
648;651;119
649;646;354
650;646;177
650;647;240
650;652;143
651;648;119
651;654;300
651;655;264
652;650;143
652;653;186
652;654;135
653;652;186
653;656;319
654;651;300
654;652;135
655;651;264
655;657;118
656;653;319
657;655;118
657;658;103
658;657;103
658;660;242
658;661;116
659;661;356
660;658;242
660;662;183
661;658;116
661;659;356
661;665;121
662;660;183
662;666;283
663;665;294
664;668;210
665;661;121
665;663;294
665;668;441
666;662;283
667;668;221
668;664;210
668;665;441
668;667;221
668;669;395
668;672;191
669;668;395
670;674;317
671;675;173
672;668;191
672;675;308
673;675;105
674;670;317
674;676;236
675;671;173
675;672;308
675;673;105
675;677;135
676;674;236
676;677;179
676;678;125
676;679;107
677;675;135
677;676;179
678;676;125
678;681;186
679;676;107
680;682;262
681;678;186
681;684;206
681;685;189
682;680;262
682;684;186
683;684;159
684;681;206
684;682;186
684;683;159
684;687;119
685;681;189
685;686;219
686;685;219
687;684;119
687;688;269
687;689;291
687;690;355
688;687;269
688;691;184
689;687;291
690;687;355
691;688;184
691;692;312
691;695;118
692;691;312
692;696;301
693;694;235
694;693;235
694;696;317
695;691;118
695;698;324
696;692;301
696;694;317
697;701;332
698;695;324
698;699;217
698;702;195
699;698;217
699;701;270
699;703;192
700;704;239
701;697;332
701;699;270
701;705;312
702;698;195
702;706;345
703;699;192
703;704;156
704;700;239
704;703;156
705;701;312
705;707;108
706;702;345
707;705;108
707;711;181
708;709;101
708;712;110
709;708;101
709;713;343
710;712;200
711;707;181
711;714;116
712;708;110
712;710;200
713;709;343
713;715;141
714;711;116
714;715;148
715;713;141
715;714;148
715;718;122
716;719;148
717;719;162
717;721;208
718;715;122
718;721;172
718;722;340
719;716;148
719;717;162
720;721;220
721;717;208
721;718;172
721;720;220
721;725;341
722;718;340
723;724;226
723;725;148
723;727;161
724;723;226
725;721;341
725;723;148
725;728;180
726;727;187
727;723;161
727;726;187
728;725;180
728;732;115
729;730;188
729;731;468
729;732;264
729;733;125
730;729;188
731;729;468
732;728;115
732;729;264
732;736;216
733;729;125
734;735;117
734;738;163
735;734;117
735;737;178
736;732;216
736;739;307
737;735;178
737;741;122
738;734;163
739;736;307
739;743;182
740;743;186
741;737;122
741;744;154
742;743;265
742;745;279
743;739;182
743;740;186
743;742;265
743;747;134
744;741;154
744;745;249
745;742;279
745;744;249
745;746;186
746;745;186
747;743;134
747;750;194
748;750;514
749;750;114
749;753;351
750;747;194
750;748;514
750;749;114
750;751;530
750;752;151
751;750;530
752;750;151
753;749;351
753;755;295
754;755;322
755;753;295
755;754;322
755;758;207
756;757;158
757;756;158
757;759;247
757;761;272
758;755;207
758;762;244
759;757;247
759;762;107
760;764;248
761;757;272
761;765;100
762;758;244
762;759;107
762;764;195
763;764;228
763;767;250
764;760;248
764;762;195
764;763;228
765;761;100
766;768;327
767;763;250
767;770;255
768;766;327
768;769;325
769;768;325
769;772;117
770;767;255
770;771;286
770;774;391
771;770;286
772;769;117
772;773;218
773;772;218
773;774;205
774;770;391
774;773;205
774;776;163
774;777;213
775;779;194
776;774;163
777;774;213
777;779;142
778;779;172
778;781;147
778;782;121
779;775;194
779;777;142
779;778;172
780;783;112
781;778;147
781;783;172
781;784;246
782;778;121
782;785;259
783;780;112
783;781;172
783;786;103
784;781;246
784;787;226
785;782;259
786;783;103
787;784;226
787;788;306
787;789;355
788;787;306
789;787;355
789;791;573
790;791;288
791;789;573
791;790;288
791;794;199
792;796;541
793;795;194
794;791;199
794;795;213
794;797;327
795;793;194
795;794;213
795;796;214
796;792;541
796;795;214
797;794;327
797;800;374
798;799;429
798;802;347
799;798;429
800;797;374
800;801;389
800;802;254
800;803;385
800;804;320
801;800;389
802;798;347
802;800;254
803;800;385
804;800;320
804;805;188
805;804;188
805;807;106
805;808;219
806;808;136
807;805;106
807;811;440
808;805;219
808;806;136
808;809;188
809;808;188
810;813;299
810;814;140
811;807;440
811;814;332
812;815;153
813;810;299
813;815;423
814;810;140
814;811;332
814;818;521
815;812;153
815;813;423
815;819;633
816;820;511
817;820;107
818;814;521
818;822;119
819;815;633
820;816;511
820;817;107
820;822;126
820;824;100
821;822;160
821;823;172
821;825;142
822;818;119
822;820;126
822;821;160
823;821;172
824;820;100
824;827;219
825;821;142
826;828;384
827;824;219
827;830;237
828;826;384
828;832;313
829;830;163
829;831;180
830;827;237
830;829;163
831;829;180
831;834;214
831;835;232
832;828;313
832;836;269
833;835;310
834;831;214
835;831;232
835;833;310
835;837;271
836;832;269
836;837;306
836;838;126
837;835;271
837;836;306
838;836;126
838;840;420
838;841;224
839;840;326
840;838;420
840;839;326
841;838;224
841;842;129
842;841;129
842;843;349
842;846;296
843;842;349
844;846;205
844;848;218
845;847;384
846;842;296
846;844;205
847;845;384
847;850;462
848;844;218
848;850;344
848;852;235
849;852;243
849;853;278
850;847;462
850;848;344
850;851;315
851;850;315
852;848;235
852;849;243
853;849;278
853;854;175
853;855;260
854;853;175
854;856;192
854;857;288
855;853;260
856;854;192
857;854;288
857;858;176
857;860;126
857;861;143
858;857;176
858;862;255
859;860;110
860;857;126
860;859;110
861;857;143
861;863;182
862;858;255
862;864;139
863;861;182
864;862;139
864;867;404
865;866;349
865;867;228
866;865;349
866;870;177
867;864;404
867;865;228
867;869;179
868;870;306
869;867;179
869;871;212
869;873;274
870;866;177
870;868;306
870;872;370
871;869;212
872;870;370
873;869;274
873;874;249
873;877;318
874;873;249
874;875;455
875;874;455
875;878;269
876;880;133
877;873;318
878;875;269
878;880;443
879;880;244
880;876;133
880;878;443
880;879;244
880;881;114
880;884;241
881;880;114
882;883;189
882;884;244
883;882;189
883;887;138
884;880;241
884;882;244
884;888;267
885;886;273
885;888;146
886;885;273
887;883;138
888;884;267
888;885;146
888;889;306
889;888;306
889;893;153
890;894;196
891;895;147
892;895;119
893;889;153
893;896;221
894;890;196
894;896;141
895;891;147
895;892;119
895;896;112
896;893;221
896;894;141
896;895;112
896;900;145
897;900;252
897;901;156
898;899;343
898;900;166
898;902;309
899;898;343
900;896;145
900;897;252
900;898;166
900;904;259
901;897;156
902;898;309
903;905;172
904;900;259
904;908;250
905;903;172
905;908;113
906;907;210
906;908;134
907;906;210
907;911;159
908;904;250
908;905;113
908;906;134
909;912;225
910;914;223
911;907;159
911;913;242
912;909;225
912;913;191
912;914;241
913;911;242
913;912;191
913;917;308
914;910;223
914;912;241
915;916;152
915;919;164
916;915;152
916;920;149
917;913;308
917;919;154
918;919;291
918;921;130
918;922;390
919;915;164
919;917;154
919;918;291
920;916;149
921;918;130
921;923;315
922;918;390
922;925;350
923;921;315
924;925;224
924;927;156
925;922;350
925;924;224
926;929;411
927;924;156
927;929;357
927;930;111
928;932;229
929;926;411
929;927;357
929;932;216
929;933;303
930;927;111
931;935;401
932;928;229
932;929;216
932;935;311
933;929;303
934;935;177
934;937;277
935;931;401
935;932;311
935;934;177
935;936;177
935;938;343
935;939;168
936;935;177
937;934;277
938;935;343
938;941;344
939;935;168
939;940;316
940;939;316
941;938;344
941;944;173
942;944;113
943;944;190
944;941;173
944;942;113
944;943;190
944;945;148
944;947;272
945;944;148
945;948;101
946;949;258
946;950;356
947;944;272
947;949;196
948;945;101
949;946;258
949;947;196
949;953;253
950;946;356
951;953;304
952;953;432
953;949;253
953;951;304
953;952;432
953;955;309
953;957;421
954;955;263
955;953;309
955;954;263
955;956;225
956;955;225
957;953;421
957;959;115
958;959;288
958;961;401
959;957;115
959;958;288
959;960;236
959;963;123
960;959;236
961;958;401
962;965;427
963;959;123
963;964;106
964;963;106
964;968;174
965;962;427
965;968;193
966;967;126
966;970;135
967;966;126
967;968;182
968;964;174
968;965;193
968;967;182
969;970;110
969;971;177
969;973;159
970;966;135
970;969;110
970;972;237
971;969;177
972;970;237
972;974;241
973;969;159
974;972;241
974;975;214
975;974;214
975;976;180
975;978;252
976;975;180
976;980;118
977;979;123
977;980;166
978;975;252
978;981;178
978;982;149
979;977;123
980;976;118
980;977;166
981;978;178
981;984;254
982;978;149
982;985;296
983;984;254
984;981;254
984;983;254
985;982;296
985;988;352
986;988;151
986;989;137
987;989;339
987;990;423
988;985;352
988;986;151
988;991;278
989;986;137
989;987;339
990;987;423
991;988;278
991;994;114
992;996;366
993;994;102
994;991;114
994;993;102
994;998;115
995;996;286
996;992;366
996;995;286
996;997;271
996;999;247
997;996;271
997;1000;377
998;994;115
998;999;229
998;1001;127
999;996;247
999;998;229
1000;997;377
1000;1002;144
1001;998;127
1002;1000;144
1002;1006;356
1003;1006;207
1004;1006;121
1004;1008;359
1005;1006;133
1005;1007;294
1006;1002;356
1006;1003;207
1006;1004;121
1006;1005;133
1006;1010;383
1007;1005;294
1008;1004;359
1009;1010;350
1010;1006;383
1010;1009;350
1010;1014;265
1011;1014;520
1012;1016;153
1013;1017;156
1014;1010;265
1014;1011;520
1014;1015;186
1015;1014;186
1015;1018;231
1016;1012;153
1016;1017;136
1016;1019;156
1017;1013;156
1017;1016;136
1018;1015;231
1018;1019;188
1019;1016;156
1019;1018;188
1019;1023;333
1020;1024;180
1021;1022;232
1021;1024;187
1022;1021;232
1022;1023;159
1023;1019;333
1023;1022;159
1023;1025;154
1024;1020;180
1024;1021;187
1024;1026;218
1025;1023;154
1026;1024;218
1026;1027;101
1027;1026;101
1027;1030;330
1028;1031;419
1029;1030;192
1029;1032;357
1030;1027;330
1030;1029;192
1030;1031;363
1031;1028;419
1031;1030;363
1032;1029;357
1032;1033;282
1033;1032;282
1033;1036;242
1034;1035;289
1034;1036;323
1035;1034;289
1035;1038;307
1035;1039;121
1036;1033;242
1036;1034;323
1037;1039;248
1037;1041;254
1038;1035;307
1038;1040;339
1039;1035;121
1039;1037;248
1039;1042;171
1040;1038;339
1041;1037;254
1041;1044;252
1041;1045;387
1042;1039;171
1043;1044;265
1043;1047;356
1044;1041;252
1044;1043;265
1045;1041;387
1046;1050;145
1047;1043;356
1047;1048;393
1047;1050;226
1048;1047;393
1049;1051;116
1049;1052;234
1050;1046;145
1050;1047;226
1050;1051;184
1051;1049;116
1051;1050;184
1051;1055;207
1052;1049;234
1053;1054;199
1054;1053;199
1054;1057;160
1054;1058;273
1055;1051;207
1055;1056;161
1055;1058;348
1055;1059;436
1056;1055;161
1057;1054;160
1058;1054;273
1058;1055;348
1059;1055;436
1059;1060;189
1060;1059;189
1060;1061;309
1060;1062;164
1060;1064;225
1061;1060;309
1062;1060;164
1063;1064;192
1064;1060;225
1064;1063;192
1064;1068;213
1065;1067;286
1065;1068;371
1066;1068;131
1067;1065;286
1067;1070;233
1068;1064;213
1068;1065;371
1068;1066;131
1069;1070;360
1069;1071;122
1070;1067;233
1070;1069;360
1071;1069;122
1071;1073;213
1072;1073;216
1072;1074;276
1073;1071;213
1073;1072;216
1074;1072;276
1074;1078;208
1075;1076;307
1076;1075;307
1076;1077;296
1076;1080;170
1077;1076;296
1077;1079;176
1078;1074;208
1078;1079;291
1078;1082;302
1079;1077;176
1079;1078;291
1080;1076;170
1080;1081;160
1081;1080;160
1081;1083;196
1081;1085;302
1082;1078;302
1082;1084;199
1082;1086;244
1083;1081;196
1084;1082;199
1085;1081;302
1085;1087;294
1086;1082;244
1086;1090;318
1087;1085;294
1087;1088;347
1088;1087;347
1088;1091;160
1089;1090;472
1090;1086;318
1090;1089;472
1090;1094;147
1091;1088;160
1091;1092;362
1092;1091;362
1093;1094;203
1094;1090;147
1094;1093;203
1094;1097;336
1094;1098;342
1095;1096;148
1096;1095;148
1096;1100;323
1097;1094;336
1098;1094;342
1098;1100;220
1098;1101;217
1099;1100;248
1100;1096;323
1100;1098;220
1100;1099;248
1101;1098;217
1101;1105;302
1102;1105;356
1103;1107;114
1104;1107;318
1104;1108;160
1105;1101;302
1105;1102;356
1105;1107;102
1106;1109;341
1107;1103;114
1107;1104;318
1107;1105;102
1107;1109;410
1107;1110;116
1108;1104;160
1109;1106;341
1109;1107;410
1109;1112;478
1110;1107;116
1110;1113;346
1111;1113;220
1111;1114;207
1112;1109;478
1112;1116;107
1113;1110;346
1113;1111;220
1114;1111;207
1115;1119;249
1116;1112;107
1116;1118;253
1117;1118;154
1118;1116;253
1118;1117;154
1118;1120;166
1118;1121;152
1118;1122;435
1119;1115;249
1119;1121;166
1120;1118;166
1120;1124;278
1121;1118;152
1121;1119;166
1122;1118;435
1122;1126;386
1123;1125;209
1124;1120;278
1125;1123;209
1125;1127;136
1126;1122;386
1126;1130;422
1127;1125;136
1127;1130;217
1128;1129;557
1129;1128;557
1129;1131;199
1129;1132;190
1130;1126;422
1130;1127;217
1130;1132;125
1131;1129;199
1132;1129;190
1132;1130;125
1132;1133;238
1132;1134;242
1133;1132;238
1134;1132;242
1134;1137;154
1135;1139;205
1136;1139;185
1137;1134;154
1137;1141;189
1138;1139;195
1139;1135;205
1139;1136;185
1139;1138;195
1139;1140;187
1140;1139;187
1140;1141;232
1141;1137;189
1141;1140;232
1141;1142;167
1141;1145;214
1142;1141;167
1142;1143;136
1143;1142;136
1143;1144;215
1143;1146;232
1144;1143;215
1145;1141;214
1145;1147;171
1145;1148;216
1146;1143;232
1147;1145;171
1147;1149;189
1148;1145;216
1148;1151;265
1149;1147;189
1149;1150;134
1150;1149;134
1151;1148;265
1151;1153;322
1151;1154;392
1151;1155;344
1152;1153;327
1153;1151;322
1153;1152;327
1154;1151;392
1154;1156;331
1154;1157;262
1155;1151;344
1156;1154;331
1156;1159;386
1157;1154;262
1158;1160;200
1159;1156;386
1159;1163;239
1160;1158;200
1160;1161;145
1161;1160;145
1161;1162;128
1161;1163;200
1161;1164;262
1162;1161;128
1162;1166;190
1163;1159;239
1163;1161;200
1164;1161;262
1165;1166;209
1166;1162;190
1166;1165;209
1166;1168;356
1167;1168;326
1167;1169;250
1168;1166;356
1168;1167;326
1169;1167;250
1169;1172;207
1170;1171;141
1170;1172;219
1171;1170;141
1171;1173;180
1172;1169;207
1172;1170;219
1173;1171;180
1173;1175;276
1173;1177;216
1174;1175;179
1175;1173;276
1175;1174;179
1175;1178;325
1176;1178;332
1177;1173;216
1178;1175;325
1178;1176;332
1178;1181;311
1179;1183;140
1180;1181;123
1180;1184;147
1181;1178;311
1181;1180;123
1182;1184;280
1182;1185;151
1183;1179;140
1183;1184;179
1184;1180;147
1184;1182;280
1184;1183;179
1184;1188;269
1185;1182;151
1186;1187;100
1186;1188;246
1187;1186;100
1188;1184;269
1188;1186;246
1188;1191;143
1189;1191;248
1190;1193;174
1191;1188;143
1191;1189;248
1191;1194;157
1191;1195;401
1192;1193;139
1192;1196;220
1193;1190;174
1193;1192;139
1193;1194;254
1194;1191;157
1194;1193;254
1194;1198;110
1195;1191;401
1196;1192;220
1196;1200;394
1197;1198;281
1197;1199;110
1198;1194;110
1198;1197;281
1198;1202;178
1199;1197;110
1199;1201;365
1200;1196;394
1201;1199;365
1201;1205;224
1202;1198;178
1203;1205;205
1203;1206;106
1204;1207;265
1205;1201;224
1205;1203;205
1205;1208;200
1206;1203;106
1207;1204;265
1207;1211;130
1208;1205;200
1208;1209;174
1209;1208;174
1209;1210;273
1209;1211;190
1210;1209;273
1211;1207;130
1211;1209;190
1211;1215;168
1212;1216;113
1213;1214;168
1214;1213;168
1214;1217;216
1214;1218;133
1215;1211;168
1215;1218;270
1216;1212;113
1216;1219;336
1217;1214;216
1218;1214;133
1218;1215;270
1218;1219;146
1218;1222;117
1219;1216;336
1219;1218;146
1220;1221;216
1220;1222;185
1221;1220;216
1221;1224;104
1222;1218;117
1222;1220;185
1222;1223;427
1223;1222;427
1224;1221;104
1224;1228;212
1225;1227;225
1225;1229;355
1226;1227;197
1227;1225;225
1227;1226;197
1227;1231;157
1228;1224;212
1228;1230;160
1229;1225;355
1230;1228;160
1230;1231;154
1231;1227;157
1231;1230;154
1231;1233;141
1231;1234;152
1231;1235;156
1232;1234;239
1232;1236;175
1233;1231;141
1233;1237;215
1234;1231;152
1234;1232;239
1234;1238;229
1235;1231;156
1236;1232;175
1237;1233;215
1238;1234;229
1238;1242;104
1239;1243;129
1240;1243;264
1241;1242;279
1242;1238;104
1242;1241;279
1242;1246;150
1243;1239;129
1243;1240;264
1243;1244;143
1243;1246;246
1244;1243;143
1245;1248;259
1245;1249;253
1246;1242;150
1246;1243;246
1246;1247;345
1246;1248;236
1247;1246;345
1248;1245;259
1248;1246;236
1248;1250;210
1248;1252;108
1249;1245;253
1250;1248;210
1250;1251;270
1251;1250;270
1251;1253;256
1252;1248;108
1253;1251;256
1253;1256;167
1253;1257;139
1254;1256;205
1255;1257;233
1256;1253;167
1256;1254;205
1257;1253;139
1257;1255;233
1257;1260;154
1258;1259;129
1258;1261;100
1259;1258;129
1259;1260;141
1260;1257;154
1260;1259;141
1260;1263;171
1261;1258;100
1261;1262;116
1262;1261;116
1262;1264;312
1263;1260;171
1263;1267;259
1264;1262;312
1264;1266;238
1265;1269;325
1266;1264;238
1267;1263;259
1267;1270;162
1268;1269;227
1269;1265;325
1269;1268;227
1269;1270;142
1270;1267;162
1270;1269;142
1270;1273;358
1270;1274;418
1271;1274;403
1272;1273;351
1273;1270;358
1273;1272;351
1273;1277;478
1274;1270;418
1274;1271;403
1275;1277;372
1276;1277;165
1276;1279;164
1277;1273;478
1277;1275;372
1277;1276;165
1277;1280;269
1278;1279;462
1279;1276;164
1279;1278;462
1279;1281;150
1279;1282;148
1280;1277;269
1280;1283;159
1281;1279;150
1281;1284;545
1282;1279;148
1283;1280;159
1283;1285;289
1284;1281;545
1285;1283;289
1285;1287;352
1286;1290;291
1287;1285;352
1287;1288;153
1287;1291;143
1288;1287;153
1289;1291;219
1289;1293;409
1290;1286;291
1290;1291;168
1291;1287;143
1291;1289;219
1291;1290;168
1292;1296;115
1293;1289;409
1293;1297;486
1294;1296;219
1294;1297;169
1295;1296;146
1296;1292;115
1296;1294;219
1296;1295;146
1296;1300;337
1297;1293;486
1297;1294;169
1298;1299;281
1299;1298;281
1299;1301;352
1300;1296;337
1300;1302;337
1300;1303;281
1301;1299;352
1301;1302;325
1302;1300;337
1302;1301;325
1302;1304;123
1302;1306;165
1303;1300;281
1303;1305;263
1304;1302;123
1305;1303;263
1306;1302;165
1306;1309;221
1307;1308;177
1307;1310;205
1308;1307;177
1309;1306;221
1309;1311;174
1310;1307;205
1310;1312;274
1311;1309;174
1311;1312;127
1312;1310;274
1312;1311;127
1312;1315;141
1312;1316;199
1313;1316;200
1314;1317;102
1314;1318;211
1315;1312;141
1315;1317;134
1316;1312;199
1316;1313;200
1317;1314;102
1317;1315;134
1318;1314;211
1318;1320;379
1318;1321;382
1318;1322;234
1319;1320;388
1320;1318;379
1320;1319;388
1321;1318;382
1321;1323;128
1321;1324;276
1322;1318;234
1322;1325;149
1323;1321;128
1324;1321;276
1324;1328;323
1325;1322;149
1326;1329;344
1327;1328;265
1328;1324;323
1328;1327;265
1328;1329;213
1328;1330;207
1329;1326;344
1329;1328;213
1330;1328;207
1330;1331;180
1331;1330;180
1331;1333;289
1331;1334;161
1332;1335;117
1333;1331;289
1333;1336;359
1334;1331;161
1334;1335;199
1334;1337;247
1335;1332;117
1335;1334;199
1336;1333;359
1337;1334;247
1337;1338;101
1337;1340;138
1338;1337;101
1338;1341;262
1339;1340;132
1339;1342;134
1340;1337;138
1340;1339;132
1340;1344;150
1341;1338;262
1342;1339;134
1342;1345;100
1342;1346;111
1343;1346;131
1344;1340;150
1344;1347;146
1345;1342;100
1346;1342;111
1346;1343;131
1346;1349;112
1346;1350;156
1347;1344;146
1347;1351;114
1348;1349;167
1349;1346;112
1349;1348;167
1350;1346;156
1351;1347;114
1351;1352;255
1351;1355;205
1352;1351;255
1353;1356;133
1353;1357;121
1354;1356;287
1355;1351;205
1355;1356;107
1356;1353;133
1356;1354;287
1356;1355;107
1356;1360;248
1357;1353;121
1357;1358;316
1358;1357;316
1359;1360;282
1359;1361;313
1360;1356;248
1360;1359;282
1361;1359;313
1361;1363;432
1362;1364;333
1362;1365;311
1363;1361;432
1363;1367;297
1364;1362;333
1364;1368;393
1365;1362;311
1365;1367;486
1366;1369;427
1367;1363;297
1367;1365;486
1368;1364;393
1368;1369;269
1369;1366;427
1369;1368;269
1369;1371;245
1370;1373;385
1371;1369;245
1371;1372;353
1371;1373;115
1371;1375;415
1372;1371;353
1373;1370;385
1373;1371;115
1374;1375;248
1375;1371;415
1375;1374;248
1375;1376;243
1375;1378;288
1376;1375;243
1377;1379;179
1378;1375;288
1378;1379;284
1378;1380;267
1379;1377;179
1379;1378;284
1380;1378;267
1380;1382;146
1380;1383;174
1381;1382;115
1382;1380;146
1382;1381;115
1382;1385;124
1382;1386;218
1383;1380;174
1383;1387;106
1384;1385;158
1385;1382;124
1385;1384;158
1386;1382;218
1387;1383;106
1387;1388;169
1387;1390;287
1388;1387;169
1388;1389;284
1388;1392;328
1389;1388;284
1389;1391;178
1390;1387;287
1391;1389;178
1391;1394;302
1392;1388;328
1393;1395;248
1394;1391;302
1394;1397;364
1395;1393;248
1395;1397;245
1395;1398;180
1396;1399;518
1397;1394;364
1397;1395;245
1397;1400;391
1398;1395;180
1399;1396;518
1399;1402;201
1400;1397;391
1400;1404;149
1401;1402;199
1402;1399;201
1402;1401;199
1402;1404;294
1403;1404;190
1404;1400;149
1404;1402;294
1404;1403;190
1404;1407;373
1404;1408;474
1405;1406;226
1405;1407;110
1405;1409;419
1406;1405;226
1407;1404;373
1407;1405;110
1408;1404;474
1409;1405;419
1409;1411;181
1410;1411;164
1410;1412;473
1410;1414;176
1411;1409;181
1411;1410;164
1412;1410;473
1412;1413;204
1413;1412;204
1414;1410;176
1414;1417;373
1415;1417;269
1416;1420;103
1417;1414;373
1417;1415;269
1417;1419;297
1418;1419;140
1418;1422;169
1419;1417;297
1419;1418;140
1419;1423;264
1420;1416;103
1420;1424;201
1421;1423;266
1422;1418;169
1422;1425;239
1423;1419;264
1423;1421;266
1424;1420;201
1424;1425;266
1424;1426;224
1425;1422;239
1425;1424;266
1426;1424;224
1426;1427;240
1426;1429;208
1427;1426;240
1427;1428;366
1428;1427;366
1428;1431;159
1429;1426;208
1430;1434;543
1431;1428;159
1431;1433;229
1432;1433;307
1433;1431;229
1433;1432;307
1433;1436;201
1434;1430;543
1434;1436;334
1435;1436;374
1435;1437;320
1436;1433;201
1436;1434;334
1436;1435;374
1436;1440;222
1437;1435;320
1437;1438;267
1438;1437;267
1439;1440;144
1440;1436;222
1440;1439;144
1440;1442;234
1440;1444;336
1441;1442;126
1442;1440;234
1442;1441;126
1442;1445;151
1442;1446;198
1443;1446;234
1443;1447;322
1444;1440;336
1445;1442;151
1446;1442;198
1446;1443;234
1447;1443;322
1447;1451;303
1448;1451;263
1448;1452;156
1449;1450;150
1449;1452;229
1449;1453;141
1450;1449;150
1451;1447;303
1451;1448;263
1452;1448;156
1452;1449;229
1452;1454;154
1453;1449;141
1453;1457;311
1454;1452;154
1455;1456;373
1455;1457;109
1455;1459;126
1456;1455;373
1457;1453;311
1457;1455;109
1458;1459;262
1458;1461;313
1459;1455;126
1459;1458;262
1460;1462;158
1460;1464;271
1461;1458;313
1461;1463;179
1462;1460;158
1463;1461;179
1463;1464;131
1464;1460;271
1464;1463;131
1464;1466;309
1464;1467;100
1465;1469;342
1466;1464;309
1467;1464;100
1467;1470;147
1468;1471;123
1469;1465;342
1469;1470;283
1469;1471;209
1470;1467;147
1470;1469;283
1471;1468;123
1471;1469;209
1471;1472;237
1472;1471;237
1472;1474;256
1472;1475;354
1473;1475;231
1474;1472;256
1474;1477;202
1475;1472;354
1475;1473;231
1476;1480;502
1477;1474;202
1477;1478;146
1478;1477;146
1478;1480;143
1479;1481;326
1480;1476;502
1480;1478;143
1480;1481;106
1480;1483;103
1480;1484;322
1481;1479;326
1481;1480;106
1482;1483;225
1483;1480;103
1483;1482;225
1483;1485;208
1484;1480;322
1485;1483;208
1485;1488;101
1486;1487;106
1487;1486;106
1487;1488;125
1487;1490;338
1488;1485;101
1488;1487;125
1489;1491;237
1490;1487;338
1490;1491;208
1490;1493;287
1491;1489;237
1491;1490;208
1491;1495;144
1492;1494;127
1493;1490;287
1493;1496;272
1494;1492;127
1494;1496;125
1494;1498;186
1495;1491;144
1496;1493;272
1496;1494;125
1497;1498;175
1498;1494;186
1498;1497;175
1498;1499;341
1498;1500;129
1498;1502;201
1499;1498;341
1500;1498;129
1500;1501;254
1501;1500;254
1502;1498;201
1502;1504;186
1502;1506;188
1503;1506;169
1504;1502;186
1504;1505;206
1505;1504;206
1506;1502;188
1506;1503;169
1506;1507;175
1506;1509;253
1507;1506;175
1508;1510;346
1509;1506;253
1509;1510;314
1510;1508;346
1510;1509;314
1510;1514;233
1511;1515;123
1512;1516;309
1513;1514;346
1514;1510;233
1514;1513;346
1514;1517;232
1515;1511;123
1515;1517;264
1515;1519;411
1516;1512;309
1516;1519;140
1517;1514;232
1517;1515;264
1518;1519;262
1518;1521;224
1519;1515;411
1519;1516;140
1519;1518;262
1519;1522;267
1520;1521;316
1520;1523;171
1521;1518;224
1521;1520;316
1521;1524;120
1522;1519;267
1523;1520;171
1523;1527;127
1524;1521;120
1525;1526;149
1525;1528;191
1526;1525;149
1527;1523;127
1527;1529;178
1528;1525;191
1528;1531;190
1529;1527;178
1529;1533;137
1530;1531;421
1531;1528;190
1531;1530;421
1531;1533;212
1532;1535;157
1533;1529;137
1533;1531;212
1533;1535;198
1533;1536;227
1534;1538;293
1535;1532;157
1535;1533;198
1536;1533;227
1536;1537;283
1537;1536;283
1537;1538;174
1537;1540;101
1538;1534;293
1538;1537;174
1539;1540;154
1540;1537;101
1540;1539;154
1540;1542;193
1541;1544;490
1542;1540;193
1542;1546;118
1543;1544;258
1544;1541;490
1544;1543;258
1544;1545;221
1545;1544;221
1545;1546;147
1545;1548;141
1546;1542;118
1546;1545;147
1546;1549;144
1547;1551;137
1548;1545;141
1549;1546;144
1549;1550;176
1549;1553;130
1550;1549;176
1550;1551;182
1551;1547;137
1551;1550;182
1551;1554;176
1552;1553;157
1553;1549;130
1553;1552;157
1554;1551;176
1554;1556;146
1555;1556;163
1555;1557;237
1556;1554;146
1556;1555;163
1556;1560;608
1557;1555;237
1557;1558;137
1558;1557;137
1559;1560;122
1560;1556;608
1560;1559;122
1560;1563;136
1561;1563;558
1562;1565;212
1563;1560;136
1563;1561;558
1563;1564;199
1564;1563;199
1564;1568;176
1565;1562;212
1565;1568;114
1565;1569;188
1566;1569;298
1567;1570;282
1568;1564;176
1568;1565;114
1568;1570;287
1569;1565;188
1569;1566;298
1569;1571;246
1570;1567;282
1570;1568;287
1570;1572;189
1571;1569;246
1572;1570;189
1572;1574;180
1573;1577;164
1574;1572;180
1574;1577;175
1575;1577;165
1575;1579;214
1576;1578;150
1576;1579;212
1577;1573;164
1577;1574;175
1577;1575;165
1578;1576;150
1579;1575;214
1579;1576;212
1579;1580;183
1579;1581;187
1579;1583;179
1580;1579;183
1581;1579;187
1582;1585;119
1583;1579;179
1583;1584;104
1583;1585;213
1584;1583;104
1585;1582;119
1585;1583;213
1585;1586;260
1585;1588;150
1585;1589;544
1586;1585;260
