0;2;367
1;4;606
2;0;367
2;6;293
3;7;365
4;1;606
4;6;265
5;7;139
6;2;293
6;4;265
6;10;123
7;3;365
7;5;139
7;9;352
8;10;303
8;11;156
8;12;117
9;7;352
9;12;242
10;6;123
10;8;303
10;14;100
11;8;156
12;8;117
12;9;242
12;16;158
13;17;287
14;10;100
14;17;341
15;18;537
15;19;313
16;12;158
17;13;287
17;14;341
17;21;534
18;15;537
19;15;313
19;23;107
20;23;329
21;17;534
21;23;108
22;24;339
23;19;107
23;20;329
23;21;108
23;24;252
23;27;169
24;22;339
24;23;252
24;26;107
25;27;329
26;24;107
26;30;179
27;23;169
27;25;329
28;30;130
29;32;171
29;33;357
30;26;179
30;28;130
30;32;365
31;32;218
32;29;171
32;30;365
32;31;218
32;35;228
32;36;164
33;29;357
34;37;335
35;32;228
35;38;114
36;32;164
36;37;274
37;34;335
37;36;274
38;35;114
38;39;195
38;41;118
39;38;195
39;43;265
40;42;114
41;38;118
41;42;233
41;44;317
42;40;114
42;41;233
43;39;265
44;41;317
44;47;294
45;48;273
45;49;228
46;47;366
46;48;206
47;44;294
47;46;366
48;45;273
48;46;206
49;45;228
49;51;256
50;51;253
50;53;290
51;49;256
51;50;253
51;52;242
52;51;242
52;54;256
53;50;290
54;52;256
54;58;149
55;57;225
55;58;127
56;57;185
56;60;246
57;55;225
57;56;185
58;54;149
58;55;127
58;62;119
59;60;219
59;61;314
59;63;270
60;56;246
60;59;219
61;59;314
61;64;288
62;58;119
63;59;270
63;65;223
63;67;146
64;61;288
64;68;443
65;63;223
65;69;235
66;69;273
67;63;146
68;64;443
69;65;235
69;66;273
69;72;287
70;71;228
71;70;228
71;74;205
72;69;287
72;73;138
72;74;248
73;72;138
74;71;205
74;72;248
74;78;104
75;77;349
75;79;215
76;77;346
77;75;349
77;76;346
78;74;104
78;79;219
79;75;215
79;78;219
79;82;381
80;81;227
80;82;304
81;80;227
81;83;278
81;84;304
81;85;218
82;79;381
82;80;304
83;81;278
84;81;304
84;87;213
85;81;218
86;88;301
87;84;213
87;89;172
88;86;301
88;91;477
89;87;172
89;90;263
89;92;180
90;89;263
90;91;261
91;88;477
91;90;261
92;89;180
92;93;246
92;94;286
93;92;246
93;97;151
94;92;286
94;95;172
94;98;172
95;94;172
95;99;379
96;100;127
97;93;151
97;100;277
98;94;172
98;101;212
99;95;379
100;96;127
100;97;277
101;98;212
101;103;237
102;105;221
102;106;277
103;101;237
103;106;220
104;105;250
104;108;235
105;102;221
105;104;250
105;107;372
106;102;277
106;103;220
107;105;372
108;104;235
108;111;138
109;110;106
110;109;106
110;113;110
111;108;138
111;113;102
112;113;125
112;115;207
113;110;110
113;111;102
113;112;125
113;114;185
114;113;185
114;117;174
115;112;207
115;116;184
115;119;358
116;115;184
116;118;194
117;114;174
117;121;101
118;116;194
118;120;221
118;122;131
119;115;358
120;118;221
121;117;101
121;125;274
122;118;131
123;124;245
123;126;180
124;123;245
124;125;198
125;121;274
125;124;198
126;123;180
126;130;402
127;128;405
128;127;405
128;129;323
129;128;323
129;131;248
130;126;402
130;131;399
131;129;248
131;130;399
131;134;243
132;133;113
133;132;113
133;137;289
134;131;243
134;136;248
135;137;147
136;134;248
136;138;226
137;133;289
137;135;147
137;138;144
137;139;149
137;141;386
138;136;226
138;137;144
138;140;103
139;137;149
140;138;103
140;143;233
141;137;386
142;143;289
143;140;233
143;142;289
143;144;231
144;143;231
144;145;183
144;147;216
145;144;183
146;148;136
147;144;216
147;148;103
147;149;153
148;146;136
148;147;103
148;150;235
149;147;153
149;152;293
150;148;235
151;152;230
151;153;115
151;154;158
152;149;293
152;151;230
153;151;115
153;157;210
154;151;158
154;155;119
155;154;119
155;156;202
156;155;202
156;160;193
157;153;210
157;158;162
158;157;162
158;162;168
159;162;232
160;156;193
161;162;229
161;163;121
161;165;215
162;158;168
162;159;232
162;161;229
163;161;121
164;166;325
165;161;215
165;166;215
166;164;325
166;165;215
166;167;326
167;166;326
167;171;154
168;169;148
169;168;148
169;172;238
170;174;307
171;167;154
171;175;296
172;169;238
172;176;135
173;177;175
174;170;307
174;178;419
175;171;296
175;176;138
176;172;135
176;175;138
176;179;362
177;173;175
177;178;196
177;180;298
178;174;419
178;177;196
178;181;221
179;176;362
179;180;248
180;177;298
180;179;248
181;178;221
181;182;266
182;181;266
182;186;119
183;186;282
183;187;247
184;185;190
184;188;197
185;184;190
186;182;119
186;183;282
186;188;229
187;183;247
188;184;197
188;186;229
188;191;208
188;192;282
189;190;322
190;189;322
190;191;365
190;194;118
191;188;208
191;190;365
192;188;282
192;193;377
192;196;149
193;192;377
194;190;118
195;198;179
196;192;149
196;197;269
196;198;254
197;196;269
198;195;179
198;196;254
198;202;106
199;200;132
200;199;132
200;201;188
201;200;188
201;204;173
202;198;106
202;204;146
202;205;381
203;204;283
204;201;173
204;202;146
204;203;283
204;207;257
205;202;381
205;206;340
205;209;186
206;205;340
207;204;257
208;209;242
208;211;227
209;205;186
209;208;242
209;210;115
210;209;115
210;212;324
210;214;292
211;208;227
211;213;224
212;210;324
213;211;224
214;210;292
214;215;189
215;214;189
215;217;143
216;217;273
217;215;143
217;216;273
217;219;402
218;220;255
219;217;402
219;221;180
220;218;255
220;223;168
220;224;182
221;219;180
221;223;163
222;226;259
223;220;168
223;221;163
223;227;124
224;220;182
224;225;191
224;226;323
225;224;191
226;222;259
226;224;323
226;228;204
227;223;124
228;226;204
228;230;147
228;231;450
229;230;126
230;228;147
230;229;126
231;228;450
231;233;133
231;234;152
232;234;406
233;231;133
233;235;251
233;237;121
234;231;152
234;232;406
235;233;251
236;240;383
237;233;121
237;238;410
238;237;410
238;242;395
239;241;306
240;236;383
240;241;318
240;242;296
240;243;123
241;239;306
241;240;318
242;238;395
242;240;296
242;244;346
242;246;298
243;240;123
243;245;116
244;242;346
244;248;131
245;243;116
246;242;298
246;250;476
247;248;214
248;244;131
248;247;214
249;251;137
249;252;259
250;246;476
250;253;121
251;249;137
251;254;107
252;249;259
252;255;270
252;256;102
253;250;121
253;254;205
254;251;107
254;253;205
255;252;270
255;257;111
256;252;102
256;258;293
257;255;111
258;256;293
258;259;280
258;261;134
259;258;280
259;263;174
260;264;368
261;258;134
261;264;207
262;263;214
263;259;174
263;262;214
263;266;299
264;260;368
264;261;207
264;267;309
264;268;306
265;269;222
266;263;299
267;264;309
268;264;306
268;269;180
269;265;222
269;268;180
269;271;135
269;273;120
270;273;157
271;269;135
271;272;122
271;275;220
272;271;122
273;269;120
273;270;157
274;277;145
275;271;220
275;277;102
276;277;203
277;274;145
277;275;102
277;276;203
277;278;448
277;281;310
278;277;448
279;280;373
280;279;373
280;284;323
281;277;310
281;282;200
281;284;328
282;281;200
282;283;452
283;282;452
284;280;323
284;281;328
284;285;215
284;288;431
285;284;215
286;290;250
287;289;130
287;290;155
288;284;431
288;289;263
288;292;225
289;287;130
289;288;263
290;286;250
290;287;155
290;291;371
291;290;371
292;288;225
292;295;189
293;295;322
293;296;200
294;296;247
295;292;189
295;293;322
296;293;200
296;294;247
296;299;255
297;298;310
298;297;310
298;299;112
298;300;159
298;302;133
299;296;255
299;298;112
300;298;159
300;301;121
300;303;175
301;300;121
301;305;212
302;298;133
303;300;175
303;306;227
304;306;239
305;301;212
306;303;227
306;304;239
306;308;166
306;309;213
307;309;301
308;306;166
308;311;171
308;312;337
309;306;213
309;307;301
309;310;116
310;309;116
311;308;171
312;308;337
312;314;260
313;315;302
314;312;260
314;315;120
315;313;302
315;314;120
315;318;104
316;317;153
317;316;153
317;320;146
318;315;104
318;319;137
319;318;137
319;323;180
320;317;146
320;322;239
321;322;200
321;323;205
322;320;239
322;321;200
323;319;180
323;321;205
323;324;358
324;323;358
324;325;495
324;328;141
325;324;495
326;328;364
327;330;262
328;324;141
328;326;364
328;329;270
328;331;244
328;332;137
329;328;270
330;327;262
330;334;177
331;328;244
331;334;254
332;328;137
332;333;145
332;335;136
333;332;145
334;330;177
334;331;254
335;332;136
335;338;108
336;338;302
337;339;209
338;335;108
338;336;302
338;340;133
338;342;274
339;337;209
339;342;169
340;338;133
341;342;405
342;338;274
342;339;169
342;341;405
342;346;328
343;346;221
344;346;330
344;347;151
345;347;315
346;342;328
346;343;221
346;344;330
347;344;151
347;345;315
347;348;112
347;349;199
347;350;133
348;347;112
348;351;185
349;347;199
350;347;133
351;348;185
351;354;367
351;355;251
352;353;117
352;354;320
352;356;303
353;352;117
354;351;367
354;352;320
355;351;251
356;352;303
356;358;370
357;358;355
358;356;370
358;357;355
358;359;347
358;361;387
358;362;367
359;358;347
359;360;267
360;359;267
361;358;387
362;358;367
362;364;217
363;365;175
363;366;391
363;367;192
364;362;217
364;365;123
365;363;175
365;364;123
365;368;524
366;363;391
367;363;192
367;371;224
368;365;524
369;371;164
370;374;157
371;367;224
371;369;164
371;375;231
372;374;196
373;375;208
373;377;124
374;370;157
374;372;196
374;376;345
374;377;286
375;371;231
375;373;208
375;379;155
376;374;345
377;373;124
377;374;286
377;380;326
378;382;425
379;375;155
380;377;326
380;382;376
380;383;344
381;382;373
382;378;425
382;380;376
382;381;373
383;380;344
383;385;314
384;387;168
385;383;314
385;389;337
386;387;295
387;384;168
387;386;295
387;390;247
387;391;385
388;389;267
388;391;103
389;385;337
389;388;267
390;387;247
390;394;350
391;387;385
391;388;103
392;394;167
393;394;219
393;396;194
394;390;350
394;392;167
394;393;219
394;397;204
394;398;269
395;396;478
395;399;311
396;393;194
396;395;478
397;394;204
398;394;269
398;402;375
399;395;311
400;401;300
400;402;369
400;404;247
401;400;300
401;403;162
402;398;375
402;400;369
402;405;133
403;401;162
404;400;247
404;407;116
404;408;137
405;402;133
406;409;211
407;404;116
408;404;137
408;410;127
409;406;211
409;410;312
409;413;113
410;408;127
410;409;312
410;411;378
410;414;248
411;410;378
412;413;214
412;416;284
413;409;113
413;412;214
413;415;257
413;417;299
414;410;248
415;413;257
415;419;134
416;412;284
416;418;204
417;413;299
418;416;204
419;415;134
419;423;356
420;422;394
421;425;125
422;420;394
422;425;113
423;419;356
423;424;359
424;423;359
424;426;346
425;421;125
425;422;113
425;426;227
425;429;525
426;424;346
426;425;227
426;428;389
427;428;514
427;430;343
428;426;389
428;427;514
428;432;136
429;425;525
430;427;343
431;434;111
432;428;136
432;434;220
433;436;131
434;431;111
434;432;220
434;438;311
435;436;196
436;433;131
436;435;196
436;437;178
436;438;407
437;436;178
437;439;213
437;441;304
438;434;311
438;436;407
438;440;345
439;437;213
439;442;315
440;438;345
440;444;552
441;437;304
441;443;251
441;445;157
442;439;315
443;441;251
444;440;552
445;441;157
445;449;310
446;449;198
446;450;253
447;451;183
448;452;320
449;445;310
449;446;198
450;446;253
450;451;242
450;452;174
450;454;159
451;447;183
451;450;242
452;448;320
452;450;174
452;453;231
452;455;102
453;452;231
453;457;319
454;450;159
454;456;224
455;452;102
455;458;127
455;459;281
456;454;224
457;453;319
457;461;261
458;455;127
459;455;281
459;460;150
460;459;150
460;463;160
461;457;261
462;465;320
463;460;160
463;467;316
464;467;112
465;462;320
465;469;164
466;468;326
466;470;144
467;463;316
467;464;112
467;469;257
468;466;326
469;465;164
469;467;257
469;470;219
470;466;144
470;469;219
470;471;104
471;470;104
471;475;125
472;473;300
472;474;463
472;475;319
473;472;300
473;476;276
474;472;463
475;471;125
475;472;319
475;477;312
476;473;276
477;475;312
477;478;301
478;477;301
478;480;176
478;481;135
478;482;303
479;483;311
480;478;176
481;478;135
481;483;217
482;478;303
482;486;216
483;479;311
483;481;217
483;484;247
483;485;289
484;483;247
484;487;239
485;483;289
486;482;216
486;489;107
487;484;239
488;489;303
488;490;108
489;486;107
489;488;303
489;491;277
490;488;108
490;493;314
491;489;277
491;492;258
492;491;258
493;490;314
493;496;271
493;497;332
494;496;215
495;498;307
496;493;271
496;494;215
497;493;332
497;498;173
497;499;134
498;495;307
498;497;173
498;502;287
499;497;134
499;500;390
500;499;390
501;502;241
502;498;287
502;501;241
502;506;272
503;506;158
504;506;226
504;507;216
505;508;387
505;509;205
506;502;272
506;503;158
506;504;226
507;504;216
507;508;129
508;505;387
508;507;129
509;505;205
509;511;324
510;512;225
511;509;324
511;515;172
512;510;225
512;513;252
512;515;114
513;512;252
513;517;317
514;516;291
515;511;172
515;512;114
515;516;172
516;514;291
516;515;172
516;519;194
517;513;317
517;520;179
518;519;499
519;516;194
519;518;499
519;523;309
520;517;179
521;524;303
522;526;571
523;519;309
523;525;131
524;521;303
524;525;197
525;523;131
525;524;197
525;528;314
526;522;571
526;528;323
527;528;322
527;530;277
528;525;314
528;526;323
528;527;322
528;529;244
529;528;244
529;532;303
530;527;277
531;532;102
532;529;303
532;531;102
532;533;229
532;534;273
533;532;229
534;532;273
534;535;225
534;538;274
535;534;225
535;537;319
536;537;224
536;539;227
537;535;319
537;536;224
538;534;274
539;536;227
539;542;277
539;543;125
540;542;255
541;544;239
542;539;277
542;540;255
542;546;128
543;539;125
543;544;149
543;545;135
544;541;239
544;543;149
545;543;135
546;542;128
546;549;278
546;550;175
547;551;121
548;549;147
548;551;109
548;552;133
549;546;278
549;548;147
550;546;175
551;547;121
551;548;109
551;553;305
552;548;133
552;555;418
553;551;305
553;556;137
553;557;658
554;556;215
555;552;418
555;559;167
556;553;137
556;554;215
556;558;401
557;553;658
558;556;401
559;555;167
559;562;139
560;562;161
560;564;511
561;563;112
562;559;139
562;560;161
563;561;112
563;564;359
564;560;511
564;563;359
564;565;106
564;568;141
565;564;106
566;568;157
566;570;156
567;570;110
568;564;141
568;566;157
569;571;229
570;566;156
570;567;110
570;574;246
571;569;229
571;573;177
571;575;227
572;575;107
573;571;177
574;570;246
574;575;117
575;571;227
575;572;107
575;574;117
575;576;227
575;578;197
575;579;268
576;575;227
576;577;156
577;576;156
578;575;197
579;575;268
579;580;125
580;579;125
580;584;269
581;583;336
582;585;251
582;586;311
583;581;336
583;584;120
583;585;228
584;580;269
584;583;120
584;588;175
585;582;251
585;583;228
586;582;311
586;590;100
587;589;104
588;584;175
588;592;163
589;587;104
589;592;118
590;586;100
590;593;283
591;594;385
592;588;163
592;589;118
593;590;283
593;596;232
594;591;385
594;598;324
595;598;193
596;593;232
596;598;229
596;599;221
597;599;269
598;594;324
598;595;193
598;596;229
599;596;221
599;597;269
599;601;344
599;603;266
600;604;196
601;599;344
602;605;135
603;599;266
603;605;282
603;606;213
604;600;196
604;605;270
605;602;135
605;603;282
605;604;270
606;603;213
606;607;320
607;606;320
607;608;282
607;610;355
607;611;193
608;607;282
608;612;343
609;613;184
610;607;355
611;607;193
611;613;168
612;608;343
612;614;315
612;616;278
613;609;184
613;611;168
613;615;293
614;612;315
615;613;293
615;617;104
616;612;278
617;615;104
617;620;545
618;620;176
618;622;363
619;622;336
620;617;545
620;618;176
621;623;384
622;618;363
622;619;336
622;626;123
623;621;384
623;625;477
624;625;275
624;626;261
625;623;477
625;624;275
625;627;152
626;622;123
626;624;261
626;630;102
627;625;152
628;629;178
629;628;178
629;630;277
630;626;102
630;629;277
630;631;113
630;633;329
630;634;116
631;630;113
632;636;231
633;630;329
634;630;116
634;635;233
634;637;299
635;634;233
635;636;262
636;632;231
636;635;262
637;634;299
637;638;214
638;637;214
638;641;242
639;640;175
639;641;157
639;642;200
640;639;175
641;638;242
641;639;157
641;644;180
642;639;200
642;645;146
642;646;225
643;646;311
644;641;180
644;648;422
645;642;146
646;642;225
646;643;311
647;649;330
647;650;163
648;644;422
648;650;183
649;647;330
650;647;163
650;648;183
650;651;135
650;653;135
650;654;137
651;650;135
652;653;309
653;650;135
653;652;309
653;657;191
654;650;137
654;658;248
655;656;227
656;655;227
656;657;237
657;653;191
657;656;237
658;654;248
658;661;289
659;660;342
659;663;534
660;659;342
660;661;316
661;658;289
661;660;316
661;662;326
662;661;326
663;659;534
663;667;138
664;665;481
664;668;215
665;664;481
666;668;193
666;669;197
667;663;138
667;670;203
668;664;215
668;666;193
668;672;269
669;666;197
670;667;203
670;671;144
670;674;264
671;670;144
672;668;269
672;673;330
672;676;154
673;672;330
673;677;154
674;670;264
674;675;232
674;676;209
675;674;232
676;672;154
676;674;209
676;678;225
677;673;154
678;676;225
678;680;280
678;682;430
679;681;279
680;678;280
681;679;279
681;682;222
681;683;332
682;678;430
682;681;222
682;686;148
683;681;332
683;687;367
684;686;138
685;689;246
686;682;148
686;684;138
687;683;367
687;688;295
688;687;295
688;689;126
689;685;246
689;688;126
689;692;201
690;691;168
691;690;168
691;692;193
691;695;124
692;689;201
692;691;193
692;696;159
693;697;275
694;695;163
695;691;124
695;694;163
695;697;187
696;692;159
697;693;275
697;695;187
697;698;118
697;701;119
698;697;118
698;699;147
699;698;147
699;700;150
700;699;150
700;703;328
700;704;588
701;697;119
702;703;516
703;700;328
703;702;516
703;705;173
704;700;588
705;703;173
705;708;126
706;709;453
706;710;388
707;708;164
708;705;126
708;707;164
708;712;269
709;706;453
710;706;388
710;711;240
710;713;106
711;710;240
711;714;348
712;708;269
712;713;197
713;710;106
713;712;197
713;717;436
714;711;348
714;715;144
714;718;436
715;714;144
716;717;324
717;713;436
717;716;324
718;714;436
718;719;164
718;720;103
719;718;164
719;721;160
720;718;103
721;719;160
721;723;425
721;725;164
722;726;146
723;721;425
724;725;473
725;721;164
725;724;473
725;726;144
725;727;442
726;722;146
726;725;144
727;725;442
727;730;291
728;731;203
729;730;244
730;727;291
730;729;244
730;732;126
731;728;203
731;732;175
731;735;164
732;730;126
732;731;175
733;734;228
733;735;123
733;736;179
734;733;228
735;731;164
735;733;123
735;738;180
736;733;179
736;739;184
737;738;193
737;741;116
738;735;180
738;737;193
738;740;524
739;736;184
740;738;524
741;737;116
741;744;412
742;746;181
743;744;232
743;745;247
744;741;412
744;743;232
745;743;247
745;747;241
745;749;222
746;742;181
746;747;177
746;748;307
747;745;241
747;746;177
747;750;424
748;746;307
748;751;431
749;745;222
750;747;424
750;752;322
751;748;431
752;750;322
752;755;185
753;754;252
753;757;219
754;753;252
754;756;413
755;752;185
755;758;251
755;759;141
756;754;413
757;753;219
757;758;271
757;761;230
758;755;251
758;757;271
759;755;141
760;761;214
760;763;247
761;757;230
761;760;214
761;764;226
762;764;230
762;765;223
763;760;247
764;761;226
764;762;230
764;766;330
765;762;223
765;769;259
766;764;330
767;768;219
767;771;256
768;767;219
769;765;259
769;771;277
770;771;101
770;773;154
771;767;256
771;769;277
771;770;101
772;773;215
773;770;154
773;772;215
773;775;153
774;775;199
774;778;440
775;773;153
775;774;199
775;776;168
775;777;202
776;775;168
776;780;177
777;775;202
778;774;440
778;781;357
778;782;202
779;781;123
779;783;135
780;776;177
781;778;357
781;779;123
782;778;202
783;779;135
783;785;339
784;786;496
785;783;339
785;787;143
786;784;496
786;787;140
786;790;237
787;785;143
787;786;140
787;791;124
788;791;325
789;790;374
790;786;237
790;789;374
790;794;154
791;787;124
791;788;325
791;792;322
791;793;276
792;791;322
793;791;276
793;795;231
794;790;154
795;793;231
795;799;153
796;799;309
797;801;127
798;799;106
798;802;116
799;795;153
799;796;309
799;798;106
799;801;225
800;804;107
801;797;127
801;799;225
801;803;119
801;804;237
802;798;116
803;801;119
803;806;173
804;800;107
804;801;237
805;807;299
806;803;173
806;807;210
806;809;106
807;805;299
807;806;210
807;808;267
808;807;267
809;806;106
809;811;192
809;813;163
810;812;233
811;809;192
811;814;343
812;810;233
812;814;282
813;809;163
814;811;343
814;812;282
814;815;198
815;814;198
815;818;147
816;818;183
817;819;152
818;815;147
818;816;183
818;819;217
819;817;152
819;818;217
819;823;308
820;822;206
821;824;175
822;820;206
822;825;301
823;819;308
823;826;279
824;821;175
824;827;166
825;822;301
825;826;167
826;823;279
826;825;167
826;829;297
827;824;166
827;830;318
827;831;164
828;832;119
829;826;297
829;832;167
830;827;318
830;832;230
830;834;188
831;827;164
832;828;119
832;829;167
832;830;230
833;835;102
834;830;188
834;835;116
834;837;213
835;833;102
835;834;116
835;838;118
836;837;386
837;834;213
837;836;386
837;841;112
838;835;118
838;842;235
839;843;230
840;844;123
841;837;112
842;838;235
842;843;261
842;844;185
843;839;230
843;842;261
844;840;123
844;842;185
844;845;251
844;848;129
845;844;251
846;847;151
846;848;213
847;846;151
848;844;129
848;846;213
848;850;208
849;850;336
849;851;169
849;852;140
850;848;208
850;849;336
851;849;169
852;849;140
852;853;268
853;852;268
853;857;203
854;856;315
855;859;483
856;854;315
856;857;200
857;853;203
857;856;200
857;859;295
857;860;130
857;861;242
858;859;161
859;855;483
859;857;295
859;858;161
860;857;130
861;857;242
861;863;380
862;864;319
862;865;117
862;866;182
863;861;380
863;867;248
864;862;319
865;862;117
866;862;182
866;867;113
867;863;248
867;866;113
867;869;187
868;869;127
869;867;187
869;868;127
869;872;234
870;872;151
871;872;194
871;873;185
871;874;342
872;869;234
872;870;151
872;871;194
873;871;185
873;875;249
874;871;342
874;877;347
874;878;392
875;873;249
876;878;256
877;874;347
878;874;392
878;876;256
878;880;145
878;882;197
879;881;117
879;882;141
880;878;145
881;879;117
881;883;199
882;878;197
882;879;141
882;884;586
883;881;199
884;882;586
884;886;149
885;887;431
886;884;149
886;889;459
887;885;431
887;889;180
888;889;141
889;886;459
889;887;180
889;888;141
889;890;111
889;893;184
890;889;111
890;892;182
891;895;280
892;890;182
892;894;217
893;889;184
893;897;160
894;892;217
895;891;280
895;897;243
896;899;174
897;893;160
897;895;243
897;899;173
897;900;138
898;900;228
899;896;174
899;897;173
900;897;138
900;898;228
900;903;102
901;904;277
902;903;222
902;906;254
903;900;102
903;902;222
903;904;190
904;901;277
904;903;190
905;907;222
906;902;254
906;909;244
907;905;222
907;908;242
907;911;329
908;907;242
908;910;196
908;912;191
909;906;244
909;910;203
910;908;196
910;909;203
910;914;217
911;907;329
912;908;191
912;915;119
913;917;100
914;910;217
914;916;345
915;912;119
915;919;328
916;914;345
916;917;157
917;913;100
917;916;157
917;918;141
918;917;141
918;921;112
918;922;116
919;915;328
920;923;293
921;918;112
921;925;111
922;918;116
923;920;293
923;925;249
924;926;171
925;921;111
925;923;249
925;926;316
926;924;171
926;925;316
926;927;131
927;926;131
927;928;273
927;930;132
928;927;273
928;931;161
929;933;342
930;927;132
930;932;205
930;933;153
931;928;161
932;930;205
933;929;342
933;930;153
933;934;470
933;937;532
934;933;470
934;936;598
935;937;425
935;939;247
936;934;598
937;933;532
937;935;425
938;939;117
938;942;176
939;935;247
939;938;117
939;940;307
940;939;307
940;941;364
941;940;364
941;943;174
942;938;176
943;941;174
943;947;255
944;945;185
944;946;282
944;948;284
945;944;185
946;944;282
947;943;255
947;948;246
948;944;284
948;947;246
948;949;233
948;950;198
949;948;233
949;952;481
950;948;198
951;955;203
952;949;481
952;953;254
953;952;254
953;954;107
953;955;254
954;953;107
955;951;203
955;953;254
955;957;213
955;959;159
956;958;348
956;959;134
957;955;213
958;956;348
958;960;263
959;955;159
959;956;134
960;958;263
960;961;534
960;962;249
960;964;423
961;960;534
962;960;249
963;966;533
964;960;423
964;965;109
964;968;365
965;964;109
965;967;341
966;963;533
966;969;193
967;965;341
968;964;365
968;969;184
968;970;295
969;966;193
969;968;184
970;968;295
970;974;181
971;973;395
971;975;111
972;976;297
973;971;395
973;974;268
973;977;349
974;970;181
974;973;268
974;976;136
975;971;111
975;979;231
976;972;297
976;974;136
977;973;349
977;980;547
978;979;332
979;975;231
979;978;332
980;977;547
980;982;290
980;983;333
981;985;289
982;980;290
983;980;333
983;985;366
984;986;284
985;981;289
985;983;366
985;989;369
986;984;284
986;990;140
987;989;394
987;991;114
988;991;236
989;985;369
989;987;394
990;986;140
990;992;139
991;987;114
991;988;236
991;992;140
992;990;139
992;991;140
992;995;302
992;996;264
993;994;276
993;997;329
994;993;276
994;996;251
995;992;302
996;992;264
996;994;251
996;998;172
996;1000;179
997;993;329
998;996;172
998;1002;403
999;1003;219
1000;996;179
1000;1003;211
1000;1004;220
1001;1003;356
1002;998;403
1003;999;219
1003;1000;211
1003;1001;356
1004;1000;220
1004;1005;260
1005;1004;260
1005;1008;214
1006;1009;311
1007;1008;253
1007;1010;292
1008;1005;214
1008;1007;253
1009;1006;311
1009;1010;260
1010;1007;292
1010;1009;260
1010;1013;264
1010;1014;190
1011;1014;140
1012;1015;310
1013;1010;264
1013;1017;276
1014;1010;190
1014;1011;140
1014;1015;268
1015;1012;310
1015;1014;268
1016;1020;146
1017;1013;276
1017;1020;167
1018;1021;122
1019;1021;401
1019;1023;277
1020;1016;146
1020;1017;167
1020;1022;324
1021;1018;122
1021;1019;401
1021;1024;191
1022;1020;324
1022;1023;161
1022;1025;291
1023;1019;277
1023;1022;161
1024;1021;191
1025;1022;291
1025;1027;327
1026;1030;102
1027;1025;327
1027;1029;140
1028;1032;142
1029;1027;140
1029;1033;221
1030;1026;102
1030;1031;233
1030;1034;242
1031;1030;233
1032;1028;142
1032;1033;219
1032;1034;256
1032;1035;229
1033;1029;221
1033;1032;219
1033;1036;166
1034;1030;242
1034;1032;256
1035;1032;229
1036;1033;166
1036;1039;219
1037;1040;247
1038;1039;166
1038;1040;249
1038;1041;179
1039;1036;219
1039;1038;166
1039;1042;264
1040;1037;247
1040;1038;249
1041;1038;179
1042;1039;264
1042;1043;495
1042;1044;184
1043;1042;495
1043;1046;195
1044;1042;184
1044;1047;295
1045;1047;260
1046;1043;195
1047;1044;295
1047;1045;260
1047;1048;126
1048;1047;126
1048;1050;221
1049;1052;197
1049;1053;111
1050;1048;221
1050;1051;427
1051;1050;427
1051;1054;213
1052;1049;197
1052;1056;310
1053;1049;111
1053;1057;265
1054;1051;213
1054;1056;319
1054;1058;150
1055;1058;131
1055;1059;382
1056;1052;310
1056;1054;319
1057;1053;265
1058;1054;150
1058;1055;131
1058;1060;159
1058;1061;285
1059;1055;382
1060;1058;159
1061;1058;285
1061;1064;139
1061;1065;205
1062;1064;288
1063;1067;169
1064;1061;139
1064;1062;288
1065;1061;205
1065;1066;106
1065;1067;237
1065;1069;225
1066;1065;106
1066;1068;165
1067;1063;169
1067;1065;237
1068;1066;165
1068;1070;256
1069;1065;225
1069;1072;226
1069;1073;244
1070;1068;256
1071;1073;170
1071;1074;187
1072;1069;226
1072;1076;239
1073;1069;244
1073;1071;170
1074;1071;187
1075;1078;554
1076;1072;239
1076;1077;123
1077;1076;123
1077;1078;208
1077;1079;323
1077;1080;556
1078;1075;554
1078;1077;208
1079;1077;323
1079;1082;440
1080;1077;556
1080;1084;346
1081;1084;492
1081;1085;329
1082;1079;440
1083;1087;437
1084;1080;346
1084;1081;492
1084;1086;444
1085;1081;329
1085;1087;129
1086;1084;444
1087;1083;437
1087;1085;129
1087;1091;244
1088;1090;572
1089;1091;156
1089;1093;527
1090;1088;572
1090;1092;113
1090;1094;177
1091;1087;244
1091;1089;156
1092;1090;113
1093;1089;527
1093;1094;341
1094;1090;177
1094;1093;341
1094;1095;540
1094;1097;301
1095;1094;540
1096;1098;171
1097;1094;301
1097;1099;127
1098;1096;171
1098;1100;126
1098;1101;131
1099;1097;127
1099;1102;212
1100;1098;126
1100;1102;108
1101;1098;131
1101;1104;123
1101;1105;102
1102;1099;212
1102;1100;108
1102;1103;175
1103;1102;175
1104;1101;123
1104;1106;100
1105;1101;102
1106;1104;100
1106;1108;220
1107;1108;141
1108;1106;220
1108;1107;141
1108;1109;128
1108;1112;159
1109;1108;128
1109;1110;187
1110;1109;187
1111;1115;182
1112;1108;159
1112;1113;166
1113;1112;166
1113;1116;138
1114;1115;105
1115;1111;182
1115;1114;105
1115;1116;269
1116;1113;138
1116;1115;269
1116;1117;160
1116;1118;253
1117;1116;160
1117;1120;106
1117;1121;110
1118;1116;253
1119;1120;264
1119;1122;328
1120;1117;106
1120;1119;264
1121;1117;110
1121;1123;249
1121;1125;126
1122;1119;328
1122;1124;371
1123;1121;249
1124;1122;371
1124;1127;194
1125;1121;126
1126;1128;106
1126;1130;200
1127;1124;194
1127;1131;276
1128;1126;106
1129;1133;260
1130;1126;200
1130;1131;102
1131;1127;276
1131;1130;102
1131;1135;266
1132;1135;277
1132;1136;261
1133;1129;260
1133;1135;410
1134;1136;351
1135;1131;266
1135;1132;277
1135;1133;410
1135;1138;120
1136;1132;261
1136;1134;351
1136;1137;473
1136;1139;152
1137;1136;473
1138;1135;120
1138;1141;122
1139;1136;152
1139;1140;282
1140;1139;282
1140;1143;133
1141;1138;122
1142;1144;231
1142;1145;189
1143;1140;133
1143;1146;255
1144;1142;231
1145;1142;189
1145;1146;275
1146;1143;255
1146;1145;275
1146;1147;232
1146;1149;167
1147;1146;232
1148;1149;195
1148;1152;355
1149;1146;167
1149;1148;195
1149;1151;162
1150;1153;122
1151;1149;162
1151;1153;163
1152;1148;355
1152;1155;147
1152;1156;287
1153;1150;122
1153;1151;163
1153;1157;161
1154;1158;357
1155;1152;147
1156;1152;287
1156;1159;176
1157;1153;161
1157;1160;193
1158;1154;357
1158;1162;417
1159;1156;176
1159;1161;257
1160;1157;193
1160;1163;174
1161;1159;257
1162;1158;417
1162;1165;264
1163;1160;174
1163;1166;216
1163;1167;204
1164;1166;635
1165;1162;264
1165;1168;194
1166;1163;216
1166;1164;635
1166;1170;226
1167;1163;204
1167;1168;261
1168;1165;194
1168;1167;261
1168;1172;292
1169;1173;564
1170;1166;226
1170;1171;306
1171;1170;306
1172;1168;292
1172;1175;150
1172;1176;193
1173;1169;564
1173;1174;235
1173;1177;300
1174;1173;235
1174;1178;271
1175;1172;150
1175;1178;329
1176;1172;193
1176;1180;270
1177;1173;300
1178;1174;271
1178;1175;329
1179;1182;119
1179;1183;129
1180;1176;270
1180;1181;114
1180;1183;178
1181;1180;114
1181;1185;215
1182;1179;119
1183;1179;129
1183;1180;178
1183;1184;157
1184;1183;157
1184;1187;230
1185;1181;215
1186;1189;177
1187;1184;230
1187;1189;186
1188;1191;279
1189;1186;177
1189;1187;186
1189;1190;165
1189;1192;178
1190;1189;165
1190;1194;230
1191;1188;279
1191;1194;221
1192;1189;178
1192;1196;517
1193;1194;159
1193;1195;197
1194;1190;230
1194;1191;221
1194;1193;159
1194;1197;133
1195;1193;197
1196;1192;517
1196;1200;458
1197;1194;133
1197;1198;104
1198;1197;104
1199;1200;274
1200;1196;458
1200;1199;274
1200;1201;478
1200;1203;252
1201;1200;478
1201;1204;163
1202;1204;234
1203;1200;252
1204;1201;163
1204;1202;234
1204;1206;424
1205;1206;252
1206;1204;424
1206;1205;252
1206;1207;220
1207;1206;220
1207;1208;228
1208;1207;228
1208;1209;160
1209;1208;160
1209;1213;121
1210;1211;200
1210;1213;279
1211;1210;200
1211;1212;204
1212;1211;204
1213;1209;121
1213;1210;279
1213;1217;104
1214;1216;315
1214;1218;108
1215;1218;185
1216;1214;315
1217;1213;104
1217;1219;179
1218;1214;108
1218;1215;185
1218;1219;164
1219;1217;179
1219;1218;164
1219;1221;236
1219;1222;170
1220;1222;200
1220;1223;151
1221;1219;236
1222;1219;170
1222;1220;200
1222;1226;165
1223;1220;151
1224;1227;138
1224;1228;304
1225;1229;217
1226;1222;165
1226;1229;289
1227;1224;138
1228;1224;304
1228;1229;219
1229;1225;217
1229;1226;289
1229;1228;219
1229;1231;326
1230;1231;168
1230;1232;117
1231;1229;326
1231;1230;168
1232;1230;117
1232;1235;349
1233;1237;311
1234;1235;182
1234;1238;138
1235;1232;349
1235;1234;182
1235;1237;211
1236;1238;296
1237;1233;311
1237;1235;211
1237;1240;111
1238;1234;138
1238;1236;296
1239;1243;276
1240;1237;111
1240;1244;274
1241;1244;189
1242;1246;179
1243;1239;276
1243;1244;440
1244;1240;274
1244;1241;189
1244;1243;440
1244;1245;139
1244;1246;164
1244;1247;161
1245;1244;139
1246;1242;179
1246;1244;164
1246;1249;508
1247;1244;161
1247;1250;131
1248;1250;199
1249;1246;508
1250;1247;131
1250;1248;199
1250;1252;246
1251;1252;159
1252;1250;246
1252;1251;159
1252;1253;196
1252;1255;194
1253;1252;196
1254;1256;146
1254;1257;147
1255;1252;194
1255;1257;107
1256;1254;146
1256;1258;286
1256;1259;254
1257;1254;147
1257;1255;107
1258;1256;286
1259;1256;254
1259;1260;262
1260;1259;262
1260;1262;199
1261;1262;118
1261;1264;250
1261;1265;170
1262;1260;199
1262;1261;118
1262;1266;421
1263;1265;292
1264;1261;250
1265;1261;170
1265;1263;292
1266;1262;421
1266;1270;299
1267;1268;449
1267;1270;206
1268;1267;449
1268;1271;161
1269;1270;100
1270;1266;299
1270;1267;206
1270;1269;100
1271;1268;161
1271;1272;668
1272;1271;668
1272;1274;210
1273;1276;532
1274;1272;210
1274;1275;169
1275;1274;169
1275;1277;342
1276;1273;532
1276;1277;264
1276;1278;568
1277;1275;342
1277;1276;264
1277;1281;333
1278;1276;568
1279;1281;240
1279;1282;303
1280;1282;387
1281;1277;333
1281;1279;240
1281;1283;227
1282;1279;303
1282;1280;387
1282;1284;155
1283;1281;227
1283;1286;365
1284;1282;155
1284;1285;334
1284;1287;348
1285;1284;334
1285;1289;209
1286;1283;365
1287;1284;348
1287;1290;215
1288;1290;235
1288;1291;162
1289;1285;209
1289;1292;261
1290;1287;215
1290;1288;235
1291;1288;162
1292;1289;261
1292;1293;255
1293;1292;255
1293;1294;522
1293;1296;463
1294;1293;522
1295;1299;147
1296;1293;463
1296;1299;209
1297;1298;386
1298;1297;386
1298;1300;210
1298;1302;115
1299;1295;147
1299;1296;209
1299;1302;243
1300;1298;210
1301;1302;260
1301;1304;156
1302;1298;115
1302;1299;243
1302;1301;260
1303;1304;192
1303;1306;226
1303;1307;234
1304;1301;156
1304;1303;192
1305;1306;137
1306;1303;226
1306;1305;137
1307;1303;234
1307;1308;152
1307;1311;151
1308;1307;152
1309;1312;253
1309;1313;288
1310;1312;173
1311;1307;151
1311;1313;155
1311;1314;224
1312;1309;253
1312;1310;173
1312;1315;131
1312;1316;244
1313;1309;288
1313;1311;155
1314;1311;224
1314;1318;369
1315;1312;131
1315;1317;261
1316;1312;244
1317;1315;261
1318;1314;369
1318;1320;182
1318;1322;408
1319;1320;259
1320;1318;182
1320;1319;259
1321;1324;501
1322;1318;408
1322;1324;312
1323;1324;138
1324;1321;501
1324;1322;312
1324;1323;138
1324;1325;211
1325;1324;211
1325;1326;245
1326;1325;245
1326;1327;352
1327;1326;352
1327;1328;355
1328;1327;355
1328;1329;310
1328;1330;117
1329;1328;310
1329;1331;293
1329;1332;344
1330;1328;117
1331;1329;293
1331;1333;268
1332;1329;344
1332;1334;199
1333;1331;268
1334;1332;199
1334;1336;136
1335;1336;146
1335;1338;158
1336;1334;136
1336;1335;146
1337;1338;278
1337;1339;256
1337;1340;288
1338;1335;158
1338;1337;278
1338;1342;230
1339;1337;256
1339;1343;311
1340;1337;288
1341;1345;208
1342;1338;230
1343;1339;311
1343;1345;108
1344;1345;223
1345;1341;208
1345;1343;108
1345;1344;223
1345;1347;198
1346;1349;131
1346;1350;240
1347;1345;198
1347;1349;159
1348;1350;333
1348;1352;259
1349;1346;131
1349;1347;159
1350;1346;240
1350;1348;333
1351;1352;250
1351;1353;126
1351;1354;256
1352;1348;259
1352;1351;250
1352;1355;377
1353;1351;126
1354;1351;256
1354;1356;112
1354;1357;111
1355;1352;377
1356;1354;112
1356;1359;139
1357;1354;111
1358;1360;184
1359;1356;139
1359;1362;247
1360;1358;184
1360;1361;103
1361;1360;103
1361;1362;202
1362;1359;247
1362;1361;202
1362;1363;183
1362;1364;187
1363;1362;183
1364;1362;187
1364;1367;184
1365;1369;283
1366;1367;142
1366;1369;156
1367;1364;184
1367;1366;142
1368;1371;142
1369;1365;283
1369;1366;156
1369;1371;203
1369;1372;196
1370;1371;286
1371;1368;142
1371;1369;203
1371;1370;286
1371;1373;204
1371;1375;260
1372;1369;196
1372;1376;146
1373;1371;204
1374;1376;255
1374;1377;139
1375;1371;260
1375;1378;261
1376;1372;146
1376;1374;255
1377;1374;139
1377;1381;273
1378;1375;261
1378;1379;110
1379;1378;110
1380;1381;365
1381;1377;273
1381;1380;365
1381;1383;553
1382;1383;292
1383;1381;553
1383;1382;292
1383;1384;141
1383;1385;113
1383;1387;430
1384;1383;141
1385;1383;113
1385;1386;306
1386;1385;306
1386;1388;105
1387;1383;430
1387;1390;101
1387;1391;447
1388;1386;105
1389;1392;163
1390;1387;101
1391;1387;447
1391;1392;173
1392;1389;163
1392;1391;173
1392;1393;197
1392;1394;135
1392;1396;211
1393;1392;197
1394;1392;135
1395;1399;123
1396;1392;211
1396;1399;155
1397;1398;297
1397;1400;215
1398;1397;297
1399;1395;123
1399;1396;155
1399;1401;157
1400;1397;215
1400;1402;159
1401;1399;157
1401;1402;140
1402;1400;159
1402;1401;140
1402;1405;123
1403;1404;148
1404;1403;148
1404;1405;127
1404;1407;144
1405;1402;123
1405;1404;127
1406;1408;340
1407;1404;144
1407;1409;219
1407;1411;173
1408;1406;340
1408;1409;125
1408;1410;173
1408;1412;266
1409;1407;219
1409;1408;125
1409;1413;201
1410;1408;173
1411;1407;173
1412;1408;266
1413;1409;201
1413;1417;174
1414;1416;305
1415;1416;128
1416;1414;305
1416;1415;128
1416;1418;234
1416;1419;188
1416;1420;165
1417;1413;174
1417;1420;291
1418;1416;234
1419;1416;188
1419;1423;339
1420;1416;165
1420;1417;291
1420;1421;114
1421;1420;114
1422;1423;325
1423;1419;339
1423;1422;325
1423;1427;289
1424;1428;204
1425;1426;241
1425;1428;186
1426;1425;241
1426;1427;181
1426;1429;329
1427;1423;289
1427;1426;181
1428;1424;204
1428;1425;186
1429;1426;329
1429;1432;216
1430;1433;235
1431;1434;133
1431;1435;297
1432;1429;216
1432;1434;267
1433;1430;235
1433;1434;242
1434;1431;133
1434;1432;267
1434;1433;242
1434;1436;159
1435;1431;297
1435;1439;379
1436;1434;159
1436;1438;212
1437;1438;260
1438;1436;212
1438;1437;260
1438;1441;405
1439;1435;379
1439;1440;186
1440;1439;186
1441;1438;405
1441;1442;140
1441;1444;125
1442;1441;140
1442;1445;129
1443;1446;380
1444;1441;125
1445;1442;129
1445;1448;258
1446;1443;380
1446;1449;293
1447;1448;239
1447;1451;282
1448;1445;258
1448;1447;239
1448;1449;103
1449;1446;293
1449;1448;103
1450;1451;154
1451;1447;282
1451;1450;154
1451;1452;384
1452;1451;384
1452;1453;315
1452;1455;314
1452;1456;339
1453;1452;315
1454;1455;128
1455;1452;314
1455;1454;128
1455;1458;175
1455;1459;274
1456;1452;339
1457;1461;326
1458;1455;175
1458;1460;373
1459;1455;274
1460;1458;373
1460;1462;439
1461;1457;326
1461;1462;154
1461;1463;121
1462;1460;439
1462;1461;154
1462;1465;157
1463;1461;121
1463;1466;238
1463;1467;113
1464;1468;131
1465;1462;157
1466;1463;238
1467;1463;113
1467;1468;114
1468;1464;131
1468;1467;114
1468;1470;112
1468;1472;122
1469;1472;147
1470;1468;112
1471;1472;200
1472;1468;122
1472;1469;147
1472;1471;200
1472;1473;141
1473;1472;141
1473;1474;131
1473;1477;141
1474;1473;131
1474;1475;311
1475;1474;311
1475;1478;318
1476;1478;157
1477;1473;141
1477;1480;253
1478;1475;318
1478;1476;157
1478;1482;249
1479;1483;206
1480;1477;253
1480;1483;209
1481;1482;176
1482;1478;249
1482;1481;176
1482;1486;271
1483;1479;206
1483;1480;209
1484;1485;181
1485;1484;181
1485;1489;112
1486;1482;271
1486;1488;270
1486;1489;119
1487;1488;118
1488;1486;270
1488;1487;118
1488;1490;184
1489;1485;112
1489;1486;119
1489;1491;175
1490;1488;184
1491;1489;175
1491;1494;134
1491;1495;163
1492;1494;138
1493;1497;374
1494;1491;134
1494;1492;138
1495;1491;163
1495;1496;253
1495;1497;205
1496;1495;253
1496;1499;181
1497;1493;374
1497;1495;205
1498;1499;311
1498;1501;153
1499;1496;181
1499;1498;311
1500;1501;427
1500;1502;118
1501;1498;153
1501;1500;427
1501;1504;401
1502;1500;118
1503;1505;394
1504;1501;401
1504;1507;341
1505;1503;394
1505;1509;239
1506;1508;116
1507;1504;341
1507;1508;267
1508;1506;116
1508;1507;267
1508;1510;185
1509;1505;239
1509;1510;106
1510;1508;185
1510;1509;106
1510;1513;172
1510;1514;325
1511;1514;106
1511;1515;145
1512;1513;277
1513;1510;172
1513;1512;277
1514;1510;325
1514;1511;106
1514;1516;516
1515;1511;145
1516;1514;516
1516;1517;154
1516;1520;211
1517;1516;154
1518;1519;419
1519;1518;419
1519;1522;186
1520;1516;211
1520;1523;155
1521;1522;259
1521;1524;406
1522;1519;186
1522;1521;259
1523;1520;155
1523;1526;279
1524;1521;406
1524;1527;198
1525;1527;319
1526;1523;279
1526;1528;298
1527;1524;198
1527;1525;319
1527;1528;111
1527;1531;128
1528;1526;298
1528;1527;111
1528;1530;118
1529;1531;174
1529;1532;325
1529;1533;161
1530;1528;118
1531;1527;128
1531;1529;174
1532;1529;325
1532;1534;364
1533;1529;161
1534;1532;364
1534;1538;408
1535;1538;331
1536;1537;214
1536;1538;153
1537;1536;214
1537;1539;297
1537;1541;114
1538;1534;408
1538;1535;331
1538;1536;153
1538;1540;298
1538;1542;146
1539;1537;297
1540;1538;298
1541;1537;114
1542;1538;146
1542;1543;161
1543;1542;161
1543;1547;174
1544;1546;271
1545;1546;104
1545;1548;180
1546;1544;271
1546;1545;104
1546;1549;198
1547;1543;174
1547;1550;232
1548;1545;180
1548;1550;251
1548;1552;192
1549;1546;198
1549;1551;412
1550;1547;232
1550;1548;251
1551;1549;412
1552;1548;192
1552;1553;164
1552;1554;102
1553;1552;164
1554;1552;102
1554;1558;164
1555;1557;121
1556;1559;143
1557;1555;121
1557;1558;123
1558;1554;164
1558;1557;123
1558;1559;137
1559;1556;143
1559;1558;137
1559;1560;132
1560;1559;132
1560;1561;151
1560;1563;178
1561;1560;151
1562;1565;234
1562;1566;194
1563;1560;178
1563;1567;126
1564;1566;144
1565;1562;234
1565;1569;340
1566;1562;194
1566;1564;144
1566;1567;106
1567;1563;126
1567;1566;106
1567;1570;395
1568;1572;274
1569;1565;340
1570;1567;395
1570;1574;265
1571;1572;384
1571;1574;327
1572;1568;274
1572;1571;384
1573;1575;386
1574;1570;265
1574;1571;327
1574;1577;325
1575;1573;386
1575;1576;315
1576;1575;315
1576;1580;239
1577;1574;325
1577;1578;213
1577;1580;189
1578;1577;213
1578;1582;119
1579;1580;414
1579;1581;264
1580;1576;239
1580;1577;189
1580;1579;414
1580;1583;343
1581;1579;264
1582;1578;119
1582;1586;432
1583;1580;343
1584;1586;392
1584;1587;640
1585;1586;219
1585;1589;182
1586;1582;432
1586;1584;392
