0;1;461
1;0;461
1;5;447
2;6;426
3;4;313
4;3;313
4;5;280
4;7;159
5;1;447
5;4;280
6;2;426
6;10;239
7;4;159
7;11;147
8;10;153
8;11;310
8;12;185
9;12;270
10;6;239
10;8;153
11;7;147
11;8;310
11;15;364
12;8;185
12;9;270
13;15;105
14;16;402
15;11;364
15;13;105
15;16;115
15;17;338
15;18;344
16;14;402
16;15;115
17;15;338
18;15;344
18;22;152
19;21;328
19;22;213
20;22;139
20;23;103
21;19;328
22;18;152
22;19;213
22;20;139
23;20;103
23;24;386
23;26;223
23;27;272
24;23;386
25;27;360
26;23;223
27;23;272
27;25;360
27;28;318
28;27;318
28;32;409
29;30;441
29;33;542
30;29;441
30;31;360
31;30;360
31;32;446
32;28;409
32;31;446
32;34;286
32;35;263
33;29;542
34;32;286
34;37;371
35;32;263
35;36;317
36;35;317
36;38;246
37;34;371
37;41;374
38;36;246
39;41;362
40;41;407
41;37;374
41;39;362
41;40;407
41;43;225
41;44;111
42;45;277
43;41;225
44;41;111
44;48;102
45;42;277
45;46;185
46;45;185
46;47;225
46;48;237
47;46;225
48;44;102
48;46;237
48;49;266
48;52;231
49;48;266
50;53;162
50;54;172
51;55;269
52;48;231
52;53;264
53;50;162
53;52;264
53;55;240
54;50;172
54;56;353
55;51;269
55;53;240
55;57;158
56;54;353
56;58;206
56;59;113
57;55;158
58;56;206
58;60;188
58;61;190
59;56;113
59;62;225
60;58;188
61;58;190
62;59;225
62;64;235
63;64;226
63;67;129
64;62;235
64;63;226
64;65;284
65;64;284
66;68;315
67;63;129
67;68;253
67;71;371
68;66;315
68;67;253
69;70;186
69;71;299
70;69;186
71;67;371
71;69;299
71;75;206
72;73;234
73;72;234
73;74;257
73;75;184
74;73;257
75;71;206
75;73;184
75;76;107
76;75;107
76;77;385
77;76;385
77;78;254
78;77;254
78;79;230
78;80;108
78;81;326
78;82;255
79;78;230
80;78;108
80;84;102
81;78;326
82;78;255
83;85;463
84;80;102
84;86;168
84;88;266
85;83;463
85;87;275
86;84;168
86;87;286
86;90;334
87;85;275
87;86;286
88;84;266
89;92;180
90;86;334
90;94;484
91;94;116
91;95;297
92;89;180
92;95;112
93;94;101
93;97;329
94;90;484
94;91;116
94;93;101
94;98;306
95;91;297
95;92;112
95;96;239
96;95;239
97;93;329
97;101;225
98;94;306
99;101;119
99;103;367
100;101;198
100;102;109
101;97;225
101;99;119
101;100;198
101;104;173
101;105;109
102;100;109
103;99;367
104;101;173
104;106;198
105;101;109
106;104;198
106;109;221
106;110;277
107;109;398
108;110;225
109;106;221
109;107;398
109;112;267
110;106;277
110;108;225
111;113;174
112;109;267
112;113;229
113;111;174
113;112;229
113;117;231
114;117;230
114;118;184
115;118;115
116;117;205
117;113;231
117;114;230
117;116;205
118;114;184
118;115;115
118;121;216
118;122;170
119;122;173
120;123;130
120;124;106
121;118;216
121;124;168
121;125;335
122;118;170
122;119;173
122;126;333
123;120;130
124;120;106
124;121;168
125;121;335
125;128;219
126;122;333
127;131;183
128;125;219
128;132;179
129;133;233
130;133;178
131;127;183
131;134;375
132;128;179
132;134;270
132;136;122
133;129;233
133;130;178
133;134;132
133;137;100
134;131;375
134;132;270
134;133;132
135;137;154
136;132;122
136;138;122
136;139;128
137;133;100
137;135;154
137;141;454
138;136;122
138;142;264
139;136;128
139;140;107
140;139;107
141;137;454
142;138;264
142;144;226
142;145;156
143;146;206
143;147;194
144;142;226
145;142;156
145;146;292
145;149;228
146;143;206
146;145;292
146;150;227
147;143;194
148;151;242
149;145;228
150;146;227
150;152;111
151;148;242
151;154;277
152;150;111
152;154;305
153;154;109
153;157;149
154;151;277
154;152;305
154;153;109
155;157;118
155;158;250
156;157;202
156;159;258
156;160;242
157;153;149
157;155;118
157;156;202
157;161;293
158;155;250
159;156;258
160;156;242
160;162;111
161;157;293
161;165;157
162;160;111
163;164;170
163;165;254
163;167;207
164;163;170
165;161;157
165;163;254
165;168;283
166;170;352
167;163;207
168;165;283
168;169;364
169;168;364
169;170;164
169;173;198
170;166;352
170;169;164
170;174;117
171;173;195
171;175;176
172;175;206
172;176;353
173;169;198
173;171;195
174;170;117
174;177;265
175;171;176
175;172;206
175;179;189
176;172;353
176;180;217
177;174;265
177;178;192
178;177;192
179;175;189
180;176;217
180;182;231
181;185;134
182;180;231
182;184;145
182;185;132
183;187;208
184;182;145
184;188;163
185;181;134
185;182;132
185;186;245
185;187;131
186;185;245
187;183;208
187;185;131
187;189;296
188;184;163
188;190;171
189;187;296
190;188;171
190;191;108
190;193;135
190;194;317
191;190;108
191;192;237
192;191;237
192;195;294
193;190;135
193;196;123
194;190;317
195;192;294
196;193;123
196;197;423
196;200;351
197;196;423
197;198;350
197;201;419
198;197;350
199;202;265
199;203;265
200;196;351
200;203;202
201;197;419
202;199;265
202;205;229
203;199;265
203;200;202
204;206;165
204;208;163
205;202;229
205;207;240
206;204;165
206;209;264
207;205;240
207;209;265
208;204;163
208;211;230
209;206;264
209;207;265
209;210;370
210;209;370
211;208;230
211;213;303
211;215;156
212;213;237
213;211;303
213;212;237
213;217;184
214;216;444
215;211;156
215;219;246
216;214;444
216;219;412
217;213;184
217;220;189
218;220;215
218;221;309
218;222;101
219;215;246
219;216;412
220;217;189
220;218;215
221;218;309
222;218;101
222;223;202
223;222;202
223;225;113
223;227;264
224;226;123
224;227;266
225;223;113
225;228;156
226;224;123
227;223;264
227;224;266
228;225;156
228;231;141
228;232;267
229;232;230
230;231;100
231;228;141
231;230;100
231;235;326
232;228;267
232;229;230
232;233;195
233;232;195
234;236;117
234;238;373
235;231;326
235;237;268
236;234;117
236;237;332
237;235;268
237;236;332
238;234;373
238;239;239
239;238;239
239;243;381
240;244;252
241;243;288
242;246;169
243;239;381
243;241;288
243;244;113
244;240;252
244;243;113
244;245;252
245;244;252
245;246;168
245;249;112
246;242;169
246;245;168
246;250;353
247;249;337
248;252;175
249;245;112
249;247;337
249;252;179
250;246;353
251;254;435
252;248;175
252;249;179
252;254;313
252;255;288
253;254;388
254;251;435
254;252;313
254;253;388
255;252;288
255;256;291
256;255;291
256;259;410
257;259;306
258;262;220
259;256;410
259;257;306
259;260;314
259;263;375
260;259;314
261;262;335
261;264;284
262;258;220
262;261;335
262;266;274
263;259;375
263;265;117
264;261;284
265;263;117
265;267;329
266;262;274
266;267;118
267;265;329
267;266;118
267;269;123
267;270;205
267;271;181
268;272;202
269;267;123
270;267;205
270;274;158
271;267;181
271;272;315
271;273;314
272;268;202
272;271;315
273;271;314
274;270;158
274;277;163
274;278;118
275;279;239
276;278;265
277;274;163
278;274;118
278;276;265
278;279;156
278;281;172
279;275;239
279;278;156
279;280;132
279;283;163
280;279;132
281;278;172
281;282;117
282;281;117
282;284;345
282;286;178
283;279;163
284;282;345
285;287;112
286;282;178
286;288;348
287;285;112
287;288;238
288;286;348
288;287;238
288;292;137
289;293;205
290;292;189
290;293;114
291;295;167
292;288;137
292;290;189
292;294;368
292;295;142
292;296;181
293;289;205
293;290;114
294;292;368
295;291;167
295;292;142
296;292;181
296;299;121
296;300;163
297;299;207
298;302;105
299;296;121
299;297;207
299;302;135
300;296;163
300;301;148
301;300;148
301;303;172
302;298;105
302;299;135
302;305;340
303;301;172
303;304;345
303;307;286
304;303;345
305;302;340
305;309;197
306;307;220
306;310;159
307;303;286
307;306;220
308;312;530
309;305;197
310;306;159
310;312;121
311;313;198
312;308;530
312;310;121
312;313;193
312;315;140
312;316;140
313;311;198
313;312;193
314;315;146
315;312;140
315;314;146
316;312;140
316;319;164
317;319;106
318;319;314
319;316;164
319;317;106
319;318;314
319;322;174
319;323;105
320;322;234
321;323;130
322;319;174
322;320;234
323;319;105
323;321;130
323;324;140
323;326;127
324;323;140
324;328;109
325;326;340
325;329;300
326;323;127
326;325;340
326;327;144
326;330;426
327;326;144
328;324;109
329;325;300
329;332;285
330;326;426
331;335;229
332;329;285
332;333;228
332;334;200
332;336;132
333;332;228
333;337;127
334;332;200
334;338;103
335;331;229
335;336;197
335;339;112
336;332;132
336;335;197
337;333;127
338;334;103
338;340;140
339;335;112
339;342;162
340;338;140
340;344;344
341;342;203
341;345;525
342;339;162
342;341;203
343;347;359
344;340;344
345;341;525
345;347;144
345;348;330
345;349;302
346;347;376
347;343;359
347;345;144
347;346;376
347;350;213
348;345;330
349;345;302
350;347;213
350;354;106
351;353;179
351;355;318
352;353;193
353;351;179
353;352;193
353;354;129
353;356;557
354;350;106
354;353;129
354;357;364
355;351;318
356;353;557
357;354;364
357;361;117
358;360;286
359;360;341
360;358;286
360;359;341
360;363;423
361;357;117
361;362;280
361;364;113
362;361;280
363;360;423
363;364;122
364;361;113
364;363;122
364;367;232
364;368;158
365;368;251
366;368;222
366;369;194
366;370;267
367;364;232
368;364;158
368;365;251
368;366;222
368;371;221
369;366;194
370;366;267
370;373;306
371;368;221
372;373;177
372;375;152
373;370;306
373;372;177
374;378;180
375;372;152
375;376;118
375;377;375
376;375;118
376;379;317
376;380;173
377;375;375
377;381;396
378;374;180
378;379;103
379;376;317
379;378;103
380;376;173
380;383;268
381;377;396
382;383;166
383;380;268
383;382;166
383;384;259
383;385;235
384;383;259
385;383;235
385;386;154
386;385;154
386;388;202
387;388;201
387;390;197
388;386;202
388;387;201
388;389;228
388;391;174
389;388;228
389;393;229
390;387;197
391;388;174
391;392;146
392;391;146
392;396;194
393;389;229
394;395;199
394;396;123
395;394;199
395;399;239
396;392;194
396;394;123
396;400;194
397;400;103
398;401;323
399;395;239
400;396;194
400;397;103
400;401;258
401;398;323
401;400;258
401;403;364
402;404;345
403;401;364
403;404;390
404;402;345
404;403;390
404;405;134
405;404;134
405;406;124
405;408;224
405;409;218
406;405;124
406;407;119
407;406;119
407;410;350
408;405;224
408;412;150
409;405;218
410;407;350
411;415;299
412;408;150
412;413;397
412;416;248
413;412;397
414;417;156
415;411;299
415;416;359
415;419;326
416;412;248
416;415;359
416;420;384
417;414;156
417;421;104
418;422;313
419;415;326
419;421;319
420;416;384
420;424;115
421;417;104
421;419;319
421;423;367
422;418;313
422;425;272
422;426;132
423;421;367
423;425;355
424;420;115
425;422;272
425;423;355
425;428;153
426;422;132
426;430;264
427;431;283
428;425;153
429;431;258
430;426;264
430;432;136
430;434;199
431;427;283
431;429;258
431;433;317
431;434;103
432;430;136
433;431;317
434;430;199
434;431;103
434;435;294
435;434;294
435;436;232
436;435;232
436;439;296
437;440;289
438;442;153
439;436;296
439;443;343
440;437;289
440;444;255
441;442;160
441;443;140
441;444;106
442;438;153
442;441;160
442;445;171
443;439;343
443;441;140
444;440;255
444;441;106
444;446;291
445;442;171
445;449;208
446;444;291
447;449;114
448;451;291
449;445;208
449;447;114
449;453;342
450;451;239
451;448;291
451;450;239
451;455;247
452;456;177
453;449;342
453;457;234
454;455;220
454;456;165
455;451;247
455;454;220
455;459;231
456;452;177
456;454;165
457;453;234
457;461;167
458;462;226
459;455;231
459;461;162
459;463;267
460;463;367
461;457;167
461;459;162
461;462;182
462;458;226
462;461;182
462;464;159
463;459;267
463;460;367
463;467;273
464;462;159
464;468;275
465;466;347
466;465;347
466;468;141
467;463;273
467;471;112
468;464;275
468;466;141
468;469;100
468;470;126
469;468;100
470;468;126
471;467;112
471;472;540
471;473;159
471;474;240
472;471;540
473;471;159
473;475;119
473;476;315
474;471;240
475;473;119
475;477;128
475;478;209
476;473;315
476;480;215
477;475;128
478;475;209
478;479;266
479;478;266
479;481;150
480;476;215
480;483;236
481;479;150
481;482;150
481;485;195
482;481;150
483;480;236
483;487;379
484;485;233
485;481;195
485;484;233
486;487;230
486;488;193
487;483;379
487;486;230
488;486;193
488;491;297
489;490;208
490;489;208
490;493;284
490;494;409
491;488;297
491;494;161
491;495;255
492;493;445
493;490;284
493;492;445
494;490;409
494;491;161
495;491;255
495;498;207
496;500;202
497;499;253
498;495;207
498;502;169
499;497;253
499;502;133
500;496;202
500;502;208
500;503;215
501;502;424
502;498;169
502;499;133
502;500;208
502;501;424
502;504;322
502;505;314
503;500;215
503;507;295
504;502;322
504;506;205
504;508;239
505;502;314
506;504;205
507;503;295
507;509;244
508;504;239
508;511;359
509;507;244
510;512;248
510;513;485
511;508;359
511;512;435
512;510;248
512;511;435
512;515;463
513;510;485
514;517;291
514;518;286
515;512;463
515;519;407
516;520;389
517;514;291
517;520;281
518;514;286
518;522;133
519;515;407
519;521;174
520;516;389
520;517;281
520;524;256
521;519;174
521;522;260
521;525;265
522;518;133
522;521;260
523;527;112
524;520;256
525;521;265
525;528;124
526;527;215
527;523;112
527;526;215
527;528;233
528;525;124
528;527;233
528;531;170
528;532;340
529;532;313
530;534;103
531;528;170
532;528;340
532;529;313
532;534;188
533;536;311
534;530;103
534;532;188
534;538;340
535;536;288
536;533;311
536;535;288
536;537;249
536;539;122
537;536;249
537;538;109
537;540;226
538;534;340
538;537;109
539;536;122
540;537;226
540;542;340
541;542;249
541;543;275
542;540;340
542;541;249
543;541;275
543;546;284
544;545;182
545;544;182
545;549;236
546;543;284
546;549;201
547;548;317
547;550;170
548;547;317
549;545;236
549;546;201
549;552;167
550;547;170
550;551;159
550;553;149
550;554;321
551;550;159
551;555;177
552;549;167
552;555;197
553;550;149
553;557;337
554;550;321
555;551;177
555;552;197
555;556;175
555;558;148
556;555;175
557;553;337
558;555;148
558;559;111
559;558;111
559;560;119
559;562;524
559;563;107
560;559;119
561;563;118
562;559;524
563;559;107
563;561;118
563;566;111
563;567;120
564;565;184
565;564;184
565;568;220
565;569;118
566;563;111
567;563;120
567;568;140
567;571;182
568;565;220
568;567;140
569;565;118
569;572;177
570;571;109
570;573;337
571;567;182
571;570;109
572;569;177
573;570;337
573;574;292
573;577;360
574;573;292
575;576;171
576;575;171
576;579;121
577;573;360
577;579;290
578;579;126
579;576;121
579;577;290
579;578;126
579;580;102
580;579;102
580;581;223
581;580;223
581;582;124
581;583;136
582;581;124
582;584;108
582;586;217
583;581;136
584;582;108
585;586;264
585;587;217
585;589;316
586;582;217
586;585;264
587;585;217
587;588;230
588;587;230
588;591;398
588;592;309
589;585;316
590;591;225
591;588;398
591;590;225
592;588;309
592;593;270
593;592;270
593;594;266
594;593;266
594;595;306
595;594;306
595;596;375
596;595;375
596;597;156
596;599;364
597;596;156
598;600;327
599;596;364
599;600;370
600;598;327
600;599;370
600;604;186
601;602;213
601;603;230
602;601;213
602;606;158
603;601;230
604;600;186
604;607;227
605;609;223
606;602;158
606;607;101
607;604;227
607;606;101
607;610;150
607;611;332
608;610;123
609;605;223
609;610;226
609;612;280
610;607;150
610;608;123
610;609;226
611;607;332
611;614;260
612;609;280
613;614;113
613;615;136
614;611;260
614;613;113
614;616;218
614;618;230
615;613;136
616;614;218
616;617;473
617;616;473
618;614;230
618;619;223
618;621;180
619;618;223
620;623;178
621;618;180
621;625;207
622;625;330
623;620;178
623;624;184
624;623;184
624;625;111
625;621;207
625;622;330
625;624;111
625;626;105
625;629;173
626;625;105
626;627;102
627;626;102
627;631;397
628;630;188
629;625;173
629;630;164
630;628;188
630;629;164
631;627;397
631;635;292
632;635;224
632;636;166
633;634;337
633;637;160
634;633;337
634;635;335
635;631;292
635;632;224
635;634;335
636;632;166
636;638;247
637;633;160
638;636;247
638;639;124
638;642;331
639;638;124
639;641;231
640;641;390
641;639;231
641;640;390
641;643;287
642;638;331
643;641;287
643;644;115
643;645;244
644;643;115
644;646;324
644;647;454
645;643;244
646;644;324
646;648;274
646;650;331
647;644;454
648;646;274
649;653;362
650;646;331
650;651;340
650;653;143
651;650;340
652;655;191
653;649;362
653;650;143
653;654;135
653;657;208
654;653;135
654;658;183
655;652;191
655;656;279
655;658;233
656;655;279
657;653;208
658;654;183
658;655;233
658;659;289
658;661;128
659;658;289
659;663;281
660;662;266
660;663;151
661;658;128
662;660;266
662;664;376
663;659;281
663;660;151
664;662;376
664;665;259
665;664;259
665;668;236
665;669;140
666;667;268
667;666;268
667;668;245
668;665;236
668;667;245
668;672;197
669;665;140
670;674;110
671;675;219
672;668;197
672;674;331
672;675;179
673;676;334
674;670;110
674;672;331
674;678;419
675;671;219
675;672;179
675;676;236
676;673;334
676;675;236
677;681;525
678;674;419
678;680;275
679;680;246
679;683;383
680;678;275
680;679;246
681;677;525
681;685;227
682;686;409
683;679;383
683;684;262
684;683;262
684;687;105
685;681;227
685;686;187
686;682;409
686;685;187
686;688;124
687;684;105
687;688;127
688;686;124
688;687;127
688;691;110
689;693;347
690;691;132
690;693;185
691;688;110
691;690;132
692;693;120
692;694;182
693;689;347
693;690;185
693;692;120
694;692;182
694;695;313
694;697;305
694;698;305
695;694;313
696;697;328
696;699;345
697;694;305
697;696;328
697;701;255
698;694;305
699;696;345
699;702;318
700;703;278
701;697;255
701;703;372
702;699;318
703;700;278
703;701;372
703;704;367
703;707;307
704;703;367
704;708;167
705;708;221
706;708;180
707;703;307
707;709;189
707;710;210
708;704;167
708;705;221
708;706;180
709;707;189
709;711;202
710;707;210
711;709;202
711;714;329
712;714;225
713;715;294
714;711;329
714;712;225
714;715;232
714;718;241
715;713;294
715;714;232
716;718;190
717;719;384
718;714;241
718;716;190
718;720;437
718;722;349
719;717;384
719;722;341
719;723;553
720;718;437
720;721;468
721;720;468
722;718;349
722;719;341
722;724;159
722;726;297
723;719;553
724;722;159
724;725;362
725;724;362
725;727;327
726;722;297
726;730;355
727;725;327
727;728;333
728;727;333
728;729;306
729;728;306
730;726;355
730;734;296
731;734;461
732;735;157
732;736;116
733;737;258
734;730;296
734;731;461
734;735;172
734;737;173
735;732;157
735;734;172
736;732;116
736;738;255
737;733;258
737;734;173
737;740;231
738;736;255
738;742;181
739;740;188
740;737;231
740;739;188
741;745;233
742;738;181
742;743;270
742;744;339
743;742;270
744;742;339
744;748;109
745;741;233
745;747;128
745;748;161
746;748;251
747;745;128
747;749;132
748;744;109
748;745;161
748;746;251
749;747;132
749;752;117
750;753;183
751;752;190
752;749;117
752;751;190
752;753;145
752;755;177
753;750;183
753;752;145
754;757;202
755;752;177
755;757;330
755;759;333
756;758;186
757;754;202
757;755;330
757;758;159
758;756;186
758;757;159
759;755;333
759;760;143
759;762;276
760;759;143
760;761;268
761;760;268
762;759;276
762;763;167
763;762;167
763;765;143
764;765;132
764;766;295
765;763;143
765;764;132
765;769;159
766;764;295
766;767;145
767;766;145
767;771;157
768;770;171
768;772;188
769;765;159
770;768;171
771;767;157
771;772;155
771;773;200
772;768;188
772;771;155
773;771;200
773;774;353
774;773;353
774;775;412
775;774;412
775;776;424
776;775;424
776;777;429
777;776;429
777;778;255
777;779;107
777;781;237
778;777;255
779;777;107
779;780;226
780;779;226
780;782;125
780;783;134
781;777;237
782;780;125
783;780;134
783;784;307
783;786;299
784;783;307
785;789;228
786;783;299
786;787;300
786;790;288
787;786;300
787;789;339
788;789;260
789;785;228
789;787;339
789;788;260
790;786;288
790;792;287
791;792;354
791;795;364
792;790;287
792;791;354
792;794;200
792;796;307
793;796;287
794;792;200
795;791;364
795;799;369
796;792;307
796;793;287
797;798;144
797;800;367
797;801;233
798;797;144
798;799;300
798;802;140
799;795;369
799;798;300
800;797;367
801;797;233
801;805;254
802;798;140
803;805;220
804;805;160
804;806;175
805;801;254
805;803;220
805;804;160
805;808;136
806;804;175
806;807;129
807;806;129
807;811;229
808;805;136
808;809;325
809;808;325
810;814;187
811;807;229
811;812;269
812;811;269
812;816;146
813;814;115
814;810;187
814;813;115
814;817;105
815;816;332
815;817;130
815;818;303
815;819;276
816;812;146
816;815;332
817;814;105
817;815;130
818;815;303
818;821;180
819;815;276
819;823;166
820;821;175
821;818;180
821;820;175
822;823;296
823;819;166
823;822;296
823;824;246
823;825;289
823;827;113
824;823;246
825;823;289
825;826;122
826;825;122
826;829;216
827;823;113
827;830;239
828;831;210
829;826;216
829;832;219
830;827;239
830;833;320
831;828;210
831;832;284
832;829;219
832;831;284
833;830;320
833;837;323
834;835;213
834;836;119
835;834;213
836;834;119
836;837;295
836;838;130
837;833;323
837;836;295
837;841;321
838;836;130
839;840;168
840;839;168
840;843;163
841;837;321
841;842;245
842;841;245
842;844;274
843;840;163
843;846;378
844;842;274
844;847;153
845;846;154
845;847;127
846;843;378
846;845;154
846;849;234
847;844;153
847;845;127
847;848;185
848;847;185
849;846;234
849;852;293
850;851;482
851;850;482
851;855;435
852;849;293
852;853;431
853;852;431
853;857;411
854;857;198
855;851;435
855;857;149
856;858;399
857;853;411
857;854;198
857;855;149
857;858;108
857;859;418
857;861;190
858;856;399
858;857;108
859;857;418
860;864;273
861;857;190
861;862;397
861;864;194
862;861;397
863;864;392
864;860;273
864;861;194
864;863;392
864;866;348
864;868;170
865;868;212
866;864;348
866;867;180
867;866;180
867;870;172
868;864;170
868;865;212
869;871;345
870;867;172
870;872;194
870;874;123
871;869;345
871;874;119
872;870;194
872;875;277
873;876;141
874;870;123
874;871;119
875;872;277
875;879;177
876;873;141
876;879;360
877;881;169
878;879;179
879;875;177
879;876;360
879;878;179
879;880;217
880;879;217
880;882;301
881;877;169
881;883;402
882;880;301
882;884;120
883;881;402
883;884;140
884;882;120
884;883;140
884;887;277
884;888;201
885;886;239
886;885;239
886;890;266
887;884;277
887;889;126
888;884;201
889;887;126
889;890;280
889;893;120
890;886;266
890;889;280
891;893;111
891;895;272
892;893;142
893;889;120
893;891;111
893;892;142
894;895;216
895;891;272
895;894;216
895;897;121
895;898;312
896;898;352
897;895;121
897;900;211
898;895;312
898;896;352
899;900;214
899;901;127
900;897;211
900;899;214
900;904;117
901;899;127
901;902;130
901;905;181
902;901;130
903;906;210
903;907;128
904;900;117
905;901;181
905;907;194
906;903;210
907;903;128
907;905;194
907;909;288
907;911;306
908;912;175
909;907;288
910;911;125
910;912;266
911;907;306
911;910;125
911;913;160
912;908;175
912;910;266
913;911;160
913;915;342
914;917;212
915;913;342
915;917;375
916;920;188
917;914;212
917;915;375
917;920;123
917;921;345
918;922;226
919;920;233
919;922;133
920;916;188
920;917;123
920;919;233
921;917;345
921;924;212
921;925;343
922;918;226
922;919;133
923;926;131
924;921;212
924;927;102
925;921;343
926;923;131
926;927;226
927;924;102
927;926;226
927;930;201
928;930;107
929;931;222
929;933;101
930;927;201
930;928;107
930;931;357
931;929;222
931;930;357
931;932;254
932;931;254
932;935;190
932;936;224
933;929;101
933;937;110
934;936;355
935;932;190
936;932;224
936;934;355
937;933;110
937;939;215
938;939;302
938;942;138
939;937;215
939;938;302
939;941;211
940;943;219
941;939;211
942;938;138
942;944;163
943;940;219
943;947;179
944;942;163
944;945;305
945;944;305
945;947;265
946;947;102
947;943;179
947;945;265
947;946;102
947;951;390
948;950;314
949;953;379
950;948;314
950;952;273
951;947;390
951;955;375
952;950;273
952;955;274
953;949;379
953;955;113
954;956;395
954;957;329
955;951;375
955;952;274
955;953;113
955;957;107
955;958;181
955;959;345
956;954;395
957;954;329
957;955;107
957;960;108
958;955;181
958;961;141
959;955;345
960;957;108
961;958;141
961;962;343
961;964;241
962;961;343
963;964;117
963;966;112
964;961;241
964;963;117
965;968;172
966;963;112
966;968;338
967;970;432
968;965;172
968;966;338
968;970;238
968;971;227
969;972;406
970;967;432
970;968;238
970;972;237
970;973;256
971;968;227
971;975;400
972;969;406
972;970;237
973;970;256
973;974;359
973;976;178
974;973;359
974;978;250
975;971;400
976;973;178
977;979;229
978;974;250
978;981;190
979;977;229
979;980;166
980;979;166
980;984;193
981;978;190
981;982;176
982;981;176
982;984;233
982;986;101
983;984;141
984;980;193
984;982;233
984;983;141
984;985;297
984;988;193
985;984;297
985;989;319
986;982;101
987;990;108
988;984;193
988;992;281
989;985;319
990;987;108
990;992;259
991;995;163
992;988;281
992;990;259
992;994;205
992;996;178
993;996;406
994;992;205
994;997;241
995;991;163
995;997;257
995;999;134
996;992;178
996;993;406
997;994;241
997;995;257
998;999;118
999;995;134
999;998;118
999;1000;161
999;1002;111
1000;999;161
1001;1004;147
1002;999;111
1002;1003;530
1002;1006;182
1003;1002;530
1004;1001;147
1004;1008;200
1005;1008;296
1006;1002;182
1006;1008;124
1007;1009;269
1008;1004;200
1008;1005;296
1008;1006;124
1008;1010;210
1008;1011;269
1009;1007;269
1009;1011;174
1010;1008;210
1010;1013;307
1011;1008;269
1011;1009;174
1011;1012;225
1012;1011;225
1013;1010;307
1013;1015;162
1014;1018;205
1015;1013;162
1015;1017;147
1015;1018;112
1016;1017;217
1016;1020;216
1017;1015;147
1017;1016;217
1018;1014;205
1018;1015;112
1018;1019;303
1018;1022;290
1019;1018;303
1020;1016;216
1020;1023;160
1021;1022;132
1022;1018;290
1022;1021;132
1023;1020;160
1023;1024;225
1024;1023;225
1024;1025;191
1024;1027;228
1025;1024;191
1026;1027;210
1026;1028;127
1027;1024;228
1027;1026;210
1028;1026;127
1028;1029;159
1028;1030;150
1029;1028;159
1029;1033;208
1030;1028;150
1031;1032;266
1032;1031;266
1032;1036;130
1033;1029;208
1033;1037;198
1034;1035;364
1034;1038;251
1035;1034;364
1036;1032;130
1036;1037;219
1037;1033;198
1037;1036;219
1037;1038;278
1038;1034;251
1038;1037;278
1038;1040;311
1039;1042;278
1040;1038;311
1040;1043;190
1041;1044;280
1042;1039;278
1042;1043;148
1042;1045;101
1042;1046;293
1043;1040;190
1043;1042;148
1043;1044;264
1044;1041;280
1044;1043;264
1045;1042;101
1045;1047;178
1046;1042;293
1047;1045;178
1047;1049;140
1047;1051;131
1048;1050;206
1049;1047;140
1049;1052;133
1050;1048;206
1050;1052;109
1051;1047;131
1052;1049;133
1052;1050;109
1052;1053;314
1052;1056;310
1053;1052;314
1053;1054;229
1054;1053;229
1054;1055;302
1055;1054;302
1056;1052;310
1056;1059;362
1056;1060;120
1057;1060;218
1058;1060;279
1059;1056;362
1059;1062;383
1060;1056;120
1060;1057;218
1060;1058;279
1060;1061;475
1060;1064;155
1061;1060;475
1062;1059;383
1063;1064;265
1064;1060;155
1064;1063;265
1064;1067;246
1065;1067;188
1066;1067;178
1066;1068;106
1067;1064;246
1067;1065;188
1067;1066;178
1068;1066;106
1068;1070;184
1068;1071;273
1068;1072;385
1069;1073;118
1070;1068;184
1071;1068;273
1072;1068;385
1072;1073;256
1073;1069;118
1073;1072;256
1073;1074;449
1073;1077;153
1074;1073;449
1075;1077;105
1075;1078;243
1076;1079;249
1077;1073;153
1077;1075;105
1078;1075;243
1078;1079;121
1078;1082;349
1079;1076;249
1079;1078;121
1079;1081;256
1080;1083;346
1081;1079;256
1081;1083;125
1082;1078;349
1083;1080;346
1083;1081;125
1083;1084;179
1083;1085;122
1084;1083;179
1084;1087;102
1084;1088;124
1085;1083;122
1086;1087;458
1087;1084;102
1087;1086;458
1088;1084;124
1088;1090;390
1089;1093;143
1090;1088;390
1090;1094;260
1091;1093;292
1092;1096;567
1093;1089;143
1093;1091;292
1093;1095;302
1093;1097;237
1094;1090;260
1094;1097;277
1095;1093;302
1095;1096;281
1096;1092;567
1096;1095;281
1096;1098;144
1097;1093;237
1097;1094;277
1098;1096;144
1098;1099;138
1099;1098;138
1099;1103;187
1100;1102;208
1100;1103;211
1100;1104;287
1101;1102;148
1102;1100;208
1102;1101;148
1103;1099;187
1103;1100;211
1103;1106;280
1104;1100;287
1105;1106;500
1106;1103;280
1106;1105;500
1106;1109;304
1107;1109;249
1107;1111;323
1108;1110;156
1109;1106;304
1109;1107;249
1109;1110;151
1110;1108;156
1110;1109;151
1110;1112;473
1111;1107;323
1111;1115;346
1112;1110;473
1113;1116;122
1114;1118;114
1115;1111;346
1115;1117;420
1116;1113;122
1116;1119;243
1117;1115;420
1117;1119;227
1118;1114;114
1118;1121;223
1119;1116;243
1119;1117;227
1119;1120;343
1119;1123;165
1120;1119;343
1120;1121;213
1121;1118;223
1121;1120;213
1121;1125;243
1122;1123;356
1123;1119;165
1123;1122;356
1123;1126;165
1124;1125;186
1124;1128;343
1125;1121;243
1125;1124;186
1126;1123;165
1127;1129;246
1128;1124;343
1128;1130;214
1128;1131;112
1128;1132;208
1129;1127;246
1129;1133;195
1130;1128;214
1130;1134;194
1131;1128;112
1131;1133;162
1132;1128;208
1132;1135;235
1133;1129;195
1133;1131;162
1134;1130;194
1135;1132;235
1135;1136;409
1136;1135;409
1136;1139;614
1137;1138;340
1138;1137;340
1138;1140;350
1138;1141;217
1139;1136;614
1139;1141;422
1140;1138;350
1141;1138;217
1141;1139;422
1141;1143;151
1142;1143;417
1142;1146;188
1143;1141;151
1143;1142;417
1144;1145;275
1144;1146;223
1144;1147;413
1145;1144;275
1145;1149;343
1146;1142;188
1146;1144;223
1147;1144;413
1148;1151;226
1148;1152;251
1149;1145;343
1149;1152;254
1150;1151;185
1151;1148;226
1151;1150;185
1151;1154;110
1152;1148;251
1152;1149;254
1152;1155;156
1153;1157;145
1154;1151;110
1154;1156;355
1155;1152;156
1155;1157;293
1156;1154;355
1156;1159;184
1157;1153;145
1157;1155;293
1158;1161;264
1159;1156;184
1159;1162;440
1160;1164;276
1161;1158;264
1161;1162;197
1161;1163;128
1161;1165;140
1162;1159;440
1162;1161;197
1163;1161;128
1164;1160;276
1164;1168;360
1165;1161;140
1165;1168;443
1166;1168;345
1167;1169;194
1168;1164;360
1168;1165;443
1168;1166;345
1168;1170;238
1169;1167;194
1169;1170;161
1169;1173;155
1170;1168;238
1170;1169;161
1170;1171;147
1170;1174;112
1171;1170;147
1172;1175;268
1173;1169;155
1173;1177;192
1174;1170;112
1175;1172;268
1175;1177;266
1176;1177;142
1176;1178;235
1177;1173;192
1177;1175;266
1177;1176;142
1177;1180;102
1178;1176;235
1179;1180;366
1180;1177;102
1180;1179;366
1180;1182;267
1181;1183;322
1181;1184;136
1182;1180;267
1182;1184;278
1183;1181;322
1183;1187;173
1184;1181;136
1184;1182;278
1184;1186;245
1184;1188;295
1185;1186;243
1186;1184;245
1186;1185;243
1187;1183;173
1187;1189;156
1188;1184;295
1189;1187;156
1189;1193;213
1190;1192;179
1191;1193;234
1192;1190;179
1192;1196;367
1193;1189;213
1193;1191;234
1193;1195;117
1193;1196;157
1193;1197;213
1194;1198;272
1195;1193;117
1195;1198;288
1195;1199;373
1196;1192;367
1196;1193;157
1197;1193;213
1197;1200;148
1197;1201;294
1198;1194;272
1198;1195;288
1199;1195;373
1200;1197;148
1201;1197;294
1201;1204;440
1202;1204;427
1203;1204;170
1203;1207;232
1204;1201;440
1204;1202;427
1204;1203;170
1205;1206;241
1206;1205;241
1206;1207;151
1206;1208;177
1206;1209;143
1207;1203;232
1207;1206;151
1207;1211;182
1208;1206;177
1209;1206;143
1209;1210;237
1209;1213;331
1210;1209;237
1211;1207;182
1212;1214;275
1213;1209;331
1213;1217;146
1214;1212;275
1214;1218;258
1215;1218;154
1216;1217;138
1217;1213;146
1217;1216;138
1217;1218;271
1218;1214;258
1218;1215;154
1218;1217;271
1218;1222;163
1219;1220;231
1220;1219;231
1220;1224;292
1221;1222;246
1221;1224;179
1221;1225;190
1222;1218;163
1222;1221;246
1223;1225;190
1224;1220;292
1224;1221;179
1224;1226;120
1225;1221;190
1225;1223;190
1225;1229;151
1226;1224;120
1227;1228;117
1228;1227;117
1228;1229;162
1228;1230;472
1229;1225;151
1229;1228;162
1229;1232;340
1229;1233;240
1230;1228;472
1231;1234;310
1232;1229;340
1233;1229;240
1233;1235;319
1234;1231;310
1234;1237;227
1234;1238;134
1235;1233;319
1235;1238;200
1235;1239;258
1236;1238;209
1237;1234;227
1238;1234;134
1238;1235;200
1238;1236;209
1238;1242;210
1239;1235;258
1239;1241;350
1239;1243;144
1240;1242;302
1240;1244;275
1241;1239;350
1242;1238;210
1242;1240;302
1242;1245;209
1242;1246;296
1243;1239;144
1244;1240;275
1245;1242;209
1246;1242;296
1246;1249;185
1247;1248;102
1247;1251;201
1248;1247;102
1248;1249;261
1248;1252;135
1249;1246;185
1249;1248;261
1249;1250;369
1250;1249;369
1251;1247;201
1252;1248;135
1252;1254;121
1253;1254;118
1253;1255;236
1253;1257;365
1254;1252;121
1254;1253;118
1255;1253;236
1255;1259;298
1256;1260;142
1257;1253;365
1257;1258;373
1258;1257;373
1258;1262;264
1259;1255;298
1260;1256;142
1260;1263;127
1261;1265;291
1262;1258;264
1262;1263;331
1262;1264;381
1263;1260;127
1263;1262;331
1264;1262;381
1264;1266;365
1265;1261;291
1265;1266;390
1265;1269;145
1266;1264;365
1266;1265;390
1267;1270;198
1268;1272;433
1269;1265;145
1269;1270;246
1269;1271;219
1270;1267;198
1270;1269;246
1270;1272;377
1271;1269;219
1271;1273;310
1271;1274;446
1272;1268;433
1272;1270;377
1272;1275;316
1273;1271;310
1274;1271;446
1274;1276;108
1275;1272;316
1276;1274;108
1276;1280;445
1277;1281;344
1278;1279;371
1278;1281;112
1278;1282;366
1279;1278;371
1280;1276;445
1280;1282;140
1280;1284;139
1281;1277;344
1281;1278;112
1282;1278;366
1282;1280;140
1282;1286;102
1283;1285;216
1283;1286;129
1284;1280;139
1285;1283;216
1286;1282;102
1286;1283;129
1286;1290;186
1287;1288;182
1287;1289;139
1287;1291;387
1288;1287;182
1289;1287;139
1290;1286;186
1290;1292;145
1290;1294;225
1291;1287;387
1291;1295;114
1292;1290;145
1292;1293;386
1292;1295;117
1293;1292;386
1293;1297;363
1294;1290;225
1294;1298;117
1295;1291;114
1295;1292;117
1296;1300;184
1297;1293;363
1298;1294;117
1298;1302;207
1299;1300;157
1299;1302;183
1299;1303;317
1300;1296;184
1300;1299;157
1301;1303;394
1302;1298;207
1302;1299;183
1302;1304;372
1303;1299;317
1303;1301;394
1304;1302;372
1304;1305;110
1305;1304;110
1305;1307;280
1306;1308;179
1306;1309;344
1307;1305;280
1307;1309;242
1308;1306;179
1309;1306;344
1309;1307;242
1309;1311;324
1310;1311;350
1311;1309;324
1311;1310;350
1311;1313;333
1312;1314;558
1313;1311;333
1313;1315;111
1313;1316;172
1314;1312;558
1314;1316;137
1314;1318;212
1315;1313;111
1316;1313;172
1316;1314;137
1316;1320;120
1317;1318;178
1318;1314;212
1318;1317;178
1319;1320;274
1320;1316;120
1320;1319;274
1320;1321;191
1321;1320;191
1321;1323;194
1321;1325;147
1322;1324;417
1323;1321;194
1323;1324;284
1324;1322;417
1324;1323;284
1324;1326;434
1325;1321;147
1325;1327;353
1325;1328;358
1326;1324;434
1327;1325;353
1328;1325;358
1328;1332;380
1329;1332;353
1330;1333;273
1331;1332;299
1332;1328;380
1332;1329;353
1332;1331;299
1332;1333;253
1332;1335;253
1333;1330;273
1333;1332;253
1334;1337;290
1334;1338;273
1335;1332;253
1335;1336;162
1336;1335;162
1336;1338;169
1336;1339;288
1337;1334;290
1337;1340;277
1338;1334;273
1338;1336;169
1338;1341;321
1339;1336;288
1340;1337;277
1340;1344;312
1341;1338;321
1341;1342;242
1342;1341;242
1343;1344;121
1343;1347;154
1344;1340;312
1344;1343;121
1344;1345;348
1344;1348;125
1345;1344;348
1346;1348;316
1346;1350;412
1347;1343;154
1348;1344;125
1348;1346;316
1349;1352;137
1349;1353;247
1350;1346;412
1350;1351;420
1351;1350;420
1351;1354;237
1352;1349;137
1352;1356;149
1353;1349;247
1353;1355;152
1354;1351;237
1354;1358;281
1355;1353;152
1355;1358;237
1356;1352;149
1357;1358;253
1358;1354;281
1358;1355;237
1358;1357;253
1358;1361;181
1359;1360;284
1360;1359;284
1360;1361;365
1360;1362;264
1361;1358;181
1361;1360;365
1361;1364;426
1361;1365;176
1362;1360;264
1363;1365;113
1364;1361;426
1365;1361;176
1365;1363;113
1365;1366;308
1365;1367;512
1366;1365;308
1366;1368;155
1366;1370;111
1367;1365;512
1368;1366;155
1368;1369;163
1369;1368;163
1369;1371;353
1370;1366;111
1370;1373;246
1370;1374;154
1371;1369;353
1372;1373;356
1373;1370;246
1373;1372;356
1373;1375;190
1373;1376;281
1374;1370;154
1374;1377;137
1374;1378;208
1375;1373;190
1376;1373;281
1377;1374;137
1378;1374;208
1378;1382;320
1379;1382;204
1380;1382;377
1381;1383;234
1381;1385;113
1382;1378;320
1382;1379;204
1382;1380;377
1382;1384;103
1383;1381;234
1384;1382;103
1384;1385;130
1384;1386;196
1385;1381;113
1385;1384;130
1386;1384;196
1386;1387;164
1386;1388;162
1387;1386;164
1388;1386;162
1388;1389;137
1388;1392;289
1389;1388;137
1389;1390;154
1390;1389;154
1390;1391;182
1390;1393;248
1391;1390;182
1392;1388;289
1393;1390;248
1393;1395;157
1394;1397;321
1395;1393;157
1395;1399;489
1396;1397;101
1397;1394;321
1397;1396;101
1397;1400;113
1398;1400;196
1398;1401;267
1399;1395;489
1399;1403;226
1400;1397;113
1400;1398;196
1401;1398;267
1401;1405;232
1402;1403;326
1402;1404;132
1403;1399;226
1403;1402;326
1404;1402;132
1404;1405;256
1405;1401;232
1405;1404;256
1405;1407;234
1406;1409;265
1407;1405;234
1407;1408;171
1408;1407;171
1408;1409;190
1408;1410;142
1408;1412;361
1409;1406;265
1409;1408;190
1410;1408;142
1411;1412;222
1411;1414;244
1412;1408;361
1412;1411;222
1413;1415;184
1414;1411;244
1414;1417;415
1415;1413;184
1415;1418;166
1416;1419;249
1417;1414;415
1417;1418;202
1417;1421;240
1418;1415;166
1418;1417;202
1419;1416;249
1419;1420;303
1420;1419;303
1420;1422;348
1421;1417;240
1421;1422;191
1422;1420;348
1422;1421;191
1422;1424;163
1423;1424;120
1423;1426;111
1424;1422;163
1424;1423;120
1425;1428;179
1426;1423;111
1426;1427;117
1427;1426;117
1427;1431;252
1428;1425;179
1428;1429;294
1429;1428;294
1429;1430;196
1430;1429;196
1430;1431;288
1430;1433;150
1431;1427;252
1431;1430;288
1432;1433;323
1432;1434;262
1433;1430;150
1433;1432;323
1433;1435;201
1434;1432;262
1435;1433;201
1435;1437;220
1436;1438;183
1437;1435;220
1437;1439;137
1438;1436;183
1438;1441;203
1438;1442;350
1439;1437;137
1439;1440;136
1440;1439;136
1440;1444;198
1441;1438;203
1442;1438;350
1442;1446;222
1443;1446;216
1444;1440;198
1444;1446;202
1445;1447;281
1446;1442;222
1446;1443;216
1446;1444;202
1446;1447;230
1446;1448;365
1446;1450;372
1447;1445;281
1447;1446;230
1448;1446;365
1449;1452;334
1450;1446;372
1450;1454;114
1451;1454;291
1452;1449;334
1452;1455;263
1453;1454;174
1454;1450;114
1454;1451;291
1454;1453;174
1454;1455;206
1454;1458;192
1455;1452;263
1455;1454;206
1455;1457;285
1456;1458;354
1457;1455;285
1457;1459;277
1458;1454;192
1458;1456;354
1459;1457;277
1459;1460;308
1459;1462;285
1459;1463;149
1460;1459;308
1460;1461;182
1461;1460;182
1462;1459;285
1462;1464;139
1462;1465;131
1463;1459;149
1463;1467;355
1464;1462;139
1464;1466;251
1465;1462;131
1466;1464;251
1466;1470;342
1467;1463;355
1467;1468;422
1468;1467;422
1469;1472;421
1470;1466;342
1470;1471;248
1471;1470;248
1471;1475;308
1472;1469;421
1472;1475;322
1473;1474;166
1473;1476;271
1474;1473;166
1475;1471;308
1475;1472;322
1475;1476;327
1475;1477;192
1476;1473;271
1476;1475;327
1477;1475;192
1477;1479;272
1478;1479;115
1478;1480;275
1479;1477;272
1479;1478;115
1479;1481;268
1480;1478;275
1481;1479;268
1481;1485;155
1482;1483;119
1482;1484;170
1483;1482;119
1484;1482;170
1484;1485;178
1484;1486;564
1485;1481;155
1485;1484;178
1486;1484;564
1486;1489;284
1487;1489;350
1488;1489;111
1488;1490;130
1488;1492;127
1489;1486;284
1489;1487;350
1489;1488;111
1489;1493;161
1490;1488;130
1490;1491;123
1491;1490;123
1492;1488;127
1493;1489;161
1493;1496;457
1494;1495;312
1494;1496;327
1495;1494;312
1496;1493;457
1496;1494;327
1496;1500;337
1497;1499;323
1498;1500;283
1499;1497;323
1499;1500;227
1500;1496;337
1500;1498;283
1500;1499;227
1500;1501;425
1500;1502;211
1500;1503;146
1500;1504;329
1501;1500;425
1502;1500;211
1503;1500;146
1503;1507;246
1504;1500;329
1504;1505;240
1505;1504;240
1506;1508;500
1507;1503;246
1507;1509;218
1508;1506;500
1508;1510;277
1508;1511;130
1509;1507;218
1509;1510;255
1509;1513;144
1510;1508;277
1510;1509;255
1511;1508;130
1512;1513;311
1513;1509;144
1513;1512;311
1513;1516;152
1513;1517;135
1514;1515;126
1515;1514;126
1515;1516;108
1516;1513;152
1516;1515;108
1516;1518;265
1517;1513;135
1517;1520;139
1518;1516;265
1519;1520;169
1519;1523;334
1520;1517;139
1520;1519;169
1521;1523;266
1521;1524;187
1521;1525;482
1522;1523;314
1523;1519;334
1523;1521;266
1523;1522;314
1524;1521;187
1524;1528;129
1525;1521;482
1526;1527;241
1526;1530;367
1527;1526;241
1527;1528;241
1527;1529;328
1528;1524;129
1528;1527;241
1529;1527;328
1529;1531;435
1530;1526;367
1530;1532;467
1531;1529;435
1532;1530;467
1532;1534;163
1532;1536;280
1533;1536;371
1534;1532;163
1534;1535;113
1535;1534;113
1536;1532;280
1536;1533;371
1536;1539;256
1536;1540;202
1537;1541;498
1538;1540;285
1539;1536;256
1539;1542;209
1540;1536;202
1540;1538;285
1540;1543;160
1540;1544;103
1541;1537;498
1541;1543;279
1542;1539;209
1543;1540;160
1543;1541;279
1543;1547;112
1544;1540;103
1544;1548;290
1545;1546;160
1545;1549;264
1546;1545;160
1546;1547;161
1546;1550;229
1547;1543;112
1547;1546;161
1548;1544;290
1549;1545;264
1550;1546;229
1550;1551;403
1551;1550;403
1551;1552;464
1552;1551;464
1552;1554;474
1553;1555;184
1554;1552;474
1554;1555;211
1555;1553;184
1555;1554;211
1555;1557;130
1555;1558;116
1556;1558;237
1557;1555;130
1558;1555;116
1558;1556;237
1558;1562;335
1559;1563;105
1560;1562;457
1561;1562;164
1561;1564;303
1561;1565;115
1562;1558;335
1562;1560;457
1562;1561;164
1563;1559;105
1563;1566;218
1564;1561;303
1565;1561;115
1565;1568;151
1566;1563;218
1566;1570;347
1567;1571;284
1568;1565;151
1568;1572;191
1569;1571;248
1569;1572;147
1570;1566;347
1570;1572;208
1571;1567;284
1571;1569;248
1571;1573;194
1572;1568;191
1572;1569;147
1572;1570;208
1572;1574;225
1573;1571;194
1574;1572;225
1574;1576;211
1574;1577;204
1575;1578;429
1576;1574;211
1577;1574;204
1577;1580;101
1578;1575;429
1578;1582;100
1579;1581;154
1580;1577;101
1580;1583;143
1581;1579;154
1581;1583;110
1581;1585;151
1582;1578;100
1582;1585;155
1582;1586;139
1583;1580;143
1583;1581;110
1583;1584;179
1583;1587;262
1584;1583;179
1585;1581;151
1585;1582;155
1586;1582;139
