0;1;185
0;2;112
0;4;246
1;0;185
1;3;181
1;5;310
2;0;112
3;1;181
3;7;359
4;0;246
4;6;182
4;8;356
5;1;310
5;9;349
6;4;182
7;3;359
8;4;356
9;5;349
9;10;151
10;9;151
10;14;234
11;12;377
11;13;229
11;14;120
12;11;377
12;15;347
13;11;229
14;10;234
14;11;120
14;18;126
15;12;347
16;20;266
17;21;225
18;14;126
18;21;243
18;22;240
19;21;154
20;16;266
20;21;177
20;23;240
21;17;225
21;18;243
21;19;154
21;20;177
22;18;240
22;24;104
23;20;240
23;26;173
24;22;104
24;27;103
24;28;183
25;28;296
25;29;233
26;23;173
27;24;103
28;24;183
28;25;296
29;25;233
29;30;484
30;29;484
30;34;215
31;34;120
32;34;233
33;35;261
33;37;213
34;30;215
34;31;120
34;32;233
34;37;232
35;33;261
35;39;378
36;40;222
37;33;213
37;34;232
38;39;309
39;35;378
39;38;309
39;40;109
39;43;284
40;36;222
40;39;109
40;42;207
40;44;152
41;43;286
42;40;207
42;45;145
43;39;284
43;41;286
44;40;152
45;42;145
45;47;247
45;48;534
46;49;260
47;45;247
47;50;194
48;45;534
49;46;260
49;52;283
50;47;194
50;52;225
51;52;122
51;55;178
52;49;283
52;50;225
52;51;122
52;54;180
52;56;194
53;55;100
53;57;157
54;52;180
55;51;178
55;53;100
55;58;223
56;52;194
57;53;157
57;60;354
58;55;223
58;61;114
58;62;138
59;62;214
60;57;354
61;58;114
61;64;202
62;58;138
62;59;214
62;66;260
63;64;170
63;65;331
64;61;202
64;63;170
65;63;331
66;62;260
66;70;191
67;69;120
67;70;287
68;72;121
69;67;120
70;66;191
70;67;287
70;71;158
70;72;115
71;70;158
71;73;125
72;68;121
72;70;115
72;74;212
72;75;141
72;76;300
73;71;125
74;72;212
75;72;141
75;78;128
76;72;300
77;81;108
78;75;128
78;79;155
78;81;135
78;82;131
79;78;155
80;82;213
80;84;245
81;77;108
81;78;135
81;85;173
82;78;131
82;80;213
83;85;280
83;87;203
84;80;245
85;81;173
85;83;280
86;87;134
86;90;236
87;83;203
87;86;134
87;88;145
87;89;195
88;87;145
89;87;195
90;86;236
90;91;109
91;90;109
91;93;306
92;93;307
93;91;306
93;92;307
93;96;268
94;95;112
94;97;129
95;94;112
95;98;266
96;93;268
96;98;281
97;94;129
98;95;266
98;96;281
98;100;217
98;101;172
99;103;116
100;98;217
100;102;120
101;98;172
101;104;274
101;105;370
102;100;120
102;103;200
103;99;116
103;102;200
103;106;203
104;101;274
104;108;124
105;101;370
106;103;203
107;108;109
108;104;124
108;107;109
108;110;405
109;110;149
109;113;179
110;108;405
110;109;149
110;114;174
111;113;399
112;113;277
113;109;179
113;111;399
113;112;277
113;117;293
114;110;174
115;118;113
116;117;280
116;119;191
117;113;293
117;116;280
117;118;265
118;115;113
118;117;265
119;116;191
119;121;165
120;121;535
121;119;165
121;120;535
121;124;127
121;125;338
122;124;351
123;125;411
124;121;127
124;122;351
124;126;344
125;121;338
125;123;411
125;128;142
126;124;344
126;129;103
127;128;129
127;130;285
128;125;142
128;127;129
129;126;103
129;133;213
130;127;285
131;134;161
132;134;325
133;129;213
133;135;384
133;136;324
134;131;161
134;132;325
134;137;180
134;138;197
135;133;384
136;133;324
136;140;203
137;134;180
138;134;197
138;140;100
138;141;111
139;140;118
140;136;203
140;138;100
140;139;118
141;138;111
141;144;108
142;143;160
143;142;160
143;144;157
144;141;108
144;143;157
144;146;152
145;148;175
146;144;152
146;148;262
147;148;146
147;151;168
148;145;175
148;146;262
148;147;146
148;149;121
148;150;116
149;148;121
150;148;116
151;147;168
151;154;151
151;155;286
152;153;342
152;154;350
153;152;342
154;151;151
154;152;350
154;157;313
155;151;286
156;158;237
157;154;313
157;160;107
158;156;237
158;159;206
158;160;113
158;162;163
159;158;206
159;163;115
160;157;107
160;158;113
161;162;131
162;158;163
162;161;131
162;166;139
163;159;115
164;165;116
164;166;280
164;167;192
165;164;116
166;162;139
166;164;280
166;168;258
167;164;192
167;171;354
168;166;258
169;171;288
169;173;142
170;173;195
171;167;354
171;169;288
172;175;307
173;169;142
173;170;195
173;174;205
174;173;205
174;175;154
174;176;119
175;172;307
175;174;154
175;177;183
175;178;107
176;174;119
177;175;183
178;175;107
178;181;149
179;182;265
180;183;234
180;184;227
181;178;149
181;182;181
181;185;118
182;179;265
182;181;181
183;180;234
183;185;124
183;186;284
184;180;227
184;187;148
185;181;118
185;183;124
186;183;284
187;184;148
187;190;329
188;191;192
189;193;253
190;187;329
190;193;162
191;188;192
191;193;255
192;193;142
193;189;253
193;190;162
193;191;255
193;192;142
193;196;201
194;196;119
194;197;300
194;198;259
195;198;310
196;193;201
196;194;119
197;194;300
198;194;259
198;195;310
198;200;162
198;202;328
199;200;186
200;198;162
200;199;186
201;204;137
202;198;328
202;203;204
202;204;190
202;206;117
203;202;204
204;201;137
204;202;190
204;208;134
205;206;263
205;207;259
206;202;117
206;205;263
207;205;259
207;211;289
208;204;134
209;210;177
209;212;271
210;209;177
210;211;223
211;207;289
211;210;223
212;209;271
212;213;233
212;215;150
213;212;233
213;214;214
214;213;214
215;212;150
215;216;105
216;215;105
216;217;337
216;220;107
217;216;337
218;219;335
218;220;338
219;218;335
219;222;287
219;223;203
220;216;107
220;218;338
221;224;349
222;219;287
223;219;203
223;225;293
224;221;349
224;225;169
225;223;293
225;224;169
225;227;169
226;227;106
227;225;169
227;226;106
227;228;169
228;227;169
228;229;124
228;230;103
228;231;176
229;228;124
229;232;310
230;228;103
231;228;176
232;229;310
232;235;221
233;235;335
233;237;293
234;236;171
235;232;221
235;233;335
235;236;230
235;238;157
236;234;171
236;235;230
237;233;293
238;235;157
238;239;154
238;240;269
239;238;154
239;242;237
240;238;269
240;241;120
240;243;272
240;244;201
241;240;120
242;239;237
242;245;370
243;240;272
244;240;201
245;242;370
245;247;347
245;248;295
246;247;234
247;245;347
247;246;234
248;245;295
248;249;107
249;248;107
249;250;362
249;251;206
250;249;362
251;249;206
251;252;187
251;253;289
251;254;302
252;251;187
252;255;170
253;251;289
253;257;216
254;251;302
255;252;170
256;257;116
257;253;216
257;256;116
257;260;233
258;260;142
258;261;134
259;260;220
259;263;309
260;257;233
260;258;142
260;259;220
260;264;164
261;258;134
262;265;142
263;259;309
263;266;102
263;267;143
264;260;164
265;262;142
265;269;216
266;263;102
266;270;189
267;263;143
267;271;142
268;269;195
269;265;216
269;268;195
269;270;132
269;273;185
270;266;189
270;269;132
270;272;136
271;267;142
271;274;229
272;270;136
273;269;185
274;271;229
274;275;395
274;277;245
275;274;395
276;277;141
276;278;228
277;274;245
277;276;141
277;280;205
278;276;228
279;280;370
280;277;205
280;279;370
280;282;181
281;285;413
282;280;181
282;286;104
283;286;122
284;287;240
285;281;413
285;286;132
286;282;104
286;283;122
286;285;132
286;290;164
287;284;240
287;290;222
288;290;154
289;290;305
289;291;207
290;286;164
290;287;222
290;288;154
290;289;305
290;293;182
291;289;207
291;294;616
292;293;419
293;290;182
293;292;419
293;296;193
294;291;616
295;296;125
295;299;277
296;293;193
296;295;125
296;297;179
297;296;179
298;301;328
299;295;277
299;302;124
300;301;129
301;298;328
301;300;129
301;305;140
302;299;124
302;303;133
303;302;133
303;305;131
304;305;233
304;306;143
305;301;140
305;303;131
305;304;233
305;307;361
306;304;143
306;308;462
306;310;341
307;305;361
308;306;462
309;313;344
310;306;341
310;311;238
311;310;238
311;312;293
311;314;180
312;311;293
313;309;344
313;317;162
314;311;180
314;316;148
314;318;468
315;318;510
316;314;148
316;317;342
317;313;162
317;316;342
318;314;468
318;315;510
318;319;285
319;318;285
319;323;114
320;322;602
321;324;114
321;325;238
322;320;602
322;326;122
323;319;114
323;326;142
324;321;114
324;327;162
325;321;238
325;326;171
326;322;122
326;323;142
326;325;171
327;324;162
327;328;379
328;327;379
328;332;342
329;331;119
330;332;181
331;329;119
331;333;182
332;328;342
332;330;181
332;335;169
333;331;182
333;334;152
333;335;100
334;333;152
334;337;475
335;332;169
335;333;100
335;336;297
336;335;297
336;340;102
337;334;475
338;340;390
339;343;240
340;336;102
340;338;390
340;343;148
341;342;201
342;341;201
342;344;227
342;345;219
343;339;240
343;340;148
343;346;302
344;342;227
345;342;219
345;346;256
345;347;107
346;343;302
346;345;256
346;348;190
347;345;107
347;351;268
348;346;190
348;349;350
349;348;350
349;350;406
350;349;406
350;352;148
350;354;190
351;347;268
352;350;148
352;353;257
353;352;257
354;350;190
354;357;294
355;356;213
355;357;102
356;355;213
356;359;175
357;354;294
357;355;102
358;359;215
358;360;159
359;356;175
359;358;215
359;362;401
360;358;159
360;361;252
361;360;252
361;363;326
362;359;401
363;361;326
363;364;150
363;366;272
364;363;150
364;367;385
364;368;231
365;366;250
366;363;272
366;365;250
367;364;385
368;364;231
368;369;218
369;368;218
369;370;153
370;369;153
370;371;168
370;374;152
371;370;168
371;372;127
372;371;127
373;377;444
374;370;152
374;375;316
374;378;360
375;374;316
376;379;284
377;373;444
377;379;113
377;381;183
378;374;360
378;381;324
379;376;284
379;377;113
379;383;144
380;382;189
380;383;260
381;377;183
381;378;324
382;380;189
383;379;144
383;380;260
383;384;239
384;383;239
384;387;276
384;388;210
385;386;150
385;388;272
386;385;150
386;390;616
387;384;276
387;389;208
388;384;210
388;385;272
388;391;278
388;392;150
389;387;208
389;393;252
390;386;616
391;388;278
391;394;174
392;388;150
393;389;252
393;396;129
393;397;130
394;391;174
395;398;123
396;393;129
397;393;130
397;398;157
398;395;123
398;397;157
398;401;153
399;402;227
400;402;149
400;404;101
401;398;153
401;405;264
402;399;227
402;400;149
402;405;140
403;405;176
404;400;101
404;407;126
405;401;264
405;402;140
405;403;176
406;408;269
406;409;275
407;404;126
407;409;117
408;406;269
409;406;275
409;407;117
409;412;176
410;413;223
411;412;180
412;409;176
412;411;180
412;414;257
413;410;223
413;414;153
413;416;107
414;412;257
414;413;153
415;419;145
416;413;107
416;420;214
417;420;159
418;422;209
419;415;145
419;420;201
420;416;214
420;417;159
420;419;201
420;424;159
421;425;298
422;418;209
422;425;105
423;424;248
424;420;159
424;423;248
424;426;179
425;421;298
425;422;105
425;427;240
425;428;105
426;424;179
426;427;211
426;430;197
427;425;240
427;426;211
428;425;105
428;432;160
429;430;324
429;433;286
430;426;197
430;429;324
431;433;292
432;428;160
433;429;286
433;431;292
433;434;154
434;433;154
434;436;233
434;437;307
435;439;329
436;434;233
437;434;307
437;439;165
438;441;364
439;435;329
439;437;165
439;441;428
440;442;191
440;443;125
441;438;364
441;439;428
441;445;197
442;440;191
442;445;178
443;440;125
444;447;149
444;448;358
445;441;197
445;442;178
445;446;165
446;445;165
446;450;210
447;444;149
447;450;230
448;444;358
449;452;225
449;453;147
450;446;210
450;447;230
450;452;248
451;452;200
452;449;225
452;450;248
452;451;200
453;449;147
453;455;384
453;456;152
454;458;280
455;453;384
456;453;152
456;459;121
457;458;185
457;461;155
458;454;280
458;457;185
459;456;121
459;461;159
460;462;350
460;463;403
461;457;155
461;459;159
461;462;357
462;460;350
462;461;357
462;464;406
463;460;403
463;465;161
463;467;113
464;462;406
465;463;161
465;466;326
466;465;326
467;463;113
467;468;325
468;467;325
468;469;359
468;470;567
468;471;322
469;468;359
469;473;198
470;468;567
471;468;322
472;475;127
472;476;129
473;469;198
473;474;318
473;475;396
474;473;318
475;472;127
475;473;396
476;472;129
476;480;280
477;478;477
478;477;477
478;480;113
478;482;184
479;481;211
480;476;280
480;478;113
480;481;352
481;479;211
481;480;352
482;478;184
482;483;127
482;484;249
483;482;127
483;487;316
484;482;249
485;486;122
486;485;122
486;489;180
486;490;200
487;483;316
487;489;455
488;491;214
488;492;217
489;486;180
489;487;455
490;486;200
490;492;228
491;488;214
491;493;130
492;488;217
492;490;228
493;491;130
493;497;139
494;495;164
494;496;157
494;498;221
495;494;164
496;494;157
496;497;109
497;493;139
497;496;109
497;499;115
497;500;186
498;494;221
499;497;115
499;503;114
500;497;186
501;503;186
502;505;361
503;499;114
503;501;186
503;504;206
504;503;206
504;507;256
505;502;361
505;507;152
505;508;352
506;509;288
507;504;256
507;505;152
508;505;352
508;509;119
509;506;288
509;508;119
509;512;202
510;511;359
510;514;133
511;510;359
512;509;202
512;516;190
513;514;170
514;510;133
514;513;170
514;515;190
514;516;214
515;514;190
515;518;245
516;512;190
516;514;214
516;517;161
517;516;161
518;515;245
518;521;177
519;521;201
519;523;159
520;521;290
520;522;219
521;518;177
521;519;201
521;520;290
521;524;177
522;520;219
523;519;159
523;526;278
524;521;177
525;527;101
526;523;278
526;527;274
527;525;101
527;526;274
527;528;187
528;527;187
528;530;292
528;532;120
529;530;211
529;533;237
530;528;292
530;529;211
530;531;386
531;530;386
531;535;373
532;528;120
533;529;237
533;534;250
533;537;315
534;533;250
535;531;373
536;538;485
537;533;315
537;540;292
538;536;485
538;540;121
538;542;288
539;540;185
540;537;292
540;538;121
540;539;185
541;543;390
542;538;288
542;546;242
543;541;390
543;545;287
543;547;272
544;548;157
545;543;287
546;542;242
546;547;217
546;549;215
547;543;272
547;546;217
548;544;157
548;549;278
548;550;144
549;546;215
549;548;278
550;548;144
550;551;287
551;550;287
551;553;233
552;556;284
553;551;233
553;555;135
553;556;125
554;558;101
555;553;135
556;552;284
556;553;125
556;557;226
556;559;261
557;556;226
557;561;180
558;554;101
558;560;240
559;556;261
559;562;110
560;558;240
560;562;199
561;557;180
561;563;318
562;559;110
562;560;199
563;561;318
563;564;181
564;563;181
564;566;297
565;566;242
566;564;297
566;565;242
566;569;172
567;568;153
568;567;153
568;570;165
569;566;172
569;573;169
570;568;165
570;572;106
571;572;330
571;575;313
572;570;106
572;571;330
572;574;116
573;569;169
573;574;116
573;576;275
574;572;116
574;573;116
575;571;313
576;573;275
576;580;140
577;578;172
577;580;207
578;577;172
578;579;124
578;581;151
578;582;195
579;578;124
580;576;140
580;577;207
580;583;332
581;578;151
582;578;195
582;584;269
582;585;101
583;580;332
584;582;269
584;586;233
585;582;101
586;584;233
586;587;206
587;586;206
587;589;203
587;590;267
588;589;224
589;587;203
589;588;224
589;593;262
590;587;267
590;592;253
591;592;543
592;590;253
592;591;543
592;596;399
593;589;262
594;597;132
595;597;219
595;598;231
596;592;399
596;597;138
596;600;199
597;594;132
597;595;219
597;596;138
598;595;231
598;601;217
599;602;341
600;596;199
601;598;217
601;604;119
601;605;188
602;599;341
602;604;269
603;604;174
604;601;119
604;602;269
604;603;174
605;601;188
605;607;250
606;608;146
606;609;114
606;610;130
607;605;250
607;610;234
608;606;146
608;612;158
609;606;114
610;606;130
610;607;234
611;614;454
612;608;158
612;613;253
613;612;253
613;616;336
613;617;384
614;611;454
614;617;137
614;618;355
615;616;317
616;613;336
616;615;317
617;613;384
617;614;137
617;619;289
618;614;355
618;621;426
619;617;289
619;620;367
620;619;367
621;618;426
621;624;102
622;623;125
622;624;392
623;622;125
623;626;187
624;621;102
624;622;392
624;625;364
625;624;364
625;629;228
626;623;187
627;630;256
628;631;353
629;625;228
629;632;143
630;627;256
630;632;238
630;634;494
631;628;353
631;632;195
632;629;143
632;630;238
632;631;195
632;636;349
633;635;467
634;630;494
634;637;160
635;633;467
635;637;287
636;632;349
637;634;160
637;635;287
637;638;164
638;637;164
638;640;152
638;641;106
639;643;136
640;638;152
640;643;260
641;638;106
642;646;222
643;639;136
643;640;260
643;644;128
644;643;128
644;645;128
644;648;256
645;644;128
645;646;137
645;647;273
645;649;232
646;642;222
646;645;137
647;645;273
647;650;108
648;644;256
649;645;232
649;652;387
650;647;108
651;654;410
652;649;387
652;654;133
652;656;203
653;654;395
654;651;410
654;652;133
654;653;395
655;658;189
655;659;149
656;652;203
656;659;126
657;659;175
657;660;202
658;655;189
659;655;149
659;656;126
659;657;175
660;657;202
660;663;405
661;663;252
662;666;169
663;660;405
663;661;252
663;664;309
663;665;314
664;663;309
665;663;314
665;668;258
666;662;169
666;668;103
667;669;117
668;665;258
668;666;103
668;669;204
668;670;484
668;671;139
669;667;117
669;668;204
669;672;193
669;673;203
670;668;484
671;668;139
672;669;193
672;674;302
672;675;130
673;669;203
673;676;140
674;672;302
675;672;130
675;678;328
676;673;140
676;677;181
677;676;181
677;679;175
677;680;279
677;681;143
678;675;328
679;677;175
680;677;279
680;683;194
681;677;143
681;685;224
682;685;146
683;680;194
684;688;117
685;681;224
685;682;146
685;687;360
686;687;174
686;688;103
687;685;360
687;686;174
687;689;198
687;690;316
688;684;117
688;686;103
688;692;144
689;687;198
690;687;316
690;693;326
691;694;150
691;695;309
692;688;144
692;696;280
693;690;326
694;691;150
694;696;309
694;697;129
695;691;309
696;692;280
696;694;309
697;694;129
697;701;351
698;699;174
698;702;110
699;698;174
699;701;262
700;702;171
700;703;161
701;697;351
701;699;262
702;698;110
702;700;171
702;706;233
703;700;161
704;705;302
704;706;170
705;704;302
706;702;233
706;704;170
706;708;126
706;709;237
707;708;219
707;710;383
708;706;126
708;707;219
708;711;380
708;712;329
709;706;237
709;713;403
710;707;383
711;708;380
712;708;329
713;709;403
713;716;325
714;715;139
714;716;119
714;718;236
715;714;139
716;713;325
716;714;119
716;720;321
717;719;205
717;721;158
718;714;236
718;722;204
719;717;205
719;722;140
720;716;321
721;717;158
722;718;204
722;719;140
722;723;160
723;722;160
723;724;405
723;727;172
724;723;405
724;726;286
725;728;318
726;724;286
726;728;133
727;723;172
728;725;318
728;726;133
728;731;110
729;732;217
729;733;244
730;731;241
731;728;110
731;730;241
731;732;234
732;729;217
732;731;234
732;735;296
733;729;244
734;735;179
734;736;245
735;732;296
735;734;179
736;734;245
736;740;221
737;741;148
738;739;250
738;740;189
739;738;250
739;741;189
739;742;191
740;736;221
740;738;189
741;737;148
741;739;189
741;744;108
741;745;191
742;739;191
743;747;282
744;741;108
744;746;131
744;747;282
745;741;191
746;744;131
746;750;277
747;743;282
747;744;282
747;751;400
748;750;263
749;753;152
750;746;277
750;748;263
750;753;294
750;754;327
751;747;400
752;753;265
753;749;152
753;750;294
753;752;265
754;750;327
754;755;111
755;754;111
755;756;164
755;757;216
756;755;164
756;758;215
757;755;216
757;759;375
758;756;215
758;762;265
759;757;375
760;762;137
760;764;179
761;763;350
762;758;265
762;760;137
762;765;283
762;766;130
763;761;350
763;765;332
764;760;179
765;762;283
765;763;332
765;768;505
766;762;130
766;767;394
767;766;394
768;765;505
768;770;309
768;772;157
769;772;307
770;768;309
771;772;167
771;773;172
771;774;373
771;775;128
772;768;157
772;769;307
772;771;167
773;771;172
774;771;373
775;771;128
775;777;344
776;777;255
776;780;426
777;775;344
777;776;255
778;779;220
778;780;256
779;778;220
780;776;426
780;778;256
780;782;102
780;784;165
781;784;403
782;780;102
782;783;237
782;786;122
783;782;237
784;780;165
784;781;403
784;785;277
785;784;277
786;782;122
786;787;201
787;786;201
787;788;178
787;791;202
788;787;178
789;790;138
789;791;191
790;789;138
790;794;313
791;787;202
791;789;191
791;792;212
792;791;212
792;796;105
793;797;244
794;790;313
795;799;188
796;792;105
796;798;296
797;793;244
797;799;217
797;800;149
798;796;296
798;801;154
799;795;188
799;797;217
799;801;123
800;797;149
800;804;207
801;798;154
801;799;123
802;803;228
802;804;173
803;802;228
803;807;155
804;800;207
804;802;173
804;808;159
805;807;136
806;809;184
807;803;155
807;805;136
808;804;159
808;810;244
809;806;184
809;810;123
809;811;146
810;808;244
810;809;123
810;814;154
811;809;146
812;814;117
813;817;123
814;810;154
814;812;117
814;818;171
815;817;173
815;818;138
815;819;165
816;819;154
817;813;123
817;815;173
818;814;171
818;815;138
819;815;165
819;816;154
819;820;204
819;821;148
819;823;194
820;819;204
821;819;148
821;824;153
822;823;110
823;819;194
823;822;110
823;825;186
823;827;147
824;821;153
824;828;158
825;823;186
826;829;109
827;823;147
828;824;158
828;830;230
829;826;109
829;830;134
829;833;245
830;828;230
830;829;134
830;831;131
831;830;131
831;832;112
832;831;112
832;835;264
833;829;245
834;836;293
835;832;264
835;839;336
836;834;293
836;837;130
837;836;130
837;838;104
837;840;113
838;837;104
839;835;336
839;841;164
839;843;345
840;837;113
840;844;236
841;839;164
841;844;141
842;844;262
842;845;232
843;839;345
844;840;236
844;841;141
844;842;262
845;842;232
845;848;272
846;850;332
847;850;289
848;845;272
848;850;313
848;852;348
849;850;167
850;846;332
850;847;289
850;848;313
850;849;167
851;854;297
851;855;203
852;848;348
852;853;419
852;854;105
853;852;419
854;851;297
854;852;105
854;856;245
855;851;203
855;858;140
855;859;147
856;854;245
857;860;136
858;855;140
859;855;147
859;860;143
860;857;136
860;859;143
860;862;319
861;863;190
861;865;331
862;860;319
862;863;344
863;861;190
863;862;344
864;867;191
864;868;237
865;861;331
865;868;125
866;869;243
866;870;160
867;864;191
867;870;163
868;864;237
868;865;125
868;871;114
869;866;243
869;873;118
870;866;160
870;867;163
871;868;114
871;872;228
872;871;228
872;874;260
873;869;118
874;872;260
874;878;205
875;877;361
876;879;263
877;875;361
877;878;279
877;881;151
878;874;205
878;877;279
878;879;349
879;876;263
879;878;349
879;882;323
880;884;107
881;877;151
882;879;323
882;883;238
883;882;238
883;884;112
883;886;161
884;880;107
884;883;112
885;889;174
886;883;161
886;889;123
887;888;208
887;889;184
888;887;208
889;885;174
889;886;123
889;887;184
889;893;211
890;891;161
890;892;405
890;893;344
891;890;161
892;890;405
892;894;428
892;896;243
893;889;211
893;890;344
893;897;158
894;892;428
895;899;537
896;892;243
897;893;158
897;898;187
897;899;337
898;897;187
898;900;330
898;901;270
899;895;537
899;897;337
900;898;330
900;902;237
900;904;343
901;898;270
902;900;237
903;905;253
904;900;343
904;906;335
905;903;253
905;906;127
905;907;312
905;909;208
906;904;335
906;905;127
907;905;312
908;910;139
908;911;250
909;905;208
909;910;349
910;908;139
910;909;349
910;912;101
910;914;106
911;908;250
912;910;101
912;913;112
913;912;112
913;916;132
914;910;106
915;916;133
916;913;132
916;915;133
916;919;179
917;921;193
918;920;154
918;921;114
919;916;179
919;920;249
920;918;154
920;919;249
920;922;389
921;917;193
921;918;114
921;924;582
922;920;389
923;926;211
923;927;215
924;921;582
924;925;357
924;926;282
925;924;357
926;923;211
926;924;282
926;928;197
927;923;215
927;929;147
927;930;328
928;926;197
929;927;147
929;933;156
930;927;328
930;932;129
931;934;152
932;930;129
933;929;156
933;934;319
933;935;162
934;931;152
934;933;319
935;933;162
935;937;205
936;938;202
937;935;205
937;938;148
937;941;335
938;936;202
938;937;148
938;939;267
938;942;268
939;938;267
939;940;140
940;939;140
941;937;335
941;944;289
942;938;268
943;944;209
944;941;289
944;943;209
944;946;577
945;947;138
946;944;577
946;947;205
947;945;138
947;946;205
947;948;131
948;947;131
948;951;355
948;952;177
949;950;262
950;949;262
950;953;257
951;948;355
952;948;177
952;955;317
953;950;257
953;954;146
954;953;146
954;956;272
955;952;317
955;956;205
955;958;140
956;954;272
956;955;205
957;960;366
958;955;140
958;962;140
959;960;298
959;962;153
960;957;366
960;959;298
960;963;163
960;964;447
961;964;215
962;958;140
962;959;153
962;965;261
963;960;163
964;960;447
964;961;215
965;962;261
965;967;175
966;968;316
967;965;175
967;969;244
967;971;270
968;966;316
968;969;116
969;967;244
969;968;116
969;972;306
970;971;113
970;974;127
971;967;270
971;970;113
971;973;231
972;969;306
973;971;231
974;970;127
974;975;228
974;976;177
974;977;139
975;974;228
976;974;177
976;979;116
977;974;139
977;981;139
978;982;149
979;976;116
980;982;140
981;977;139
981;982;166
982;978;149
982;980;140
982;981;166
982;983;336
983;982;336
983;986;294
984;987;229
985;988;122
986;983;294
986;987;317
987;984;229
987;986;317
987;988;154
987;989;146
987;991;204
988;985;122
988;987;154
988;990;259
989;987;146
990;988;259
991;987;204
991;994;438
992;995;436
993;997;335
994;991;438
994;996;333
995;992;436
995;999;193
996;994;333
996;997;314
996;999;358
997;993;335
997;996;314
998;999;271
998;1000;200
999;995;193
999;996;358
999;998;271
1000;998;200
1000;1001;369
1001;1000;369
1001;1002;270
1001;1004;184
1001;1005;153
1002;1001;270
1003;1004;463
1004;1001;184
1004;1003;463
1005;1001;153
1005;1006;558
1005;1008;287
1006;1005;558
1007;1008;471
1007;1009;212
1007;1010;338
1008;1005;287
1008;1007;471
1009;1007;212
1010;1007;338
1010;1014;277
1011;1013;283
1012;1015;211
1013;1011;283
1013;1015;283
1014;1010;277
1014;1015;218
1014;1016;350
1015;1012;211
1015;1013;283
1015;1014;218
1015;1017;266
1015;1018;134
1016;1014;350
1017;1015;266
1018;1015;134
1018;1020;326
1019;1022;352
1020;1018;326
1020;1022;107
1021;1024;409
1022;1019;352
1022;1020;107
1022;1023;148
1023;1022;148
1023;1025;270
1023;1027;117
1024;1021;409
1024;1028;107
1025;1023;270
1025;1028;232
1026;1028;221
1026;1029;141
1027;1023;117
1027;1031;206
1028;1024;107
1028;1025;232
1028;1026;221
1029;1026;141
1030;1033;217
1031;1027;206
1031;1034;347
1032;1035;322
1033;1030;217
1033;1035;226
1034;1031;347
1034;1038;458
1035;1032;322
1035;1033;226
1035;1038;196
1036;1038;251
1037;1038;247
1037;1040;259
1038;1034;458
1038;1035;196
1038;1036;251
1038;1037;247
1038;1039;129
1038;1041;281
1039;1038;129
1039;1042;187
1039;1043;200
1040;1037;259
1041;1038;281
1042;1039;187
1042;1045;258
1043;1039;200
1043;1046;154
1044;1048;436
1045;1042;258
1045;1047;190
1045;1049;116
1046;1043;154
1046;1050;288
1047;1045;190
1048;1044;436
1048;1049;137
1049;1045;116
1049;1048;137
1049;1052;265
1050;1046;288
1050;1051;249
1050;1053;267
1051;1050;249
1051;1055;555
1052;1049;265
1053;1050;267
1053;1054;490
1053;1056;292
1054;1053;490
1055;1051;555
1056;1053;292
1056;1057;340
1056;1058;432
1057;1056;340
1058;1056;432
1058;1059;134
1059;1058;134
1059;1061;173
1060;1063;392
1061;1059;173
1061;1062;403
1061;1065;260
1062;1061;403
1062;1063;402
1063;1060;392
1063;1062;402
1064;1066;222
1065;1061;260
1065;1066;209
1065;1067;118
1066;1064;222
1066;1065;209
1067;1065;118
1067;1068;231
1067;1069;140
1067;1070;182
1068;1067;231
1069;1067;140
1070;1067;182
1070;1073;116
1071;1074;199
1072;1073;181
1073;1070;116
1073;1072;181
1073;1076;206
1074;1071;199
1074;1075;188
1075;1074;188
1075;1076;264
1076;1073;206
1076;1075;264
1076;1079;313
1076;1080;294
1077;1078;239
1078;1077;239
1078;1079;230
1079;1076;313
1079;1078;230
1079;1081;230
1079;1082;132
1080;1076;294
1080;1084;127
1081;1079;230
1081;1083;198
1082;1079;132
1082;1086;275
1083;1081;198
1083;1087;163
1084;1080;127
1084;1088;429
1085;1086;209
1086;1082;275
1086;1085;209
1087;1083;163
1087;1089;216
1087;1090;332
1088;1084;429
1089;1087;216
1090;1087;332
1090;1091;256
1090;1092;196
1091;1090;256
1091;1093;160
1091;1095;291
1092;1090;196
1093;1091;160
1093;1094;321
1093;1097;249
1094;1093;321
1094;1096;363
1095;1091;291
1095;1099;203
1096;1094;363
1097;1093;249
1097;1098;361
1098;1097;361
1099;1095;203
1099;1100;101
1099;1101;135
1100;1099;101
1100;1104;135
1101;1099;135
1101;1102;341
1102;1101;341
1103;1107;254
1104;1100;135
1104;1106;155
1104;1108;111
1105;1107;145
1105;1108;243
1106;1104;155
1107;1103;254
1107;1105;145
1107;1109;126
1107;1110;121
1108;1104;111
1108;1105;243
1109;1107;126
1109;1113;188
1110;1107;121
1111;1112;182
1111;1113;187
1112;1111;182
1112;1114;139
1113;1109;188
1113;1111;187
1114;1112;139
1114;1116;188
1115;1118;164
1116;1114;188
1116;1119;213
1117;1121;194
1118;1115;164
1118;1122;275
1119;1116;213
1119;1121;178
1119;1122;224
1120;1121;131
1121;1117;194
1121;1119;178
1121;1120;131
1122;1118;275
1122;1119;224
1122;1123;505
1123;1122;505
1123;1126;298
1124;1125;173
1124;1126;207
1125;1124;173
1125;1128;184
1126;1123;298
1126;1124;207
1127;1131;306
1128;1125;184
1128;1129;105
1128;1131;211
1129;1128;105
1130;1133;398
1131;1127;306
1131;1128;211
1131;1133;205
1131;1135;331
1132;1135;201
1133;1130;398
1133;1131;205
1134;1137;183
1134;1138;147
1135;1131;331
1135;1132;201
1135;1138;166
1136;1137;121
1137;1134;183
1137;1136;121
1137;1141;153
1138;1134;147
1138;1135;166
1139;1142;334
1140;1141;313
1141;1137;153
1141;1140;313
1141;1142;151
1141;1143;182
1142;1139;334
1142;1141;151
1142;1144;190
1142;1146;118
1143;1141;182
1143;1147;142
1144;1142;190
1145;1148;455
1146;1142;118
1147;1143;142
1147;1149;392
1148;1145;455
1148;1152;141
1149;1147;392
1149;1153;427
1150;1151;480
1151;1150;480
1151;1155;175
1152;1148;141
1152;1155;334
1153;1149;427
1153;1155;188
1154;1158;134
1155;1151;175
1155;1152;334
1155;1153;188
1155;1158;254
1156;1157;199
1157;1156;199
1157;1161;144
1158;1154;134
1158;1155;254
1158;1160;222
1158;1161;185
1159;1160;208
1160;1158;222
1160;1159;208
1160;1162;190
1161;1157;144
1161;1158;185
1162;1160;190
1162;1163;115
1162;1166;182
1163;1162;115
1163;1164;235
1163;1167;248
1164;1163;235
1164;1168;207
1165;1166;271
1166;1162;182
1166;1165;271
1167;1163;248
1168;1164;207
1168;1171;169
1169;1170;193
1170;1169;193
1170;1171;246
1170;1172;249
1170;1173;267
1171;1168;169
1171;1170;246
1171;1175;238
1172;1170;249
1173;1170;267
1173;1177;479
1174;1175;282
1175;1171;238
1175;1174;282
1175;1176;349
1176;1175;349
1176;1178;369
1176;1179;333
1177;1173;479
1178;1176;369
1178;1181;164
1179;1176;333
1180;1181;346
1180;1182;108
1181;1178;164
1181;1180;346
1182;1180;108
1182;1183;194
1182;1185;214
1183;1182;194
1184;1185;336
1185;1182;214
1185;1184;336
1185;1188;366
1186;1189;325
1186;1190;205
1187;1188;222
1188;1185;366
1188;1187;222
1188;1189;320
1189;1186;325
1189;1188;320
1190;1186;205
1190;1191;185
1190;1192;201
1191;1190;185
1191;1193;193
1192;1190;201
1193;1191;193
1193;1196;223
1193;1197;201
1194;1198;233
1195;1198;157
1196;1193;223
1197;1193;201
1197;1201;248
1198;1194;233
1198;1195;157
1198;1199;255
1198;1201;231
1199;1198;255
1199;1200;145
1200;1199;145
1201;1197;248
1201;1198;231
1201;1202;520
1202;1201;520
1202;1205;268
1203;1204;327
1203;1206;346
1204;1203;327
1204;1207;326
1205;1202;268
1205;1207;370
1206;1203;346
1207;1204;326
1207;1205;370
1207;1208;201
1208;1207;201
1208;1209;121
1208;1212;153
1209;1208;121
1209;1213;110
1210;1211;159
1210;1214;188
1211;1210;159
1212;1208;153
1212;1214;226
1212;1215;115
1213;1209;110
1214;1210;188
1214;1212;226
1215;1212;115
1215;1217;152
1216;1218;253
1216;1219;226
1217;1215;152
1217;1219;325
1218;1216;253
1219;1216;226
1219;1217;325
1219;1220;294
1220;1219;294
1220;1221;146
1221;1220;146
1221;1222;235
1221;1223;475
1222;1221;235
1223;1221;475
1223;1226;281
1224;1227;119
1225;1229;284
1226;1223;281
1226;1227;112
1227;1224;119
1227;1226;112
1227;1228;311
1227;1231;217
1228;1227;311
1229;1225;284
1229;1233;237
1230;1232;282
1231;1227;217
1231;1234;284
1232;1230;282
1232;1233;339
1233;1229;237
1233;1232;339
1233;1234;233
1234;1231;284
1234;1233;233
1234;1235;159
1235;1234;159
1235;1238;108
1236;1238;369
1237;1238;241
1237;1240;137
1238;1235;108
1238;1236;369
1238;1237;241
1239;1241;306
1240;1237;137
1240;1244;198
1241;1239;306
1241;1243;426
1242;1243;106
1242;1244;153
1243;1241;426
1243;1242;106
1243;1247;161
1244;1240;198
1244;1242;153
1244;1248;264
1245;1249;170
1246;1248;136
1246;1249;217
1246;1250;169
1247;1243;161
1248;1244;264
1248;1246;136
1249;1245;170
1249;1246;217
1249;1251;143
1250;1246;169
1250;1252;143
1251;1249;143
1251;1254;131
1251;1255;197
1252;1250;143
1252;1256;212
1253;1254;181
1254;1251;131
1254;1253;181
1255;1251;197
1255;1258;329
1256;1252;212
1256;1259;165
1257;1258;322
1258;1255;329
1258;1257;322
1258;1261;261
1259;1256;165
1260;1263;167
1261;1258;261
1261;1263;246
1262;1263;174
1262;1265;124
1263;1260;167
1263;1261;246
1263;1262;174
1264;1267;295
1265;1262;124
1265;1266;159
1265;1267;300
1266;1265;159
1267;1264;295
1267;1265;300
1267;1268;320
1267;1270;172
1268;1267;320
1269;1273;348
1270;1267;172
1270;1273;272
1271;1274;351
1272;1273;167
1272;1276;168
1273;1269;348
1273;1270;272
1273;1272;167
1273;1275;132
1274;1271;351
1274;1275;148
1275;1273;132
1275;1274;148
1276;1272;168
1276;1278;150
1276;1280;194
1277;1279;225
1278;1276;150
1279;1277;225
1279;1282;105
1280;1276;194
1280;1283;233
1281;1284;146
1281;1285;205
1282;1279;105
1282;1285;224
1282;1286;299
1283;1280;233
1283;1284;104
1284;1281;146
1284;1283;104
1285;1281;205
1285;1282;224
1285;1288;116
1286;1282;299
1286;1290;263
1287;1291;178
1288;1285;116
1289;1290;163
1289;1292;158
1290;1286;263
1290;1289;163
1291;1287;178
1291;1293;243
1292;1289;158
1292;1293;193
1292;1294;161
1293;1291;243
1293;1292;193
1293;1295;249
1294;1292;161
1294;1298;139
1295;1293;249
1295;1296;161
1296;1295;161
1296;1297;289
1296;1300;199
1297;1296;289
1298;1294;139
1299;1301;336
1300;1296;199
1300;1301;168
1300;1302;108
1301;1299;336
1301;1300;168
1302;1300;108
1302;1304;146
1302;1305;242
1302;1306;225
1303;1306;137
1304;1302;146
1305;1302;242
1305;1308;258
1306;1302;225
1306;1303;137
1306;1310;149
1307;1311;251
1308;1305;258
1309;1310;248
1309;1312;183
1310;1306;149
1310;1309;248
1310;1311;193
1310;1314;287
1311;1307;251
1311;1310;193
1312;1309;183
1312;1313;244
1313;1312;244
1314;1310;287
1314;1317;233
1314;1318;333
1315;1319;121
1316;1318;260
1317;1314;233
1318;1314;333
1318;1316;260
1318;1319;251
1318;1322;165
1319;1315;121
1319;1318;251
1320;1321;261
1321;1320;261
1321;1324;150
1322;1318;165
1322;1323;131
1323;1322;131
1323;1324;102
1323;1326;146
1323;1327;332
1324;1321;150
1324;1323;102
1324;1328;136
1325;1327;179
1326;1323;146
1327;1323;332
1327;1325;179
1328;1324;136
1328;1331;278
1329;1332;125
1330;1332;127
1331;1328;278
1331;1335;196
1332;1329;125
1332;1330;127
1332;1335;184
1332;1336;101
1333;1335;153
1334;1335;226
1335;1331;196
1335;1332;184
1335;1333;153
1335;1334;226
1336;1332;101
1336;1340;376
1337;1341;357
1338;1341;285
1339;1341;178
1339;1343;136
1340;1336;376
1340;1343;383
1341;1337;357
1341;1338;285
1341;1339;178
1342;1343;162
1342;1344;242
1343;1339;136
1343;1340;383
1343;1342;162
1343;1345;308
1343;1347;124
1344;1342;242
1344;1346;222
1345;1343;308
1346;1344;222
1347;1343;124
1347;1348;208
1347;1350;192
1348;1347;208
1349;1352;198
1350;1347;192
1350;1351;263
1350;1353;202
1351;1350;263
1352;1349;198
1352;1354;138
1353;1350;202
1353;1355;223
1353;1357;255
1354;1352;138
1354;1358;229
1355;1353;223
1355;1356;108
1355;1359;289
1356;1355;108
1357;1353;255
1357;1358;143
1357;1360;112
1358;1354;229
1358;1357;143
1359;1355;289
1359;1361;155
1360;1357;112
1360;1364;316
1361;1359;155
1361;1365;234
1362;1363;130
1362;1366;150
1363;1362;130
1364;1360;316
1365;1361;234
1365;1367;204
1366;1362;150
1366;1370;202
1367;1365;204
1367;1369;178
1368;1370;140
1368;1371;272
1369;1367;178
1369;1371;129
1370;1366;202
1370;1368;140
1370;1373;193
1371;1368;272
1371;1369;129
1372;1376;275
1373;1370;193
1373;1375;153
1373;1376;149
1374;1375;103
1375;1373;153
1375;1374;103
1376;1372;275
1376;1373;149
1376;1378;414
1377;1379;124
1377;1381;294
1378;1376;414
1378;1380;200
1378;1381;520
1379;1377;124
1379;1382;204
1380;1378;200
1381;1377;294
1381;1378;520
1382;1379;204
1382;1384;382
1382;1385;103
1382;1386;137
1383;1384;199
1384;1382;382
1384;1383;199
1385;1382;103
1385;1387;185
1386;1382;137
1386;1388;128
1386;1389;120
1387;1385;185
1388;1386;128
1389;1386;120
1389;1391;165
1390;1392;163
1391;1389;165
1391;1393;152
1392;1390;163
1392;1393;137
1392;1394;334
1393;1391;152
1393;1392;137
1393;1395;267
1394;1392;334
1395;1393;267
1395;1398;177
1395;1399;227
1396;1399;364
1397;1398;303
1397;1400;294
1398;1395;177
1398;1397;303
1398;1401;453
1399;1395;227
1399;1396;364
1400;1397;294
1401;1398;453
1401;1405;153
1402;1404;441
1403;1407;388
1404;1402;441
1404;1406;117
1404;1408;262
1405;1401;153
1405;1408;305
1406;1404;117
1407;1403;388
1407;1408;204
1407;1411;137
1408;1404;262
1408;1405;305
1408;1407;204
1408;1409;169
1409;1408;169
1409;1410;109
1410;1409;109
1410;1412;165
1411;1407;137
1412;1410;165
1412;1416;158
1413;1414;367
1414;1413;367
1414;1415;123
1415;1414;123
1415;1416;124
1416;1412;158
1416;1415;124
1416;1417;185
1417;1416;185
1417;1418;189
1417;1419;103
1418;1417;189
1419;1417;103
1419;1423;382
1420;1424;416
1421;1423;548
1422;1424;196
1423;1419;382
1423;1421;548
1423;1425;109
1424;1420;416
1424;1422;196
1424;1425;299
1424;1426;331
1425;1423;109
1425;1424;299
1425;1428;125
1426;1424;331
1427;1431;292
1428;1425;125
1428;1429;112
1429;1428;112
1429;1432;281
1429;1433;212
1430;1433;387
1431;1427;292
1431;1432;174
1432;1429;281
1432;1431;174
1432;1436;263
1433;1429;212
1433;1430;387
1434;1436;104
1434;1437;120
1435;1438;102
1436;1432;263
1436;1434;104
1436;1439;298
1437;1434;120
1437;1438;185
1438;1435;102
1438;1437;185
1439;1436;298
1439;1441;266
1440;1442;276
1440;1443;158
1441;1439;266
1441;1444;127
1442;1440;276
1443;1440;158
1443;1446;112
1444;1441;127
1444;1447;250
1444;1448;247
1445;1447;390
1446;1443;112
1446;1448;106
1447;1444;250
1447;1445;390
1447;1449;288
1448;1444;247
1448;1446;106
1449;1447;288
1449;1450;113
1450;1449;113
1450;1452;193
1450;1454;135
1451;1453;216
1452;1450;193
1452;1455;337
1453;1451;216
1453;1454;256
1453;1457;141
1454;1450;135
1454;1453;256
1454;1458;108
1455;1452;337
1456;1459;182
1457;1453;141
1458;1454;108
1458;1459;138
1458;1462;400
1459;1456;182
1459;1458;138
1460;1463;325
1461;1465;129
1462;1458;400
1462;1463;193
1462;1464;136
1462;1466;238
1463;1460;325
1463;1462;193
1464;1462;136
1465;1461;129
1465;1469;178
1466;1462;238
1466;1467;130
1466;1468;178
1466;1469;157
1467;1466;130
1468;1466;178
1468;1470;150
1469;1465;178
1469;1466;157
1469;1473;279
1470;1468;150
1471;1473;250
1472;1476;156
1473;1469;279
1473;1471;250
1473;1477;297
1474;1475;174
1475;1474;174
1475;1476;194
1476;1472;156
1476;1475;194
1476;1477;127
1476;1480;201
1477;1473;297
1477;1476;127
1477;1479;189
1477;1481;139
1478;1479;177
1479;1477;189
1479;1478;177
1480;1476;201
1481;1477;139
1481;1485;121
1482;1484;444
1482;1486;221
1483;1486;337
1483;1487;315
1484;1482;444
1485;1481;121
1485;1488;227
1486;1482;221
1486;1483;337
1486;1489;250
1487;1483;315
1487;1491;333
1488;1485;227
1488;1490;120
1489;1486;250
1489;1493;186
1490;1488;120
1490;1494;371
1491;1487;333
1492;1493;308
1492;1495;248
1493;1489;186
1493;1492;308
1494;1490;371
1494;1495;236
1494;1497;370
1495;1492;248
1495;1494;236
1495;1499;396
1496;1499;288
1497;1494;370
1497;1498;316
1498;1497;316
1498;1502;193
1499;1495;396
1499;1496;288
1499;1503;109
1500;1502;155
1501;1502;328
1501;1504;605
1502;1498;193
1502;1500;155
1502;1501;328
1503;1499;109
1504;1501;605
1504;1506;348
1504;1507;193
1505;1506;215
1505;1509;134
1506;1504;348
1506;1505;215
1507;1504;193
1507;1510;233
1508;1509;299
1508;1512;255
1509;1505;134
1509;1508;299
1510;1507;233
1510;1513;234
1511;1513;295
1512;1508;255
1512;1515;197
1512;1516;302
1513;1510;234
1513;1511;295
1514;1516;373
1515;1512;197
1516;1512;302
1516;1514;373
1516;1517;232
1516;1518;130
1517;1516;232
1517;1520;351
1518;1516;130
1519;1520;348
1519;1523;147
1520;1517;351
1520;1519;348
1520;1522;209
1521;1524;206
1521;1525;286
1522;1520;209
1523;1519;147
1523;1526;197
1524;1521;206
1524;1528;183
1525;1521;286
1526;1523;197
1526;1528;142
1526;1529;307
1527;1528;227
1527;1531;202
1528;1524;183
1528;1526;142
1528;1527;227
1529;1526;307
1530;1532;138
1531;1527;202
1531;1532;126
1531;1534;149
1532;1530;138
1532;1531;126
1533;1534;209
1533;1537;137
1534;1531;149
1534;1533;209
1534;1538;289
1535;1538;248
1536;1538;148
1537;1533;137
1537;1539;275
1538;1534;289
1538;1535;248
1538;1536;148
1538;1540;315
1539;1537;275
1539;1542;252
1540;1538;315
1540;1541;309
1540;1544;422
1541;1540;309
1542;1539;252
1542;1545;411
1543;1545;119
1544;1540;422
1545;1542;411
1545;1543;119
1545;1547;298
1546;1547;170
1547;1545;298
1547;1546;170
1547;1550;186
1548;1549;219
1548;1551;299
1549;1548;219
1549;1550;157
1550;1547;186
1550;1549;157
1550;1552;277
1551;1548;299
1551;1555;127
1552;1550;277
1552;1556;309
1553;1555;239
1554;1555;243
1555;1551;127
1555;1553;239
1555;1554;243
1555;1557;214
1556;1552;309
1557;1555;214
1557;1560;191
1558;1561;139
1559;1560;301
1560;1557;191
1560;1559;301
1560;1562;261
1560;1563;246
1561;1558;139
1561;1565;101
1562;1560;261
1562;1566;216
1563;1560;246
1563;1564;192
1564;1563;192
1564;1568;382
1565;1561;101
1565;1566;120
1566;1562;216
1566;1565;120
1566;1569;435
1567;1570;191
1568;1564;382
1569;1566;435
1569;1570;119
1570;1567;191
1570;1569;119
1570;1571;119
1571;1570;119
1571;1572;257
1572;1571;257
1572;1575;125
1573;1577;132
1574;1576;166
1575;1572;125
1575;1577;175
1576;1574;166
1576;1578;166
1576;1580;123
1577;1573;132
1577;1575;175
1577;1579;191
1578;1576;166
1578;1579;270
1579;1577;191
1579;1578;270
1580;1576;123
1580;1582;173
1581;1582;227
1582;1580;173
1582;1581;227
1582;1584;127
1583;1586;182
1584;1582;127
1584;1585;265
1585;1584;265
1585;1586;129
1585;1589;551
1586;1583;182
1586;1585;129
