0;3;280
1;3;449
2;5;200
3;0;280
3;1;449
3;6;184
4;8;447
5;2;200
5;9;201
6;3;184
6;7;185
7;6;185
7;8;177
8;4;447
8;7;177
8;10;252
9;5;201
9;10;217
9;13;395
10;8;252
10;9;217
10;11;106
10;14;231
11;10;106
12;14;557
13;9;395
13;16;309
14;10;231
14;12;557
15;19;229
16;13;309
16;19;141
16;20;323
17;18;166
18;17;166
18;20;217
18;22;157
19;15;229
19;16;141
19;21;202
20;16;323
20;18;217
21;19;202
21;23;218
22;18;157
22;24;140
23;21;218
23;27;395
24;22;140
25;27;210
26;29;267
26;30;151
27;23;395
27;25;210
27;29;244
28;32;328
29;26;267
29;27;244
29;33;349
30;26;151
30;31;222
30;32;154
31;30;222
32;28;328
32;30;154
32;34;101
32;36;205
33;29;349
34;32;101
34;37;214
35;36;196
36;32;205
36;35;196
37;34;214
37;39;170
38;39;165
38;41;148
38;42;108
39;37;170
39;38;165
39;40;120
40;39;120
40;43;150
41;38;148
41;45;292
42;38;108
43;40;150
43;44;288
44;43;288
45;41;292
45;47;181
46;48;132
47;45;181
47;49;132
48;46;132
48;50;164
49;47;132
49;50;150
50;48;164
50;49;150
50;51;281
50;52;111
50;54;120
51;50;281
52;50;111
53;56;286
53;57;192
54;50;120
54;57;183
54;58;147
55;58;357
56;53;286
57;53;192
57;54;183
58;54;147
58;55;357
58;61;399
58;62;148
59;62;391
60;62;193
60;64;159
61;58;399
62;58;148
62;59;391
62;60;193
62;65;179
63;64;334
64;60;159
64;63;334
65;62;179
65;67;293
66;67;440
67;65;293
67;66;440
67;70;184
68;69;299
68;71;277
69;68;299
70;67;184
70;73;211
71;68;277
71;72;191
71;73;102
72;71;191
73;70;211
73;71;102
73;77;145
74;77;420
75;78;166
76;78;176
77;73;145
77;74;420
77;78;268
78;75;166
78;76;176
78;77;268
78;81;146
79;80;203
80;79;203
80;82;253
80;84;166
81;78;146
81;82;175
82;80;253
82;81;175
83;86;257
84;80;166
84;85;150
84;86;457
84;87;133
85;84;150
85;89;240
86;83;257
86;84;457
87;84;133
87;91;170
88;91;116
89;85;240
89;92;231
90;93;348
91;87;170
91;88;116
92;89;231
92;93;129
93;90;348
93;92;129
93;94;141
93;95;297
94;93;141
95;93;297
95;97;386
95;98;200
96;98;159
96;100;180
97;95;386
98;95;200
98;96;159
99;101;128
99;102;196
100;96;180
100;101;111
101;99;128
101;100;111
101;104;196
102;99;196
102;103;342
102;105;148
102;106;135
103;102;342
104;101;196
105;102;148
106;102;135
106;107;156
106;110;279
107;106;156
108;110;141
109;113;408
110;106;279
110;108;141
110;114;387
111;113;462
112;114;203
113;109;408
113;111;462
113;115;403
114;110;387
114;112;203
114;117;131
115;113;403
115;117;177
116;117;136
116;120;121
117;114;131
117;115;177
117;116;136
118;120;142
118;121;105
119;122;105
120;116;121
120;118;142
120;124;110
121;118;105
121;125;354
122;119;105
122;125;148
123;124;203
124;120;110
124;123;203
124;128;283
125;121;354
125;122;148
126;130;248
127;128;203
127;130;294
127;131;299
128;124;283
128;127;203
128;132;266
129;132;311
129;133;391
130;126;248
130;127;294
131;127;299
132;128;266
132;129;311
133;129;391
133;136;356
134;137;184
134;138;177
135;136;240
135;138;197
136;133;356
136;135;240
136;139;114
136;140;178
137;134;184
138;134;177
138;135;197
139;136;114
139;141;213
139;143;182
140;136;178
141;139;213
141;142;242
142;141;242
142;144;185
143;139;182
143;145;173
144;142;185
145;143;173
145;147;143
145;148;267
146;149;473
147;145;143
147;151;142
148;145;267
149;146;473
149;151;202
150;153;281
151;147;142
151;149;202
151;152;225
152;151;225
152;153;269
152;154;308
152;156;231
153;150;281
153;152;269
153;155;101
154;152;308
155;153;101
155;159;182
156;152;231
156;157;201
157;156;201
158;162;400
159;155;182
159;163;171
160;163;120
161;164;445
162;158;400
162;163;224
162;165;189
163;159;171
163;160;120
163;162;224
163;166;123
164;161;445
164;168;319
165;162;189
166;163;123
166;167;271
167;166;271
167;168;329
167;170;366
168;164;319
168;167;329
169;170;165
170;167;366
170;169;165
170;171;177
170;173;268
171;170;177
171;174;256
172;173;125
172;176;251
173;170;268
173;172;125
174;171;256
174;178;157
175;177;210
175;178;331
176;172;251
177;175;210
177;179;234
178;174;157
178;175;331
179;177;234
179;180;211
179;181;556
180;179;211
181;179;556
181;183;269
182;183;151
182;184;133
182;185;180
183;181;269
183;182;151
183;187;118
184;182;133
185;182;180
185;186;206
185;189;100
186;185;206
186;190;117
187;183;118
188;190;116
189;185;100
189;192;355
189;193;279
190;186;117
190;188;116
191;193;154
192;189;355
193;189;279
193;191;154
193;194;452
193;197;291
194;193;452
195;197;420
195;198;324
196;200;439
197;193;291
197;195;420
198;195;324
198;200;266
199;200;120
199;201;317
200;196;439
200;198;266
200;199;120
200;202;121
200;204;392
201;199;317
202;200;121
203;205;241
203;206;115
203;207;129
204;200;392
204;205;273
205;203;241
205;204;273
206;203;115
206;210;205
207;203;129
208;210;142
209;212;106
210;206;205
210;208;142
210;211;131
210;214;110
211;210;131
211;215;101
212;209;106
212;213;351
212;214;187
213;212;351
214;210;110
214;212;187
215;211;101
215;218;266
216;220;211
217;220;176
218;215;266
218;219;176
218;220;122
219;218;176
219;223;126
220;216;211
220;217;176
220;218;122
220;224;172
221;222;273
222;221;273
222;223;194
223;219;126
223;222;194
223;226;159
224;220;172
224;227;153
225;226;234
225;229;182
226;223;159
226;225;234
227;224;153
227;231;243
228;232;181
229;225;182
230;234;219
231;227;243
231;235;349
232;228;181
232;233;396
232;234;211
233;232;396
234;230;219
234;232;211
234;235;182
234;236;111
235;231;349
235;234;182
235;239;246
236;234;111
236;237;218
236;240;234
237;236;218
237;238;142
237;241;133
238;237;142
239;235;246
240;236;234
240;242;212
241;237;133
242;240;212
242;244;199
243;244;217
244;242;199
244;243;217
244;246;146
245;246;317
246;244;146
246;245;317
246;247;330
247;246;330
247;249;316
247;251;377
248;251;248
248;252;350
249;247;316
250;251;251
251;247;377
251;248;248
251;250;251
251;254;191
251;255;305
252;248;350
253;257;326
254;251;191
254;257;237
255;251;305
256;260;493
257;253;326
257;254;237
257;261;167
258;262;145
259;261;222
260;256;493
260;263;361
261;257;167
261;259;222
261;262;173
262;258;145
262;261;173
262;264;204
263;260;361
263;266;127
264;262;204
264;266;204
264;267;127
265;269;183
266;263;127
266;264;204
267;264;127
267;271;101
268;269;109
269;265;183
269;268;109
269;270;278
269;273;104
270;269;278
270;272;121
271;267;101
271;273;103
272;270;121
273;269;104
273;271;103
273;276;158
274;276;191
275;277;262
275;279;342
276;273;158
276;274;191
276;277;210
276;278;140
276;280;304
277;275;262
277;276;210
277;281;222
278;276;140
278;282;115
279;275;342
280;276;304
281;277;222
281;284;233
282;278;115
283;286;163
284;281;233
284;288;186
285;286;178
285;289;268
286;283;163
286;285;178
287;290;474
288;284;186
288;289;178
288;292;115
289;285;268
289;288;178
290;287;474
290;291;265
291;290;265
291;294;126
292;288;115
292;296;341
293;296;111
294;291;126
294;295;118
294;296;280
295;294;118
295;298;187
296;292;341
296;293;111
296;294;280
296;297;195
296;299;226
297;296;195
298;295;187
298;301;325
299;296;226
299;300;232
300;299;232
301;298;325
301;304;484
302;304;191
303;305;143
304;301;484
304;302;191
304;305;145
304;308;343
305;303;143
305;304;145
306;307;131
307;306;131
307;310;190
308;304;343
308;311;326
309;310;158
309;311;345
309;312;220
309;313;277
310;307;190
310;309;158
311;308;326
311;309;345
312;309;220
312;316;296
313;309;277
314;315;296
315;314;296
315;316;114
315;319;172
316;312;296
316;315;114
317;318;150
317;320;101
318;317;150
318;321;122
319;315;172
319;322;229
319;323;167
320;317;101
320;323;135
320;324;110
321;318;122
322;319;229
323;319;167
323;320;135
323;327;120
324;320;110
324;325;151
325;324;151
325;328;179
326;329;392
327;323;120
327;331;361
328;325;179
329;326;392
329;331;265
330;334;219
331;327;361
331;329;265
331;332;365
332;331;365
332;334;153
332;335;256
333;335;150
334;330;219
334;332;153
334;338;209
335;332;256
335;333;150
335;337;118
336;338;299
337;335;118
338;334;209
338;336;299
338;339;369
339;338;369
339;343;192
340;341;163
340;342;154
341;340;163
341;344;344
342;340;154
343;339;192
343;345;244
343;347;170
344;341;344
344;347;304
345;343;244
346;347;169
347;343;170
347;344;304
347;346;169
347;348;196
347;349;179
347;350;324
348;347;196
348;352;266
349;347;179
350;347;324
351;352;116
351;354;346
352;348;266
352;351;116
352;353;279
353;352;279
354;351;346
354;357;336
354;358;194
355;356;259
355;359;208
356;355;259
356;360;154
357;354;336
357;361;325
358;354;194
359;355;208
359;361;258
360;356;154
360;362;186
361;357;325
361;359;258
361;364;266
362;360;186
363;364;215
363;367;207
364;361;266
364;363;215
364;365;360
365;364;360
365;366;109
366;365;109
367;363;207
367;369;476
368;371;448
369;367;476
369;373;350
370;371;186
371;368;448
371;370;186
371;374;221
372;376;158
373;369;350
373;376;374
374;371;221
374;376;376
375;376;601
376;372;158
376;373;374
376;374;376
376;375;601
376;377;356
376;379;126
376;380;230
377;376;356
378;380;187
379;376;126
379;381;401
379;382;370
380;376;230
380;378;187
381;379;401
382;379;370
382;383;207
382;384;211
383;382;207
383;385;278
383;386;321
384;382;211
385;383;278
385;387;101
386;383;321
387;385;101
387;391;153
388;390;101
389;391;302
390;388;101
390;394;138
391;387;153
391;389;302
391;394;126
392;393;149
393;392;149
393;394;105
393;396;192
393;397;216
394;390;138
394;391;126
394;393;105
395;398;113
396;393;192
396;400;309
397;393;216
397;398;217
397;399;285
398;395;113
398;397;217
399;397;285
400;396;309
400;401;263
400;404;276
401;400;263
401;405;274
402;405;261
403;407;136
404;400;276
405;401;274
405;402;261
405;408;270
406;408;170
407;403;136
407;409;207
407;411;236
408;405;270
408;406;170
408;409;167
409;407;207
409;408;167
410;412;264
411;407;236
411;412;217
411;415;307
412;410;264
412;411;217
413;414;361
413;415;279
413;416;232
414;413;361
414;417;169
415;411;307
415;413;279
416;413;232
416;418;151
416;419;320
416;420;237
417;414;169
418;416;151
419;416;320
419;421;123
419;422;200
420;416;237
420;423;180
420;424;357
421;419;123
422;419;200
423;420;180
424;420;357
424;427;322
425;428;259
426;428;265
426;429;268
427;424;322
427;429;358
427;431;399
428;425;259
428;426;265
429;426;268
429;427;358
430;432;204
431;427;399
431;435;107
432;430;204
432;436;387
433;434;264
433;436;175
434;433;264
435;431;107
435;436;252
435;439;356
436;432;387
436;433;175
436;435;252
436;438;455
437;438;254
438;436;455
438;437;254
439;435;356
439;441;540
440;443;131
441;439;540
441;445;261
442;443;151
443;440;131
443;442;151
443;445;110
444;445;171
444;446;170
445;441;261
445;443;110
445;444;171
445;448;166
445;449;319
446;444;170
447;448;199
447;450;378
448;445;166
448;447;199
449;445;319
449;452;110
450;447;378
451;455;533
452;449;110
452;453;261
452;455;237
453;452;261
453;456;227
454;455;208
455;451;533
455;452;237
455;454;208
456;453;227
456;457;291
457;456;291
457;460;142
457;461;314
458;459;378
459;458;378
459;460;277
459;463;333
460;457;142
460;459;277
461;457;314
461;464;501
462;463;430
463;459;333
463;462;430
464;461;501
464;467;434
464;468;635
465;468;100
466;467;489
467;464;434
467;466;489
468;464;635
468;465;100
468;469;251
468;470;134
469;468;251
469;472;167
470;468;134
471;475;237
472;469;167
472;476;234
473;474;181
473;476;293
474;473;181
475;471;237
475;476;328
475;479;146
476;472;234
476;473;293
476;475;328
476;477;316
477;476;316
478;480;270
479;475;146
479;480;188
480;478;270
480;479;188
480;481;147
480;482;222
481;480;147
481;483;135
481;484;172
482;480;222
483;481;135
483;487;149
484;481;172
484;485;250
485;484;250
486;488;297
486;489;119
486;490;289
487;483;149
487;489;305
488;486;297
488;492;359
489;486;119
489;487;305
490;486;289
490;491;139
491;490;139
491;495;407
492;488;359
492;494;211
493;497;101
494;492;211
494;496;360
495;491;407
495;497;327
495;498;426
496;494;360
497;493;101
497;495;327
498;495;426
498;499;447
498;502;359
499;498;447
500;501;311
500;504;130
501;500;311
502;498;359
502;503;273
503;502;273
503;506;310
504;500;130
504;505;210
504;506;315
504;507;170
505;504;210
506;503;310
506;504;315
506;510;189
507;504;170
508;510;273
509;511;167
510;506;189
510;508;273
510;512;158
510;513;167
511;509;167
511;513;148
512;510;158
513;510;167
513;511;148
513;516;256
513;517;195
514;516;337
515;517;253
515;519;535
516;513;256
516;514;337
517;513;195
517;515;253
517;520;147
518;521;219
518;522;193
519;515;535
520;517;147
520;522;339
521;518;219
521;523;191
522;518;193
522;520;339
523;521;191
523;526;161
524;527;142
524;528;364
525;527;348
525;529;364
526;523;161
526;530;373
527;524;142
527;525;348
527;530;330
528;524;364
528;531;249
529;525;364
530;526;373
530;527;330
530;532;341
530;533;298
531;528;249
532;530;341
532;536;348
533;530;298
534;538;424
535;539;246
536;532;348
536;537;247
537;536;247
537;538;177
537;540;215
538;534;424
538;537;177
539;535;246
539;540;285
539;541;124
539;542;119
539;543;492
540;537;215
540;539;285
541;539;124
541;545;231
542;539;119
543;539;492
543;544;148
544;543;148
545;541;231
545;548;321
546;547;187
547;546;187
547;549;152
547;550;252
547;551;424
548;545;321
548;549;157
549;547;152
549;548;157
549;553;134
550;547;252
551;547;424
552;553;272
552;555;210
553;549;134
553;552;272
553;557;199
554;555;336
555;552;210
555;554;336
555;559;179
556;559;195
557;553;199
558;560;212
559;555;179
559;556;195
559;562;156
559;563;144
560;558;212
560;561;416
560;564;350
561;560;416
562;559;156
563;559;144
563;566;150
564;560;350
564;565;339
564;568;169
565;564;339
565;566;226
565;567;101
565;569;416
566;563;150
566;565;226
567;565;101
567;571;206
568;564;169
569;565;416
570;573;254
571;567;206
571;575;235
572;576;202
573;570;254
573;575;193
574;578;143
575;571;235
575;573;193
575;577;117
576;572;202
576;580;179
577;575;117
577;578;271
578;574;143
578;577;271
578;582;240
579;581;232
580;576;179
580;583;111
580;584;272
581;579;232
581;585;231
582;578;240
582;584;118
583;580;111
583;587;197
584;580;272
584;582;118
584;585;123
585;581;231
585;584;123
585;588;318
586;589;185
587;583;197
588;585;318
588;589;242
588;592;212
589;586;185
589;588;242
589;591;141
590;591;292
591;589;141
591;590;292
591;594;368
592;588;212
593;594;204
593;597;246
594;591;368
594;593;204
594;596;202
594;598;281
595;596;266
596;594;202
596;595;266
597;593;246
597;599;262
598;594;281
598;600;163
599;597;262
600;598;163
600;601;209
601;600;209
601;604;157
602;606;140
603;604;109
603;605;225
603;607;258
604;601;157
604;603;109
604;606;194
605;603;225
606;602;140
606;604;194
606;608;229
607;603;258
608;606;229
608;609;185
608;612;333
609;608;185
609;610;234
610;609;234
611;613;208
612;608;333
612;613;174
612;616;217
613;611;208
613;612;174
613;614;231
614;613;231
614;615;113
614;617;217
615;614;113
615;619;388
616;612;217
617;614;217
617;620;106
618;620;189
619;615;388
620;617;106
620;618;189
620;621;167
620;623;247
620;624;122
621;620;167
622;624;186
622;626;177
623;620;247
624;620;122
624;622;186
625;629;196
626;622;177
626;628;319
626;630;233
627;628;103
628;626;319
628;627;103
628;631;183
628;632;178
629;625;196
629;631;128
629;633;119
630;626;233
631;628;183
631;629;128
632;628;178
632;634;102
632;636;327
633;629;119
634;632;102
635;636;163
635;637;166
635;638;256
636;632;327
636;635;163
637;635;166
637;641;145
638;635;256
639;643;271
640;644;286
641;637;145
641;642;336
642;641;336
642;644;191
643;639;271
643;645;166
643;646;197
644;640;286
644;642;191
644;647;410
645;643;166
645;647;173
646;643;197
647;644;410
647;645;173
647;648;217
648;647;217
648;649;288
649;648;288
649;651;291
650;651;219
651;649;291
651;650;219
651;655;326
652;654;257
652;656;235
653;654;319
654;652;257
654;653;319
655;651;326
655;656;238
656;652;235
656;655;238
656;658;205
657;658;180
657;661;117
658;656;205
658;657;180
658;662;135
659;660;117
660;659;117
660;662;100
661;657;117
661;663;274
662;658;135
662;660;100
663;661;274
663;664;340
664;663;340
664;665;284
664;666;115
665;664;284
666;664;115
666;668;100
666;670;204
667;671;204
668;666;100
668;669;273
668;671;310
668;672;167
669;668;273
670;666;204
671;667;204
671;668;310
671;675;292
672;668;167
673;676;155
674;675;138
675;671;292
675;674;138
675;677;192
675;678;318
676;673;155
676;677;192
677;675;192
677;676;192
678;675;318
678;680;317
678;681;260
679;683;266
680;678;317
680;683;211
681;678;260
682;684;266
683;679;266
683;680;211
683;686;113
683;687;317
684;682;266
684;686;267
685;687;143
685;689;114
686;683;113
686;684;267
687;683;317
687;685;143
687;688;162
688;687;162
688;690;223
689;685;114
689;691;322
690;688;223
690;693;162
691;689;322
692;693;284
692;694;152
692;696;409
693;690;162
693;692;284
694;692;152
694;697;565
694;698;252
695;699;205
696;692;409
697;694;565
698;694;252
698;701;348
699;695;205
699;702;343
700;703;325
701;698;348
701;705;222
702;699;343
702;705;285
703;700;325
703;706;174
704;706;136
705;701;222
705;702;285
705;706;112
705;709;171
706;703;174
706;704;136
706;705;112
706;710;273
707;709;272
708;711;235
708;712;232
709;705;171
709;707;272
709;711;133
710;706;273
711;708;235
711;709;133
711;715;202
712;708;232
713;714;212
713;715;142
714;713;212
714;718;141
715;711;202
715;713;142
715;717;325
715;719;181
716;720;256
717;715;325
718;714;141
718;720;243
719;715;181
720;716;256
720;718;243
720;721;263
721;720;263
721;722;204
721;724;415
722;721;204
723;724;263
723;725;437
724;721;415
724;723;263
725;723;437
725;726;156
725;729;178
726;725;156
726;730;231
727;728;143
728;727;143
728;731;141
728;732;135
729;725;178
729;733;245
730;726;231
730;731;111
731;728;141
731;730;111
732;728;135
733;729;245
733;737;268
734;736;240
735;737;278
735;738;117
736;734;240
736;738;151
737;733;268
737;735;278
738;735;117
738;736;151
738;742;112
739;740;106
740;739;106
740;743;178
740;744;135
741;743;219
742;738;112
742;744;145
743;740;178
743;741;219
744;740;135
744;742;145
744;745;152
745;744;152
745;747;147
746;747;293
746;749;106
747;745;147
747;746;293
748;749;140
749;746;106
749;748;140
749;750;128
749;753;268
750;749;128
750;751;248
751;750;248
752;754;131
753;749;268
753;754;167
753;755;143
754;752;131
754;753;167
755;753;143
755;757;255
755;758;651
756;757;325
757;755;255
757;756;325
757;760;243
758;755;651
759;763;471
760;757;243
760;762;514
761;763;514
762;760;514
762;765;251
763;759;471
763;761;514
763;767;177
764;765;101
764;767;189
765;762;251
765;764;101
765;769;412
766;769;261
767;763;177
767;764;189
768;771;334
769;765;412
769;766;261
769;770;335
769;773;146
770;769;335
771;768;334
771;774;130
771;775;232
772;776;194
773;769;146
773;776;309
773;777;280
774;771;130
775;771;232
775;778;378
776;772;194
776;773;309
777;773;280
777;778;175
777;781;305
778;775;378
778;777;175
779;783;208
780;782;247
780;783;305
781;777;305
781;785;368
782;780;247
782;785;263
783;779;208
783;780;305
784;786;238
785;781;368
785;782;263
785;787;347
786;784;238
786;790;290
787;785;347
787;791;324
788;790;481
789;790;502
790;786;290
790;788;481
790;789;502
790;791;335
790;792;447
791;787;324
791;790;335
792;790;447
792;794;446
793;794;448
793;796;245
793;797;349
794;792;446
794;793;448
795;797;363
796;793;245
797;793;349
797;795;363
797;798;275
797;799;243
798;797;275
798;801;227
799;797;243
800;804;159
801;798;227
801;802;260
802;801;260
802;803;213
802;804;273
802;806;226
803;802;213
803;805;209
804;800;159
804;802;273
805;803;209
806;802;226
806;808;346
806;810;117
807;808;210
808;806;346
808;807;210
809;812;333
809;813;175
810;806;117
810;813;359
810;814;412
811;813;292
812;809;333
813;809;175
813;810;359
813;811;292
813;817;291
814;810;412
814;815;194
815;814;194
816;818;319
817;813;291
817;818;228
818;816;319
818;817;228
818;819;176
818;820;161
819;818;176
819;823;325
820;818;161
821;822;299
821;823;103
821;824;194
822;821;299
823;819;325
823;821;103
824;821;194
824;825;162
824;828;161
825;824;162
825;827;102
826;828;275
827;825;102
827;831;285
828;824;161
828;826;275
828;829;324
829;828;324
829;830;337
830;829;337
830;834;260
831;827;285
832;834;371
833;836;241
834;830;260
834;832;371
834;835;266
835;834;266
835;836;172
836;833;241
836;835;172
836;838;223
836;839;278
837;838;339
838;836;223
838;837;339
839;836;278
839;840;170
839;841;155
840;839;170
840;843;374
841;839;155
842;844;213
843;840;374
843;844;109
843;846;159
844;842;213
844;843;109
844;847;265
845;847;332
846;843;159
847;844;265
847;845;332
847;849;212
848;850;143
848;852;163
849;847;212
849;852;126
850;848;143
850;853;295
851;854;178
851;855;235
852;848;163
852;849;126
852;855;248
853;850;295
854;851;178
855;851;235
855;852;248
855;856;301
856;855;301
856;857;316
856;858;278
856;859;252
856;860;124
857;856;316
858;856;278
859;856;252
860;856;124
860;864;251
861;864;173
862;864;235
863;865;151
863;867;154
864;860;251
864;861;173
864;862;235
864;867;153
865;863;151
865;866;246
866;865;246
866;869;318
867;863;154
867;864;153
868;869;224
868;872;136
869;866;318
869;868;224
870;871;235
870;872;213
871;870;235
871;874;159
871;875;262
872;868;136
872;870;213
872;876;214
873;876;101
874;871;159
875;871;262
876;872;214
876;873;101
876;877;178
876;878;165
876;880;260
877;876;178
878;876;165
878;879;219
879;878;219
880;876;260
880;881;209
881;880;209
881;883;125
882;886;209
883;881;125
883;884;399
883;885;107
884;883;399
885;883;107
885;886;143
885;888;106
886;882;209
886;885;143
886;887;429
887;886;429
887;889;285
888;885;106
889;887;285
889;893;356
890;893;204
890;894;268
891;892;112
892;891;112
892;895;511
892;896;240
893;889;356
893;890;204
894;890;268
894;897;240
895;892;511
896;892;240
896;898;295
897;894;240
897;898;135
897;899;112
897;900;371
898;896;295
898;897;135
899;897;112
900;897;371
900;903;452
901;902;358
901;903;153
901;904;213
902;901;358
903;900;452
903;901;153
903;907;207
904;901;213
904;905;262
905;904;262
906;909;113
907;903;207
907;908;423
907;909;332
908;907;423
909;906;113
909;907;332
909;911;180
909;912;176
910;914;157
911;909;180
912;909;176
912;914;203
912;916;262
913;915;154
914;910;157
914;912;203
914;915;165
915;913;154
915;914;165
915;918;149
915;919;162
916;912;262
917;921;319
918;915;149
919;915;162
919;921;381
920;923;193
921;917;319
921;919;381
921;923;258
921;925;144
922;926;361
923;920;193
923;921;258
924;925;187
924;927;142
925;921;144
925;924;187
925;926;144
926;922;361
926;925;144
926;928;267
927;924;142
927;929;205
927;931;225
928;926;267
929;927;205
929;933;160
930;933;127
931;927;225
931;932;138
932;931;138
932;935;111
933;929;160
933;930;127
933;937;139
934;937;131
935;932;111
935;938;114
936;938;151
937;933;139
937;934;131
937;941;168
938;935;114
938;936;151
938;942;235
939;941;282
940;941;328
940;943;209
941;937;168
941;939;282
941;940;328
942;938;235
943;940;209
943;947;385
944;946;472
945;946;196
945;948;151
946;944;472
946;945;196
947;943;385
947;950;340
948;945;151
948;949;224
949;948;224
949;952;223
950;947;340
950;953;326
951;955;339
952;949;223
952;953;252
953;950;326
953;952;252
953;956;244
953;957;292
954;955;260
954;956;213
955;951;339
955;954;260
955;959;152
956;953;244
956;954;213
957;953;292
958;959;446
958;962;266
959;955;152
959;958;446
960;962;231
960;963;275
961;964;223
961;965;253
962;958;266
962;960;231
963;960;275
963;964;137
964;961;223
964;963;137
964;967;265
965;961;253
966;969;444
967;964;265
967;968;385
967;969;281
967;971;330
968;967;385
968;972;114
969;966;444
969;967;281
970;972;441
971;967;330
971;973;234
971;975;112
972;968;114
972;970;441
973;971;234
974;978;331
975;971;112
975;977;226
975;978;181
976;979;355
977;975;226
977;979;134
977;981;219
978;974;331
978;975;181
979;976;355
979;977;134
980;981;367
980;984;181
981;977;219
981;980;367
982;986;467
983;984;414
983;986;166
984;980;181
984;983;414
985;989;353
986;982;467
986;983;166
986;989;278
987;988;183
987;989;296
988;987;183
988;991;161
989;985;353
989;986;278
989;987;296
989;992;109
990;994;380
991;988;161
991;995;226
992;989;109
992;996;374
993;995;382
994;990;380
994;995;141
994;997;339
995;991;226
995;993;382
995;994;141
996;992;374
997;994;339
997;998;314
997;999;254
998;997;314
998;1001;156
999;997;254
1000;1002;421
1001;998;156
1001;1004;118
1001;1005;215
1002;1000;421
1002;1003;151
1002;1006;246
1003;1002;151
1003;1004;159
1003;1007;182
1004;1001;118
1004;1003;159
1004;1008;512
1005;1001;215
1006;1002;246
1006;1010;292
1007;1003;182
1008;1004;512
1009;1010;105
1010;1006;292
1010;1009;105
1010;1012;172
1011;1014;272
1012;1010;172
1012;1014;486
1013;1016;142
1014;1011;272
1014;1012;486
1014;1018;238
1015;1017;384
1016;1013;142
1016;1017;284
1016;1018;131
1016;1020;438
1017;1015;384
1017;1016;284
1018;1014;238
1018;1016;131
1019;1020;303
1019;1022;275
1020;1016;438
1020;1019;303
1021;1022;352
1022;1019;275
1022;1021;352
1022;1025;360
1022;1026;402
1023;1024;255
1024;1023;255
1024;1027;192
1025;1022;360
1026;1022;402
1026;1027;200
1027;1024;192
1027;1026;200
1027;1030;137
1028;1029;220
1029;1028;220
1029;1033;254
1030;1027;137
1030;1034;197
1031;1033;228
1031;1035;182
1032;1036;160
1033;1029;254
1033;1031;228
1034;1030;197
1034;1038;222
1035;1031;182
1035;1036;136
1036;1032;160
1036;1035;136
1036;1038;125
1036;1040;265
1037;1038;254
1038;1034;222
1038;1036;125
1038;1037;254
1038;1039;387
1038;1042;221
1039;1038;387
1039;1041;257
1040;1036;265
1041;1039;257
1041;1043;255
1042;1038;221
1042;1044;428
1043;1041;255
1044;1042;428
1044;1048;394
1045;1047;113
1045;1048;113
1045;1049;101
1046;1049;283
1047;1045;113
1047;1051;350
1048;1044;394
1048;1045;113
1048;1052;204
1049;1045;101
1049;1046;283
1050;1052;212
1050;1053;215
1051;1047;350
1052;1048;204
1052;1050;212
1052;1056;263
1053;1050;215
1053;1055;214
1054;1057;308
1055;1053;214
1056;1052;263
1056;1058;292
1056;1059;183
1057;1054;308
1057;1060;185
1058;1056;292
1058;1060;122
1059;1056;183
1059;1061;270
1060;1057;185
1060;1058;122
1060;1063;169
1061;1059;270
1062;1065;105
1063;1060;169
1063;1067;163
1064;1067;215
1065;1062;105
1065;1066;177
1065;1068;223
1065;1069;266
1066;1065;177
1067;1063;163
1067;1064;215
1067;1069;211
1067;1071;247
1068;1065;223
1069;1065;266
1069;1067;211
1069;1072;208
1070;1072;174
1071;1067;247
1072;1069;208
1072;1070;174
1072;1073;186
1073;1072;186
1073;1077;230
1074;1077;133
1075;1076;221
1075;1077;217
1075;1078;204
1076;1075;221
1076;1080;102
1077;1073;230
1077;1074;133
1077;1075;217
1077;1081;224
1078;1075;204
1078;1082;165
1079;1083;243
1080;1076;102
1081;1077;224
1081;1085;195
1082;1078;165
1082;1084;349
1082;1086;210
1083;1079;243
1083;1087;142
1084;1082;349
1085;1081;195
1086;1082;210
1086;1088;125
1087;1083;142
1087;1088;118
1088;1086;125
1088;1087;118
1088;1089;267
1089;1088;267
1089;1091;351
1090;1091;282
1090;1093;331
1091;1089;351
1091;1090;282
1091;1092;161
1092;1091;161
1092;1095;123
1093;1090;331
1094;1095;110
1095;1092;123
1095;1094;110
1095;1099;239
1096;1100;158
1097;1098;287
1097;1101;173
1098;1097;287
1099;1095;239
1099;1103;181
1100;1096;158
1100;1101;135
1100;1103;287
1101;1097;173
1101;1100;135
1102;1105;101
1103;1099;181
1103;1100;287
1103;1104;214
1104;1103;214
1104;1108;171
1105;1102;101
1105;1109;151
1106;1108;656
1107;1109;155
1107;1110;136
1107;1111;171
1108;1104;171
1108;1106;656
1108;1111;285
1109;1105;151
1109;1107;155
1110;1107;136
1111;1107;171
1111;1108;285
1111;1112;236
1111;1115;338
1112;1111;236
1112;1113;160
1112;1114;178
1113;1112;160
1114;1112;178
1115;1111;338
1115;1118;340
1116;1117;249
1117;1116;249
1117;1118;252
1118;1115;340
1118;1117;252
1118;1121;151
1119;1121;188
1119;1122;110
1120;1122;106
1121;1118;151
1121;1119;188
1121;1125;260
1122;1119;110
1122;1120;106
1123;1124;237
1123;1127;352
1124;1123;237
1125;1121;260
1125;1126;101
1126;1125;101
1126;1129;205
1127;1123;352
1127;1130;149
1128;1129;240
1128;1130;198
1129;1126;205
1129;1128;240
1129;1131;373
1130;1127;149
1130;1128;198
1130;1133;240
1130;1134;230
1131;1129;373
1132;1134;268
1133;1130;240
1134;1130;230
1134;1132;268
1134;1135;100
1134;1137;191
1135;1134;100
1135;1136;296
1135;1139;129
1136;1135;296
1137;1134;191
1137;1140;193
1137;1141;120
1138;1140;193
1139;1135;129
1139;1142;224
1140;1137;193
1140;1138;193
1141;1137;120
1142;1139;224
1142;1143;134
1143;1142;134
1143;1146;355
1144;1145;230
1144;1148;185
1145;1144;230
1146;1143;355
1146;1149;159
1146;1150;120
1147;1149;161
1148;1144;185
1148;1149;194
1148;1152;261
1149;1146;159
1149;1147;161
1149;1148;194
1150;1146;120
1151;1154;104
1152;1148;261
1152;1153;329
1152;1154;336
1152;1155;472
1152;1156;153
1153;1152;329
1154;1151;104
1154;1152;336
1155;1152;472
1155;1159;107
1156;1152;153
1157;1158;620
1157;1160;485
1158;1157;620
1158;1159;488
1159;1155;107
1159;1158;488
1160;1157;485
1160;1161;205
1161;1160;205
1161;1163;133
1161;1165;485
1162;1164;229
1162;1166;313
1163;1161;133
1164;1162;229
1165;1161;485
1165;1166;426
1166;1162;313
1166;1165;426
1166;1168;216
1167;1168;263
1167;1171;155
1168;1166;216
1168;1167;263
1169;1170;210
1169;1171;229
1170;1169;210
1170;1173;256
1171;1167;155
1171;1169;229
1172;1173;200
1173;1170;256
1173;1172;200
1173;1177;232
1174;1177;163
1175;1177;300
1176;1179;288
1177;1173;232
1177;1174;163
1177;1175;300
1177;1178;166
1178;1177;166
1178;1179;123
1179;1176;288
1179;1178;123
1179;1180;233
1179;1183;153
1180;1179;233
1181;1184;386
1182;1184;219
1183;1179;153
1183;1186;264
1184;1181;386
1184;1182;219
1184;1186;208
1185;1187;246
1186;1183;264
1186;1184;208
1186;1188;203
1186;1189;123
1187;1185;246
1187;1188;306
1188;1186;203
1188;1187;306
1188;1192;204
1189;1186;123
1189;1191;275
1190;1191;439
1191;1189;275
1191;1190;439
1191;1193;165
1192;1188;204
1193;1191;165
1193;1194;408
1193;1196;119
1194;1193;408
1195;1197;276
1196;1193;119
1196;1197;145
1196;1198;225
1197;1195;276
1197;1196;145
1197;1200;124
1198;1196;225
1198;1202;273
1199;1203;166
1200;1197;124
1201;1202;209
1201;1203;110
1202;1198;273
1202;1201;209
1202;1206;118
1203;1199;166
1203;1201;110
1204;1206;189
1204;1207;137
1205;1207;164
1205;1209;326
1206;1202;118
1206;1204;189
1206;1208;189
1207;1204;137
1207;1205;164
1207;1210;287
1208;1206;189
1208;1211;143
1208;1212;206
1209;1205;326
1210;1207;287
1211;1208;143
1212;1208;206
1212;1215;202
1213;1215;129
1213;1216;384
1214;1216;318
1215;1212;202
1215;1213;129
1215;1218;384
1216;1213;384
1216;1214;318
1217;1218;166
1218;1215;384
1218;1217;166
1218;1221;137
1219;1223;335
1220;1221;145
1220;1223;478
1221;1218;137
1221;1220;145
1221;1222;202
1222;1221;202
1222;1226;223
1223;1219;335
1223;1220;478
1223;1224;132
1224;1223;132
1224;1225;152
1225;1224;152
1225;1228;291
1226;1222;223
1227;1230;304
1227;1231;277
1228;1225;291
1228;1229;194
1228;1232;166
1229;1228;194
1230;1227;304
1230;1233;120
1231;1227;277
1231;1232;356
1232;1228;166
1232;1231;356
1232;1236;131
1233;1230;120
1233;1237;245
1234;1235;134
1234;1238;119
1235;1234;134
1236;1232;131
1237;1233;245
1237;1241;276
1238;1234;119
1238;1239;165
1238;1240;112
1239;1238;165
1239;1241;101
1239;1242;126
1240;1238;112
1241;1237;276
1241;1239;101
1242;1239;126
1242;1244;246
1243;1246;220
1244;1242;246
1244;1245;203
1244;1246;120
1245;1244;203
1245;1248;154
1246;1243;220
1246;1244;120
1247;1248;347
1248;1245;154
1248;1247;347
1248;1251;472
1249;1251;424
1250;1254;551
1251;1248;472
1251;1249;424
1251;1253;378
1252;1253;185
1252;1256;114
1253;1251;378
1253;1252;185
1253;1257;314
1254;1250;551
1254;1257;198
1255;1258;290
1256;1252;114
1256;1259;151
1257;1253;314
1257;1254;198
1257;1258;295
1258;1255;290
1258;1257;295
1259;1256;151
1259;1263;386
1260;1263;300
1261;1262;212
1261;1264;130
1262;1261;212
1262;1263;388
1263;1259;386
1263;1260;300
1263;1262;388
1264;1261;130
1264;1266;229
1265;1267;191
1266;1264;229
1266;1269;289
1267;1265;191
1267;1269;114
1267;1271;318
1268;1270;379
1269;1266;289
1269;1267;114
1270;1268;379
1270;1271;155
1271;1267;318
1271;1270;155
1271;1274;247
1272;1275;164
1273;1275;147
1274;1271;247
1274;1276;112
1274;1277;114
1275;1272;164
1275;1273;147
1275;1276;213
1276;1274;112
1276;1275;213
1276;1280;219
1277;1274;114
1278;1281;409
1279;1283;250
1280;1276;219
1280;1282;346
1281;1278;409
1281;1284;176
1281;1285;226
1282;1280;346
1282;1285;212
1283;1279;250
1283;1285;131
1283;1287;127
1284;1281;176
1285;1281;226
1285;1282;212
1285;1283;131
1286;1287;116
1286;1290;323
1287;1283;127
1287;1286;116
1287;1291;177
1288;1289;244
1289;1288;244
1289;1290;223
1290;1286;323
1290;1289;223
1290;1293;223
1290;1294;373
1291;1287;177
1292;1294;204
1293;1290;223
1293;1296;194
1294;1290;373
1294;1292;204
1294;1295;289
1295;1294;289
1295;1297;190
1295;1299;295
1296;1293;194
1297;1295;190
1298;1301;281
1299;1295;295
1299;1301;257
1300;1303;224
1301;1298;281
1301;1299;257
1301;1305;111
1302;1305;288
1303;1300;224
1303;1306;117
1304;1308;220
1305;1301;111
1305;1302;288
1305;1306;267
1305;1307;285
1306;1303;117
1306;1305;267
1306;1308;192
1306;1309;123
1306;1310;311
1307;1305;285
1308;1304;220
1308;1306;192
1308;1311;220
1309;1306;123
1310;1306;311
1310;1312;198
1311;1308;220
1311;1313;321
1311;1315;268
1312;1310;198
1313;1311;321
1314;1315;339
1314;1316;189
1315;1311;268
1315;1314;339
1316;1314;189
1316;1318;275
1317;1318;218
1318;1316;275
1318;1317;218
1318;1320;324
1318;1322;222
1319;1321;218
1320;1318;324
1321;1319;218
1321;1325;209
1322;1318;222
1322;1323;207
1323;1322;207
1323;1324;125
1323;1326;102
1323;1327;110
1324;1323;125
1324;1325;176
1325;1321;209
1325;1324;176
1325;1328;166
1326;1323;102
1326;1329;266
1326;1330;259
1327;1323;110
1328;1325;166
1329;1326;266
1329;1331;391
1330;1326;259
1331;1329;391
1331;1334;163
1332;1333;171
1332;1336;284
1333;1332;171
1334;1331;163
1334;1335;397
1334;1336;266
1334;1337;159
1335;1334;397
1335;1339;418
1336;1332;284
1336;1334;266
1336;1338;533
1337;1334;159
1338;1336;533
1339;1335;418
1339;1340;229
1339;1341;239
1340;1339;229
1340;1344;533
1341;1339;239
1342;1343;347
1343;1342;347
1343;1345;366
1344;1340;533
1344;1348;181
1345;1343;366
1345;1349;137
1346;1349;154
1347;1350;345
1348;1344;181
1348;1350;276
1348;1352;334
1349;1345;137
1349;1346;154
1349;1351;148
1350;1347;345
1350;1348;276
1351;1349;148
1351;1353;242
1352;1348;334
1352;1355;260
1352;1356;138
1353;1351;242
1353;1354;307
1354;1353;307
1354;1358;147
1355;1352;260
1355;1358;245
1356;1352;138
1356;1357;320
1357;1356;320
1357;1361;195
1358;1354;147
1358;1355;245
1359;1361;164
1360;1362;231
1360;1363;253
1361;1357;195
1361;1359;164
1361;1364;331
1362;1360;231
1362;1365;260
1363;1360;253
1363;1367;237
1364;1361;331
1364;1368;193
1365;1362;260
1365;1368;109
1366;1368;240
1367;1363;237
1367;1370;331
1368;1364;193
1368;1365;109
1368;1366;240
1368;1371;339
1369;1371;223
1370;1367;331
1371;1368;339
1371;1369;223
1371;1373;187
1372;1376;204
1373;1371;187
1373;1374;163
1374;1373;163
1374;1376;302
1375;1376;144
1376;1372;204
1376;1374;302
1376;1375;144
1376;1378;147
1377;1378;410
1378;1376;147
1378;1377;410
1378;1381;360
1379;1383;251
1380;1381;393
1381;1378;360
1381;1380;393
1381;1383;261
1382;1385;151
1383;1379;251
1383;1381;261
1383;1384;118
1384;1383;118
1384;1386;306
1384;1388;203
1385;1382;151
1385;1387;250
1385;1388;102
1385;1389;150
1386;1384;306
1387;1385;250
1387;1391;266
1388;1384;203
1388;1385;102
1388;1390;273
1389;1385;150
1389;1393;414
1390;1388;273
1391;1387;266
1392;1395;398
1393;1389;414
1393;1396;159
1393;1397;194
1394;1395;238
1395;1392;398
1395;1394;238
1395;1398;136
1396;1393;159
1396;1399;121
1397;1393;194
1397;1398;149
1397;1401;225
1398;1395;136
1398;1397;149
1398;1400;274
1399;1396;121
1400;1398;274
1400;1402;485
1401;1397;225
1402;1400;485
1402;1406;276
1403;1404;320
1403;1406;382
1404;1403;320
1405;1406;442
1405;1408;346
1406;1402;276
1406;1403;382
1406;1405;442
1406;1410;274
1407;1411;100
1408;1405;346
1408;1409;289
1409;1408;289
1409;1413;163
1410;1406;274
1410;1412;273
1411;1407;100
1411;1413;529
1412;1410;273
1413;1409;163
1413;1411;529
1413;1414;301
1414;1413;301
1414;1415;391
1414;1417;319
1415;1414;391
1415;1418;279
1416;1420;430
1417;1414;319
1418;1415;279
1418;1422;111
1419;1421;188
1420;1416;430
1420;1421;322
1421;1419;188
1421;1420;322
1421;1422;112
1421;1425;239
1422;1418;111
1422;1421;112
1423;1424;558
1423;1425;376
1423;1426;510
1424;1423;558
1425;1421;239
1425;1423;376
1426;1423;510
1426;1429;476
1427;1428;408
1427;1429;365
1427;1430;232
1428;1427;408
1429;1426;476
1429;1427;365
1430;1427;232
1430;1433;367
1431;1435;423
1432;1435;428
1433;1430;367
1433;1435;308
1433;1436;320
1434;1435;128
1435;1431;423
1435;1432;428
1435;1433;308
1435;1434;128
1435;1437;103
1436;1433;320
1437;1435;103
1437;1438;292
1438;1437;292
1438;1442;287
1439;1440;239
1439;1441;218
1439;1442;257
1440;1439;239
1441;1439;218
1442;1438;287
1442;1439;257
1442;1444;197
1442;1446;208
1443;1446;243
1444;1442;197
1444;1445;189
1444;1447;140
1445;1444;189
1446;1442;208
1446;1443;243
1447;1444;140
1447;1448;270
1448;1447;270
1448;1449;132
1448;1451;238
1449;1448;132
1450;1453;114
1451;1448;238
1451;1455;195
1452;1456;149
1453;1450;114
1453;1455;193
1454;1456;106
1454;1457;225
1455;1451;195
1455;1453;193
1455;1459;134
1456;1452;149
1456;1454;106
1457;1454;225
1457;1460;204
1458;1462;276
1459;1455;134
1459;1460;196
1460;1457;204
1460;1459;196
1460;1464;126
1461;1463;139
1462;1458;276
1462;1466;107
1463;1461;139
1463;1466;133
1464;1460;126
1464;1466;185
1464;1467;307
1465;1466;239
1465;1468;192
1466;1462;107
1466;1463;133
1466;1464;185
1466;1465;239
1466;1470;146
1467;1464;307
1468;1465;192
1469;1470;271
1469;1472;197
1470;1466;146
1470;1469;271
1471;1472;147
1471;1473;323
1472;1469;197
1472;1471;147
1473;1471;323
1473;1474;327
1474;1473;327
1474;1476;126
1474;1477;424
1475;1476;168
1475;1478;375
1476;1474;126
1476;1475;168
1476;1479;220
1477;1474;424
1478;1475;375
1479;1476;220
1479;1480;123
1479;1481;174
1480;1479;123
1480;1482;172
1481;1479;174
1482;1480;172
1482;1485;122
1483;1484;133
1484;1483;133
1484;1488;290
1485;1482;122
1485;1489;292
1486;1489;158
1487;1489;291
1488;1484;290
1488;1489;207
1488;1492;290
1489;1485;292
1489;1486;158
1489;1487;291
1489;1488;207
1489;1490;192
1490;1489;192
1490;1491;207
1490;1494;268
1491;1490;207
1491;1495;208
1492;1488;290
1493;1497;474
1494;1490;268
1494;1496;101
1495;1491;208
1496;1494;101
1496;1497;356
1496;1499;362
1497;1493;474
1497;1496;356
1498;1499;164
1498;1500;231
1499;1496;362
1499;1498;164
1499;1503;181
1500;1498;231
1500;1501;304
1500;1504;202
1501;1500;304
1501;1502;227
1502;1501;227
1503;1499;181
1504;1500;202
1504;1505;278
1504;1507;119
1504;1508;178
1505;1504;278
1506;1509;272
1507;1504;119
1508;1504;178
1508;1511;153
1509;1506;272
1509;1511;198
1509;1512;256
1510;1512;225
1510;1513;316
1511;1508;153
1511;1509;198
1512;1509;256
1512;1510;225
1512;1514;125
1513;1510;316
1513;1516;102
1514;1512;125
1514;1515;296
1514;1517;378
1515;1514;296
1515;1519;136
1516;1513;102
1517;1514;378
1518;1521;331
1519;1515;136
1519;1521;109
1520;1523;130
1521;1518;331
1521;1519;109
1521;1523;227
1522;1523;305
1523;1520;130
1523;1521;227
1523;1522;305
1523;1524;124
1523;1526;318
1524;1523;124
1524;1525;166
1525;1524;166
1526;1523;318
1526;1528;392
1527;1531;109
1528;1526;392
1528;1529;224
1529;1528;224
1529;1531;125
1530;1531;189
1530;1534;245
1531;1527;109
1531;1529;125
1531;1530;189
1532;1533;138
1532;1536;197
1533;1532;138
1533;1535;104
1534;1530;245
1534;1538;135
1535;1533;104
1535;1539;302
1536;1532;197
1537;1538;266
1538;1534;135
1538;1537;266
1538;1540;255
1539;1535;302
1539;1540;285
1540;1538;255
1540;1539;285
1540;1541;273
1540;1544;173
1541;1540;273
1541;1543;356
1541;1545;172
1542;1544;177
1542;1546;138
1543;1541;356
1544;1540;173
1544;1542;177
1544;1548;329
1545;1541;172
1545;1547;167
1546;1542;138
1546;1549;326
1546;1550;283
1547;1545;167
1548;1544;329
1549;1546;326
1550;1546;283
1550;1554;222
1551;1552;273
1552;1551;273
1552;1555;147
1553;1557;449
1554;1550;222
1554;1555;362
1554;1557;114
1555;1552;147
1555;1554;362
1556;1557;166
1556;1560;270
1557;1553;449
1557;1554;114
1557;1556;166
1557;1559;103
1558;1560;352
1559;1557;103
1559;1563;131
1560;1556;270
1560;1558;352
1561;1562;249
1561;1563;190
1561;1565;129
1562;1561;249
1563;1559;131
1563;1561;190
1563;1566;127
1564;1566;153
1565;1561;129
1565;1569;359
1566;1563;127
1566;1564;153
1566;1568;189
1567;1571;236
1568;1566;189
1568;1572;264
1569;1565;359
1569;1570;295
1570;1569;295
1570;1571;216
1571;1567;236
1571;1570;216
1572;1568;264
1572;1573;224
1572;1575;213
1573;1572;224
1574;1575;202
1575;1572;213
1575;1574;202
1575;1577;272
1576;1578;344
1576;1580;124
1577;1575;272
1577;1578;395
1578;1576;344
1578;1577;395
1579;1583;182
1580;1576;124
1580;1583;314
1581;1584;161
1582;1584;211
1583;1579;182
1583;1580;314
1583;1587;317
1584;1581;161
1584;1582;211
1584;1587;110
1585;1586;114
1585;1588;208
1586;1585;114
1586;1587;340
1587;1583;317
