0;1;312
0;2;358
1;0;312
1;3;211
1;5;188
2;0;358
3;1;211
3;7;286
4;7;393
5;1;188
6;7;312
6;8;212
7;3;286
7;4;393
7;6;312
7;10;271
8;6;212
8;11;169
9;10;237
10;7;271
10;9;237
11;8;169
11;13;115
12;15;493
13;11;115
13;15;104
13;17;185
14;18;173
15;12;493
15;13;104
15;16;330
15;19;110
16;15;330
17;13;185
17;21;134
18;14;173
18;19;213
19;15;110
19;18;213
19;22;471
20;23;115
21;17;134
21;23;218
21;25;395
22;19;471
23;20;115
23;21;218
24;25;155
24;28;235
25;21;395
25;24;155
25;27;175
25;29;454
26;29;499
27;25;175
28;24;235
29;25;454
29;26;499
29;31;220
29;32;305
30;32;356
31;29;220
32;29;305
32;30;356
32;34;314
32;35;219
33;37;279
34;32;314
35;32;219
35;37;109
36;37;147
37;33;279
37;35;109
37;36;147
37;38;239
37;39;202
38;37;239
38;42;225
39;37;202
39;40;264
39;41;271
40;39;264
41;39;271
42;38;225
42;43;115
43;42;115
43;44;147
44;43;147
44;46;227
45;46;158
45;49;374
46;44;227
46;45;158
46;47;404
47;46;404
48;52;315
49;45;374
49;52;164
50;51;267
50;52;188
51;50;267
52;48;315
52;49;164
52;50;188
52;55;164
53;54;484
54;53;484
54;55;195
54;57;192
55;52;164
55;54;195
56;57;216
56;58;229
57;54;192
57;56;216
57;60;112
57;61;264
58;56;229
59;62;207
60;57;112
60;63;176
60;64;275
61;57;264
62;59;207
62;63;222
62;65;100
63;60;176
63;62;222
64;60;275
65;62;100
65;66;158
66;65;158
66;67;224
67;66;224
67;69;155
68;70;158
69;67;155
69;70;100
70;68;158
70;69;100
70;74;153
71;73;329
72;73;463
73;71;329
73;72;463
73;75;288
74;70;153
74;76;164
74;78;106
75;73;288
75;76;262
76;74;164
76;75;262
76;77;264
77;76;264
77;79;278
78;74;106
78;80;106
78;82;146
79;77;278
79;83;320
80;78;106
81;82;288
82;78;146
82;81;288
82;84;167
83;79;320
84;82;167
84;85;263
84;86;483
84;87;276
85;84;263
86;84;483
87;84;276
87;88;182
88;87;182
88;89;199
88;90;253
88;92;120
89;88;199
89;93;197
90;88;253
91;92;177
91;94;239
92;88;120
92;91;177
93;89;197
94;91;239
94;95;190
95;94;190
95;98;333
96;99;263
97;100;167
98;95;333
98;99;110
98;100;214
98;102;104
99;96;263
99;98;110
100;97;167
100;98;214
101;103;204
102;98;104
102;103;173
102;104;174
103;101;204
103;102;173
103;106;144
104;102;174
105;106;283
105;109;252
106;103;144
106;105;283
107;110;142
108;109;246
109;105;252
109;108;246
109;110;305
109;113;100
110;107;142
110;109;305
111;114;174
112;113;318
112;116;276
113;109;100
113;112;318
114;111;174
114;116;297
115;118;294
116;112;276
116;114;297
116;118;307
116;120;218
117;120;203
118;115;294
118;116;307
119;123;270
120;116;218
120;117;203
120;123;163
121;122;116
121;123;252
122;121;116
122;125;234
123;119;270
123;120;163
123;121;252
123;124;125
123;126;111
123;127;262
124;123;125
125;122;234
125;129;209
126;123;111
127;123;262
128;130;313
129;125;209
129;131;152
130;128;313
130;131;244
130;134;345
131;129;152
131;130;244
131;133;126
131;135;349
132;136;463
133;131;126
134;130;345
135;131;349
135;136;261
135;137;202
136;132;463
136;135;261
137;135;202
137;138;333
138;137;333
138;139;185
138;142;180
139;138;185
139;140;159
140;139;159
141;144;359
142;138;180
142;143;195
142;146;136
143;142;195
144;141;359
144;146;163
145;146;254
146;142;136
146;144;163
146;145;254
146;148;100
147;151;213
148;146;100
148;149;103
148;151;165
148;152;141
149;148;103
149;150;147
150;149;147
151;147;213
151;148;165
151;154;249
152;148;141
153;154;115
153;155;155
154;151;249
154;153;115
155;153;155
155;157;208
156;158;280
156;160;161
157;155;208
157;159;127
157;160;209
157;161;190
158;156;280
159;157;127
159;163;154
160;156;161
160;157;209
161;157;190
162;166;119
163;159;154
163;165;280
164;166;241
165;163;280
165;166;205
165;167;111
165;169;102
166;162;119
166;164;241
166;165;205
167;165;111
168;169;143
169;165;102
169;168;143
169;171;145
169;173;260
170;171;414
170;172;452
171;169;145
171;170;414
171;175;220
172;170;452
173;169;260
173;176;228
174;178;169
175;171;220
175;177;149
176;173;228
176;180;358
177;175;149
177;181;201
178;174;169
178;179;362
179;178;362
179;182;147
180;176;358
180;183;227
180;184;393
181;177;201
182;179;147
182;184;141
183;180;227
184;180;393
184;182;141
184;185;132
185;184;132
185;186;113
186;185;113
186;187;342
186;188;254
187;186;342
187;189;129
187;190;430
188;186;254
188;191;337
189;187;129
190;187;430
191;188;337
191;193;260
191;195;144
192;193;314
193;191;260
193;192;314
193;194;235
193;196;219
193;197;203
194;193;235
195;191;144
196;193;219
196;199;130
197;193;203
197;198;117
197;200;358
198;197;117
198;201;199
199;196;130
200;197;358
200;202;193
201;198;199
201;205;286
202;200;193
203;204;183
203;206;356
204;203;183
204;205;326
205;201;286
205;204;326
206;203;356
206;209;260
207;208;112
207;210;157
208;207;112
208;212;131
209;206;260
209;211;158
209;213;254
210;207;157
210;214;160
211;209;158
211;212;106
212;208;131
212;211;106
213;209;254
214;210;160
214;215;104
215;214;104
215;216;192
216;215;192
216;219;208
217;218;234
217;220;222
217;221;192
218;217;234
219;216;208
219;222;158
220;217;222
221;217;192
221;224;147
222;219;158
222;223;133
222;224;132
223;222;133
223;225;116
224;221;147
224;222;132
225;223;116
225;226;150
225;227;229
226;225;150
226;228;222
227;225;229
228;226;222
228;230;104
229;230;109
229;231;167
230;228;104
230;229;109
231;229;167
231;234;121
232;234;113
233;234;222
233;236;200
234;231;121
234;232;113
234;233;222
235;239;160
236;233;200
236;238;216
237;241;191
238;236;216
238;240;353
238;241;157
238;242;139
239;235;160
239;243;278
240;238;353
241;237;191
241;238;157
242;238;139
242;246;131
243;239;278
243;247;248
244;246;160
244;247;214
244;248;233
245;247;232
245;249;403
246;242;131
246;244;160
247;243;248
247;244;214
247;245;232
247;250;186
248;244;233
249;245;403
250;247;186
250;251;578
251;250;578
251;252;174
251;253;227
252;251;174
252;254;264
253;251;227
253;255;143
254;252;264
254;257;188
255;253;143
256;260;226
257;254;188
257;258;466
258;257;466
258;260;175
259;262;298
260;256;226
260;258;175
260;264;171
261;264;262
261;265;188
262;259;298
262;266;138
263;264;311
264;260;171
264;261;262
264;263;311
264;266;165
265;261;188
265;268;112
266;262;138
266;264;165
267;268;321
268;265;112
268;267;321
268;269;196
268;271;263
269;268;196
270;272;244
270;273;146
271;268;263
271;275;332
272;270;244
273;270;146
273;274;234
274;273;234
274;275;219
275;271;332
275;274;219
275;278;181
276;279;316
276;280;194
277;278;176
277;281;205
278;275;181
278;277;176
278;282;288
279;276;316
280;276;194
280;283;413
281;277;205
281;283;148
282;278;288
282;284;146
282;286;168
283;280;413
283;281;148
284;282;146
284;287;288
284;288;136
285;287;170
286;282;168
286;289;432
287;284;288
287;285;170
287;291;173
288;284;136
289;286;432
289;292;266
290;291;216
291;287;173
291;290;216
292;289;266
292;294;461
293;295;193
294;292;461
294;296;452
294;298;383
295;293;193
295;298;509
296;294;452
297;301;521
298;294;383
298;295;509
298;302;403
299;300;276
299;301;252
300;299;276
301;297;521
301;299;252
301;302;270
301;304;271
302;298;403
302;301;270
302;303;229
303;302;229
304;301;271
304;308;238
305;309;207
306;307;250
306;308;213
307;306;250
307;309;346
307;311;318
308;304;238
308;306;213
309;305;207
309;307;346
310;314;364
311;307;318
311;314;302
311;315;300
312;315;106
313;316;180
314;310;364
314;311;302
315;311;300
315;312;106
315;316;145
316;313;180
316;315;145
316;319;233
317;318;184
317;319;342
318;317;184
319;316;233
319;317;342
319;321;299
320;321;130
320;322;154
321;319;299
321;320;130
321;324;458
322;320;154
323;325;119
323;327;222
324;321;458
324;325;149
324;328;183
325;323;119
325;324;149
326;330;235
327;323;222
327;329;220
327;330;223
328;324;183
329;327;220
329;331;112
329;332;256
329;333;282
330;326;235
330;327;223
331;329;112
332;329;256
332;334;172
333;329;282
334;332;172
334;335;306
334;337;200
335;334;306
335;336;264
335;339;161
336;335;264
337;334;200
338;339;213
338;341;352
339;335;161
339;338;213
339;340;275
340;339;275
341;338;352
341;344;310
341;345;157
342;343;108
343;342;108
343;344;282
343;347;221
344;341;310
344;343;282
345;341;157
346;347;239
346;348;277
347;343;221
347;346;239
347;349;174
347;351;268
348;346;277
348;352;129
349;347;174
350;352;368
351;347;268
351;353;141
351;354;426
352;348;129
352;350;368
353;351;141
353;356;118
354;351;426
354;355;237
355;354;237
356;353;118
356;357;419
357;356;419
357;361;210
358;359;497
359;358;497
359;362;237
360;362;246
361;357;210
361;362;262
361;363;377
362;359;237
362;360;246
362;361;262
362;365;228
363;361;377
363;364;450
364;363;450
365;362;228
365;367;222
366;367;382
366;369;214
367;365;222
367;366;382
368;371;266
369;366;214
369;370;148
370;369;148
370;374;211
371;368;266
371;372;250
371;375;104
372;371;250
373;374;320
374;370;211
374;373;320
374;378;331
375;371;104
375;376;368
375;379;108
376;375;368
377;380;342
378;374;331
378;380;299
379;375;108
379;383;113
380;377;342
380;378;299
380;381;137
380;383;255
381;380;137
382;383;102
383;379;113
383;380;255
383;382;102
383;387;336
384;388;244
385;388;172
386;387;219
386;390;191
387;383;336
387;386;219
388;384;244
388;385;172
388;389;182
389;388;182
389;390;137
389;393;273
390;386;191
390;389;137
390;391;178
390;392;355
390;394;319
391;390;178
392;390;355
393;389;273
393;395;101
394;390;319
395;393;101
395;396;478
396;395;478
396;399;239
397;398;212
397;399;252
397;400;150
398;397;212
399;396;239
399;397;252
400;397;150
400;403;209
401;403;155
402;403;258
402;405;268
403;400;209
403;401;155
403;402;258
403;406;164
404;405;229
405;402;268
405;404;229
405;407;252
406;403;164
406;408;143
407;405;252
407;410;118
408;406;143
408;409;217
408;411;173
409;408;217
410;407;118
410;412;185
410;413;238
411;408;173
411;414;238
412;410;185
413;410;238
414;411;238
414;415;102
415;414;102
415;416;323
416;415;323
416;419;349
417;418;176
417;420;109
418;417;176
418;421;104
419;416;349
419;420;219
419;423;242
420;417;109
420;419;219
420;424;148
421;418;104
421;422;234
422;421;234
423;419;242
423;427;176
424;420;148
424;425;213
425;424;213
425;426;292
425;429;181
426;425;292
427;423;176
428;430;132
429;425;181
429;430;303
429;433;128
430;428;132
430;429;303
430;434;102
431;432;444
431;435;282
432;431;444
433;429;128
433;435;204
433;437;275
434;430;102
435;431;282
435;433;204
435;436;161
436;435;161
436;440;339
437;433;275
438;439;420
438;440;196
439;438;420
439;442;135
440;436;339
440;438;196
441;443;316
442;439;135
442;444;374
443;441;316
443;444;316
443;445;276
444;442;374
444;443;316
445;443;276
445;447;231
445;448;256
446;449;367
447;445;231
447;449;118
448;445;256
449;446;367
449;447;118
449;450;284
449;451;309
450;449;284
451;449;309
451;452;413
452;451;413
452;453;437
453;452;437
453;455;235
454;457;159
455;453;235
455;458;257
456;457;245
456;458;127
456;459;175
457;454;159
457;456;245
458;455;257
458;456;127
459;456;175
459;462;120
459;463;271
460;461;447
460;463;417
461;460;447
462;459;120
462;466;138
463;459;271
463;460;417
464;467;326
465;467;111
465;468;244
466;462;138
466;468;242
466;469;155
467;464;326
467;465;111
468;465;244
468;466;242
469;466;155
469;473;349
470;471;158
470;473;312
471;470;158
471;472;142
472;471;142
473;469;349
473;470;312
473;474;215
473;477;149
474;473;215
474;478;184
475;477;479
476;480;362
477;473;149
477;475;479
478;474;184
478;479;197
478;480;239
479;478;197
479;482;327
480;476;362
480;478;239
480;481;197
481;480;197
481;483;447
482;479;327
482;486;155
483;481;447
484;485;213
485;484;213
485;486;225
485;487;159
485;488;352
486;482;155
486;485;225
486;489;317
487;485;159
488;485;352
489;486;317
489;493;290
490;491;239
491;490;239
491;492;148
491;493;252
492;491;148
492;495;260
492;496;238
493;489;290
493;491;252
494;496;204
495;492;260
496;492;238
496;494;204
496;497;187
497;496;187
497;498;233
498;497;233
498;500;214
498;502;325
499;500;287
500;498;214
500;499;287
500;501;235
500;504;328
501;500;235
502;498;325
502;503;144
503;502;144
504;500;328
504;507;188
505;506;340
506;505;340
506;510;130
507;504;188
507;508;191
507;509;360
507;510;259
507;511;267
508;507;191
509;507;360
510;506;130
510;507;259
510;513;269
510;514;143
511;507;267
512;515;268
513;510;269
514;510;143
514;515;286
515;512;268
515;514;286
515;517;115
515;518;249
516;517;237
517;515;115
517;516;237
517;520;182
518;515;249
518;522;345
519;521;212
520;517;182
521;519;212
521;522;112
521;524;307
522;518;345
522;521;112
523;525;328
523;526;210
524;521;307
524;526;129
524;527;351
525;523;328
526;523;210
526;524;129
526;528;219
527;524;351
527;531;164
528;526;219
529;531;424
530;532;129
530;534;139
531;527;164
531;529;424
531;534;344
532;530;129
532;536;309
533;537;214
534;530;139
534;531;344
535;536;323
535;537;210
535;539;226
536;532;309
536;535;323
537;533;214
537;535;210
537;541;144
538;541;326
539;535;226
539;540;306
540;539;306
540;544;304
541;537;144
541;538;326
541;542;314
541;543;232
542;541;314
543;541;232
543;545;138
544;540;304
545;543;138
545;546;140
545;549;410
546;545;140
546;547;489
546;548;407
547;546;489
547;550;499
548;546;407
549;545;410
550;547;499
550;551;152
550;552;141
550;554;351
551;550;152
552;550;141
553;554;112
553;557;190
554;550;351
554;553;112
554;558;214
555;559;140
556;558;148
557;553;190
558;554;214
558;556;148
558;562;148
559;555;140
559;560;221
560;559;221
560;561;326
560;562;170
561;560;326
561;565;184
562;558;148
562;560;170
563;564;360
563;565;152
564;563;360
565;561;184
565;563;152
565;566;182
565;569;290
566;565;182
566;570;150
567;569;177
568;569;475
568;571;153
569;565;290
569;567;177
569;568;475
570;566;150
570;573;377
571;568;153
572;574;136
572;576;304
573;570;377
573;574;239
574;572;136
574;573;239
574;575;219
574;577;228
575;574;219
576;572;304
577;574;228
577;581;129
578;579;316
579;578;316
579;582;236
580;583;294
581;577;129
581;582;127
582;579;236
582;581;127
582;583;348
583;580;294
583;582;348
583;585;165
583;587;100
584;585;572
585;583;165
585;584;572
585;588;535
586;587;240
586;590;177
587;583;100
587;586;240
587;589;364
588;585;535
589;587;364
590;586;177
590;592;116
591;592;213
592;590;116
592;591;213
592;593;359
592;594;162
593;592;359
593;596;344
594;592;162
594;597;367
595;597;481
596;593;344
597;594;367
597;595;481
597;601;142
598;600;221
598;601;380
599;601;272
599;602;174
600;598;221
600;603;142
601;597;142
601;598;380
601;599;272
602;599;174
603;600;142
603;604;235
604;603;235
604;605;317
604;606;415
605;604;317
605;609;344
606;604;415
607;609;140
608;612;190
609;605;344
609;607;140
609;612;236
610;611;106
611;610;106
611;612;439
612;608;190
612;609;236
612;611;439
612;613;335
613;612;335
613;615;130
613;616;203
613;617;231
614;615;169
615;613;130
615;614;169
616;613;203
616;619;171
617;613;231
618;620;217
618;622;236
619;616;171
619;622;161
619;623;115
620;618;217
621;624;180
622;618;236
622;619;161
622;625;227
623;619;115
624;621;180
624;625;148
625;622;227
625;624;148
625;626;353
626;625;353
626;630;290
627;628;124
628;627;124
628;629;219
628;632;258
629;628;219
630;626;290
630;632;113
630;633;210
630;634;187
631;632;225
631;635;160
632;628;258
632;630;113
632;631;225
633;630;210
633;637;132
634;630;187
635;631;160
635;636;165
636;635;165
637;633;132
637;641;290
638;641;289
639;641;130
639;643;305
640;641;324
640;642;271
640;644;164
641;637;290
641;638;289
641;639;130
641;640;324
642;640;271
643;639;305
644;640;164
644;646;212
644;647;136
645;647;151
645;648;129
646;644;212
646;649;123
646;650;133
647;644;136
647;645;151
647;651;307
648;645;129
649;646;123
650;646;133
651;647;307
651;652;257
651;655;100
652;651;257
652;654;262
653;655;173
654;652;262
654;656;289
655;651;100
655;653;173
656;654;289
656;659;341
657;658;130
658;657;130
658;660;247
659;656;341
659;662;326
660;658;247
660;664;379
661;662;293
661;664;259
662;659;326
662;661;293
663;667;171
664;660;379
664;661;259
664;667;200
665;667;119
666;668;202
667;663;171
667;664;200
667;665;119
667;668;140
668;666;202
668;667;140
668;670;202
669;670;159
669;671;194
670;668;202
670;669;159
670;674;161
671;669;194
672;674;230
673;675;207
674;670;161
674;672;230
674;678;204
675;673;207
675;677;180
676;680;270
677;675;180
677;679;205
677;680;166
678;674;204
678;680;194
678;682;106
679;677;205
680;676;270
680;677;166
680;678;194
681;682;186
681;684;195
682;678;106
682;681;186
682;683;104
683;682;104
683;685;218
684;681;195
685;683;218
685;686;147
685;687;134
686;685;147
686;690;370
687;685;134
687;688;116
688;687;116
688;689;197
688;691;106
689;688;197
690;686;370
691;688;106
691;694;142
692;694;125
692;696;208
693;696;303
694;691;142
694;692;125
694;697;235
695;698;368
696;692;208
696;693;303
697;694;235
697;699;134
698;695;368
698;699;355
698;700;207
699;697;134
699;698;355
699;703;363
700;698;207
700;702;340
701;702;103
702;700;340
702;701;103
702;706;225
703;699;363
703;704;257
704;703;257
704;705;302
705;704;302
705;707;233
705;708;286
706;702;225
707;705;233
707;709;371
708;705;286
709;707;371
709;713;294
710;713;370
711;714;171
712;714;136
712;715;404
713;709;294
713;710;370
713;717;187
714;711;171
714;712;136
715;712;404
715;717;183
715;718;280
716;718;443
717;713;187
717;715;183
717;719;263
718;715;280
718;716;443
719;717;263
719;720;333
720;719;333
720;723;137
721;722;279
721;725;176
722;721;279
723;720;137
723;725;302
724;726;141
724;727;154
725;721;176
725;723;302
725;726;397
726;724;141
726;725;397
727;724;154
727;730;169
727;731;300
728;732;103
729;731;141
730;727;169
730;734;341
731;727;300
731;729;141
731;732;386
732;728;103
732;731;386
733;734;143
733;735;111
734;730;341
734;733;143
734;736;207
734;737;105
735;733;111
735;738;117
736;734;207
737;734;105
738;735;117
738;742;200
739;741;188
740;743;196
741;739;188
741;742;101
742;738;200
742;741;101
742;746;213
743;740;196
743;745;348
744;746;111
745;743;348
745;749;220
746;742;213
746;744;111
746;750;216
747;748;192
747;749;387
748;747;192
748;750;236
749;745;220
749;747;387
750;746;216
750;748;236
750;752;168
751;754;251
752;750;168
752;756;239
753;754;124
754;751;251
754;753;124
754;755;164
754;758;101
755;754;164
756;752;239
756;759;226
757;760;258
757;761;113
758;754;101
758;759;178
758;761;137
758;762;368
759;756;226
759;758;178
760;757;258
761;757;113
761;758;137
761;763;218
762;758;368
763;761;218
763;765;411
764;766;239
764;768;110
765;763;411
765;766;104
766;764;239
766;765;104
766;767;236
767;766;236
767;769;125
768;764;110
768;770;176
769;767;125
769;773;239
770;768;176
770;771;216
771;770;216
771;772;120
772;771;120
773;769;239
773;777;179
774;777;398
775;778;117
776;779;141
777;773;179
777;774;398
777;779;219
778;775;117
778;780;186
779;776;141
779;777;219
779;780;228
779;782;165
780;778;186
780;779;228
780;784;228
781;784;126
782;779;165
782;783;126
783;782;126
783;787;194
784;780;228
784;781;126
784;788;297
785;786;191
786;785;191
786;789;219
787;783;194
787;790;199
788;784;297
788;789;198
789;786;219
789;788;198
790;787;199
790;791;218
791;790;218
791;792;259
792;791;259
792;794;138
792;795;363
793;794;119
793;797;154
794;792;138
794;793;119
795;792;363
796;799;272
797;793;154
797;801;357
798;800;253
798;802;104
799;796;272
799;800;412
800;798;253
800;799;412
801;797;357
801;804;136
802;798;104
802;806;125
803;806;147
804;801;136
804;806;306
804;807;295
805;808;149
806;802;125
806;803;147
806;804;306
806;809;226
807;804;295
807;808;167
808;805;149
808;807;167
808;811;133
809;806;226
809;810;141
810;809;141
810;813;182
810;814;347
811;808;133
812;814;185
813;810;182
814;810;347
814;812;185
814;817;340
815;819;281
816;817;212
816;819;146
817;814;340
817;816;212
817;821;418
818;822;264
819;815;281
819;816;146
819;823;347
820;823;410
821;817;418
822;818;264
822;823;262
822;824;148
823;819;347
823;820;410
823;822;262
823;826;290
824;822;148
824;825;142
824;827;353
824;828;101
825;824;142
826;823;290
827;824;353
827;830;256
828;824;101
828;829;330
828;831;375
829;828;330
830;827;256
831;828;375
831;833;162
832;834;281
833;831;162
833;834;258
834;832;281
834;833;258
834;838;125
835;837;282
836;837;123
837;835;282
837;836;123
837;838;170
838;834;125
838;837;170
838;839;228
838;842;201
839;838;228
840;843;142
841;842;188
841;843;235
841;844;213
841;845;229
842;838;201
842;841;188
843;840;142
843;841;235
844;841;213
845;841;229
845;849;177
846;849;266
847;849;208
847;850;153
848;849;139
849;845;177
849;846;266
849;847;208
849;848;139
850;847;153
850;852;200
850;853;113
851;854;303
851;855;328
852;850;200
853;850;113
853;855;318
854;851;303
854;857;200
855;851;328
855;853;318
855;859;101
856;857;227
857;854;200
857;856;227
857;858;168
858;857;168
858;860;155
859;855;101
860;858;155
860;861;366
860;862;288
861;860;366
861;863;188
862;860;288
863;861;188
863;864;190
864;863;190
864;867;101
865;868;235
865;869;267
866;870;206
867;864;101
867;869;152
868;865;235
868;871;223
869;865;267
869;867;152
870;866;206
870;871;160
870;872;336
871;868;223
871;870;160
871;874;547
871;875;232
872;870;336
873;877;309
874;871;547
875;871;232
875;878;309
876;877;140
877;873;309
877;876;140
877;879;176
878;875;309
878;880;147
878;882;102
879;877;176
879;882;152
879;883;149
880;878;147
881;883;239
881;884;305
882;878;102
882;879;152
883;879;149
883;881;239
884;881;305
884;886;264
885;889;145
886;884;264
886;889;100
887;889;293
887;891;107
888;890;291
888;892;299
889;885;145
889;886;100
889;887;293
890;888;291
891;887;107
891;894;179
892;888;299
892;894;240
892;896;128
893;897;152
894;891;179
894;892;240
895;896;169
895;897;166
895;898;188
896;892;128
896;895;169
897;893;152
897;895;166
897;901;138
898;895;188
899;902;333
899;903;206
900;901;153
901;897;138
901;900;153
901;903;268
902;899;333
903;899;206
903;901;268
903;906;311
904;906;271
905;908;449
906;903;311
906;904;271
906;907;371
907;906;371
907;911;192
908;905;449
908;910;223
908;911;281
908;912;169
909;913;220
910;908;223
911;907;192
911;908;281
911;914;270
912;908;169
913;909;220
913;914;323
913;917;197
914;911;270
914;913;323
914;918;290
915;916;217
916;915;217
916;917;268
917;913;197
917;916;268
917;920;211
918;914;290
918;919;265
918;921;442
919;918;265
920;917;211
920;922;228
920;924;431
921;918;442
922;920;228
923;926;254
924;920;431
924;927;262
925;928;334
926;923;254
926;928;171
926;929;115
927;924;262
927;929;186
928;925;334
928;926;171
929;926;115
929;927;186
929;931;261
929;933;183
930;933;360
931;929;261
932;933;133
932;934;138
932;935;164
932;936;100
933;929;183
933;930;360
933;932;133
933;937;134
934;932;138
935;932;164
935;938;168
936;932;100
937;933;134
937;940;263
938;935;168
938;941;260
939;942;197
940;937;263
941;938;260
941;942;265
942;939;197
942;941;265
942;943;357
943;942;357
943;944;202
944;943;202
944;945;201
944;946;187
944;948;190
945;944;201
945;947;179
946;944;187
947;945;179
947;949;109
948;944;190
949;947;109
949;950;204
950;949;204
950;952;309
950;953;117
951;953;157
951;954;339
952;950;309
953;950;117
953;951;157
953;955;167
953;956;248
954;951;339
955;953;167
955;958;136
955;959;231
956;953;248
957;959;179
957;961;190
958;955;136
959;955;231
959;957;179
960;962;415
960;964;170
961;957;190
961;965;212
962;960;415
963;964;360
964;960;170
964;963;360
964;968;215
965;961;212
965;966;192
966;965;192
966;967;121
967;966;121
967;971;157
968;964;215
968;970;193
969;970;190
970;968;193
970;969;190
970;972;143
971;967;157
971;975;189
972;970;143
972;974;231
973;977;219
974;972;231
974;975;243
975;971;189
975;974;243
975;976;133
976;975;133
976;979;113
977;973;219
977;980;107
978;981;204
979;976;113
979;981;220
979;983;229
980;977;107
980;981;207
981;978;204
981;979;220
981;980;207
982;984;192
982;986;136
983;979;229
983;984;334
984;982;192
984;983;334
984;987;189
985;987;177
986;982;136
987;984;189
987;985;177
987;988;144
987;990;257
988;987;144
989;992;309
989;993;315
990;987;257
990;993;279
990;994;266
991;994;136
992;989;309
992;995;356
993;989;315
993;990;279
994;990;266
994;991;136
995;992;356
995;996;150
995;999;143
996;995;150
997;999;306
998;1000;150
998;1001;133
999;995;143
999;997;306
999;1001;254
999;1003;195
1000;998;150
1001;998;133
1001;999;254
1002;1003;248
1002;1006;178
1003;999;195
1003;1002;248
1004;1005;379
1005;1004;379
1005;1008;213
1006;1002;178
1006;1007;224
1006;1008;111
1006;1009;272
1007;1006;224
1008;1005;213
1008;1006;111
1008;1012;197
1009;1006;272
1010;1012;263
1010;1014;169
1011;1012;183
1011;1013;301
1012;1008;197
1012;1010;263
1012;1011;183
1013;1011;301
1014;1010;169
1014;1015;187
1014;1016;173
1015;1014;187
1016;1014;173
1016;1019;218
1017;1018;127
1017;1019;314
1017;1021;439
1018;1017;127
1019;1016;218
1019;1017;314
1019;1020;157
1020;1019;157
1020;1024;366
1021;1017;439
1021;1023;143
1021;1025;447
1022;1025;366
1023;1021;143
1023;1027;350
1024;1020;366
1025;1021;447
1025;1022;366
1026;1028;202
1026;1030;296
1027;1023;350
1027;1029;404
1028;1026;202
1029;1027;404
1029;1031;205
1030;1026;296
1030;1031;146
1031;1029;205
1031;1030;146
1031;1034;132
1032;1033;148
1033;1032;148
1033;1035;216
1034;1031;132
1034;1038;100
1035;1033;216
1035;1036;159
1036;1035;159
1036;1038;166
1036;1040;178
1037;1040;294
1038;1034;100
1038;1036;166
1038;1042;187
1039;1042;222
1040;1036;178
1040;1037;294
1041;1044;141
1042;1038;187
1042;1039;222
1042;1046;127
1043;1045;232
1044;1041;141
1044;1048;137
1045;1043;232
1045;1048;100
1046;1042;127
1046;1048;273
1047;1048;135
1047;1049;222
1048;1044;137
1048;1045;100
1048;1046;273
1048;1047;135
1048;1050;253
1049;1047;222
1049;1051;249
1050;1048;253
1051;1049;249
1051;1052;265
1052;1051;265
1052;1056;301
1053;1054;151
1053;1055;130
1054;1053;151
1054;1056;105
1054;1057;402
1055;1053;130
1056;1052;301
1056;1054;105
1057;1054;402
1057;1058;130
1058;1057;130
1058;1059;115
1058;1061;100
1059;1058;115
1060;1061;257
1061;1058;100
1061;1060;257
1061;1062;131
1061;1065;172
1062;1061;131
1062;1063;128
1062;1064;122
1063;1062;128
1064;1062;122
1064;1068;347
1065;1061;172
1066;1067;154
1066;1068;168
1066;1070;141
1067;1066;154
1068;1064;347
1068;1066;168
1069;1073;176
1070;1066;141
1070;1071;270
1070;1073;278
1071;1070;270
1071;1072;130
1071;1075;108
1072;1071;130
1072;1074;191
1073;1069;176
1073;1070;278
1074;1072;191
1075;1071;108
1075;1076;181
1076;1075;181
1076;1079;171
1077;1079;134
1078;1079;209
1079;1076;171
1079;1077;134
1079;1078;209
1079;1081;443
1079;1082;169
1080;1083;130
1081;1079;443
1082;1079;169
1082;1083;328
1082;1084;199
1083;1080;130
1083;1082;328
1084;1082;199
1084;1085;206
1085;1084;206
1085;1087;181
1086;1089;178
1086;1090;236
1087;1085;181
1087;1088;254
1087;1091;136
1088;1087;254
1088;1089;214
1088;1092;420
1089;1086;178
1089;1088;214
1090;1086;236
1091;1087;136
1091;1095;156
1092;1088;420
1092;1094;175
1093;1095;317
1094;1092;175
1094;1096;155
1094;1098;446
1095;1091;156
1095;1093;317
1096;1094;155
1096;1097;128
1096;1100;106
1097;1096;128
1097;1101;133
1098;1094;446
1099;1103;457
1100;1096;106
1100;1103;233
1101;1097;133
1101;1105;161
1102;1103;108
1103;1099;457
1103;1100;233
1103;1102;108
1104;1105;271
1105;1101;161
1105;1104;271
1105;1106;339
1106;1105;339
1106;1108;283
1107;1108;473
1107;1109;144
1107;1111;252
1108;1106;283
1108;1107;473
1109;1107;144
1109;1113;196
1110;1114;378
1111;1107;252
1111;1112;203
1112;1111;203
1112;1115;344
1113;1109;196
1114;1110;378
1114;1118;251
1115;1112;344
1115;1117;118
1116;1117;106
1116;1120;324
1117;1115;118
1117;1116;106
1117;1119;422
1118;1114;251
1118;1120;263
1119;1117;422
1119;1122;400
1120;1116;324
1120;1118;263
1120;1121;143
1121;1120;143
1122;1119;400
1122;1124;342
1123;1124;271
1123;1125;135
1124;1122;342
1124;1123;271
1124;1128;379
1125;1123;135
1125;1126;181
1126;1125;181
1126;1129;206
1127;1131;149
1128;1124;379
1129;1126;206
1129;1133;167
1130;1132;103
1131;1127;149
1131;1133;362
1132;1130;103
1132;1134;254
1133;1129;167
1133;1131;362
1133;1136;239
1134;1132;254
1134;1136;302
1134;1138;110
1135;1138;316
1136;1133;239
1136;1134;302
1136;1137;143
1137;1136;143
1137;1141;303
1138;1134;110
1138;1135;316
1139;1141;334
1139;1143;207
1140;1143;441
1141;1137;303
1141;1139;334
1141;1142;108
1141;1145;170
1142;1141;108
1143;1139;207
1143;1140;441
1143;1146;106
1144;1146;157
1145;1141;170
1146;1143;106
1146;1144;157
1146;1148;155
1147;1150;191
1148;1146;155
1148;1150;159
1148;1152;351
1149;1150;287
1150;1147;191
1150;1148;159
1150;1149;287
1150;1154;278
1151;1153;174
1151;1154;214
1152;1148;351
1153;1151;174
1153;1156;124
1154;1150;278
1154;1151;214
1155;1157;311
1156;1153;124
1156;1157;208
1156;1160;354
1157;1155;311
1157;1156;208
1157;1158;202
1158;1157;202
1159;1161;429
1159;1162;358
1160;1156;354
1160;1164;273
1161;1159;429
1161;1165;376
1162;1159;358
1162;1164;472
1163;1164;272
1164;1160;273
1164;1162;472
1164;1163;272
1165;1161;376
1165;1166;216
1165;1167;168
1166;1165;216
1166;1169;277
1167;1165;168
1167;1171;112
1168;1171;221
1169;1166;277
1169;1173;237
1170;1171;279
1170;1174;354
1171;1167;112
1171;1168;221
1171;1170;279
1171;1172;271
1172;1171;271
1173;1169;237
1173;1176;431
1174;1170;354
1174;1178;336
1175;1179;293
1176;1173;431
1177;1180;365
1178;1174;336
1178;1182;112
1179;1175;293
1179;1180;288
1180;1177;365
1180;1179;288
1180;1181;257
1180;1183;250
1181;1180;257
1181;1184;139
1182;1178;112
1182;1183;222
1183;1180;250
1183;1182;222
1184;1181;139
1184;1188;276
1185;1186;202
1186;1185;202
1186;1189;131
1187;1188;233
1187;1191;190
1188;1184;276
1188;1187;233
1189;1186;131
1189;1191;205
1190;1193;153
1191;1187;190
1191;1189;205
1191;1192;351
1192;1191;351
1192;1194;218
1192;1196;105
1193;1190;153
1193;1194;308
1194;1192;218
1194;1193;308
1195;1197;147
1196;1192;105
1196;1199;164
1197;1195;147
1197;1200;199
1198;1199;157
1199;1196;164
1199;1198;157
1199;1202;220
1200;1197;199
1200;1204;173
1201;1202;126
1202;1199;220
1202;1201;126
1202;1203;395
1202;1205;178
1203;1202;395
1204;1200;173
1204;1205;181
1204;1208;109
1205;1202;178
1205;1204;181
1205;1206;147
1206;1205;147
1207;1209;210
1208;1204;109
1208;1211;275
1209;1207;210
1209;1210;249
1210;1209;249
1210;1212;155
1211;1208;275
1211;1212;281
1212;1210;155
1212;1211;281
1212;1214;148
1213;1214;161
1214;1212;148
1214;1213;161
1214;1215;263
1215;1214;263
1215;1216;295
1216;1215;295
1216;1218;333
1217;1221;135
1218;1216;333
1218;1222;246
1219;1221;155
1220;1221;116
1220;1222;140
1221;1217;135
1221;1219;155
1221;1220;116
1221;1224;385
1222;1218;246
1222;1220;140
1222;1223;398
1223;1222;398
1224;1221;385
1224;1225;478
1224;1227;184
1225;1224;478
1225;1226;149
1226;1225;149
1226;1230;316
1227;1224;184
1228;1231;562
1229;1233;126
1230;1226;316
1230;1231;120
1230;1234;212
1231;1228;562
1231;1230;120
1231;1232;110
1232;1231;110
1233;1229;126
1233;1236;249
1234;1230;212
1234;1237;229
1235;1236;134
1235;1237;272
1235;1238;119
1236;1233;249
1236;1235;134
1237;1234;229
1237;1235;272
1237;1239;233
1238;1235;119
1238;1242;190
1239;1237;233
1240;1243;146
1241;1244;117
1242;1238;190
1242;1243;136
1242;1245;131
1243;1240;146
1243;1242;136
1244;1241;117
1244;1248;101
1245;1242;131
1245;1248;183
1246;1247;291
1246;1250;260
1247;1246;291
1248;1244;101
1248;1245;183
1248;1250;344
1249;1250;262
1250;1246;260
1250;1248;344
1250;1249;262
1250;1254;251
1251;1252;252
1251;1253;235
1252;1251;252
1252;1254;334
1252;1256;291
1253;1251;235
1254;1250;251
1254;1252;334
1255;1259;332
1256;1252;291
1256;1259;115
1257;1258;117
1257;1261;139
1258;1257;117
1259;1255;332
1259;1256;115
1259;1262;228
1260;1264;271
1261;1257;139
1261;1263;138
1262;1259;228
1262;1263;177
1263;1261;138
1263;1262;177
1263;1265;148
1263;1267;185
1264;1260;271
1264;1267;102
1265;1263;148
1266;1268;140
1267;1263;185
1267;1264;102
1267;1268;259
1267;1271;167
1268;1266;140
1268;1267;259
1269;1271;266
1270;1271;175
1270;1273;301
1271;1267;167
1271;1269;266
1271;1270;175
1271;1272;103
1272;1271;103
1272;1276;113
1273;1270;301
1273;1274;121
1274;1273;121
1275;1277;122
1275;1279;116
1276;1272;113
1276;1278;272
1277;1275;122
1277;1278;258
1278;1276;272
1278;1277;258
1279;1275;116
1279;1280;179
1279;1281;197
1280;1279;179
1281;1279;197
1281;1282;137
1282;1281;137
1282;1284;226
1283;1287;207
1284;1282;226
1284;1287;106
1285;1286;116
1285;1289;127
1286;1285;116
1287;1283;207
1287;1284;106
1287;1289;206
1287;1290;232
1287;1291;301
1288;1290;150
1289;1285;127
1289;1287;206
1290;1287;232
1290;1288;150
1290;1292;253
1291;1287;301
1291;1293;264
1291;1294;511
1292;1290;253
1293;1291;264
1293;1297;261
1294;1291;511
1295;1296;295
1296;1295;295
1296;1299;263
1296;1300;326
1297;1293;261
1297;1299;236
1298;1299;106
1299;1296;263
1299;1297;236
1299;1298;106
1300;1296;326
1300;1301;135
1301;1300;135
1301;1303;252
1301;1304;128
1302;1303;122
1303;1301;252
1303;1302;122
1304;1301;128
1304;1305;310
1305;1304;310
1305;1307;230
1306;1307;136
1307;1305;230
1307;1306;136
1307;1308;111
1308;1307;111
1308;1310;288
1308;1311;349
1308;1312;326
1309;1313;136
1310;1308;288
1310;1313;305
1310;1314;172
1311;1308;349
1312;1308;326
1312;1315;205
1313;1309;136
1313;1310;305
1313;1317;149
1314;1310;172
1315;1312;205
1315;1316;249
1315;1318;288
1315;1319;431
1316;1315;249
1317;1313;149
1318;1315;288
1319;1315;431
1319;1321;204
1320;1322;257
1321;1319;204
1321;1322;158
1321;1324;102
1321;1325;227
1322;1320;257
1322;1321;158
1323;1325;160
1324;1321;102
1324;1326;162
1325;1321;227
1325;1323;160
1325;1328;297
1326;1324;162
1327;1328;224
1327;1331;178
1328;1325;297
1328;1327;224
1329;1330;464
1329;1331;164
1330;1329;464
1330;1333;382
1330;1334;306
1331;1327;178
1331;1329;164
1331;1332;425
1332;1331;425
1332;1336;137
1333;1330;382
1334;1330;306
1334;1338;218
1335;1336;244
1335;1337;206
1336;1332;137
1336;1335;244
1337;1335;206
1337;1339;190
1338;1334;218
1338;1341;112
1339;1337;190
1340;1344;393
1341;1338;112
1341;1342;292
1341;1343;193
1342;1341;292
1343;1341;193
1343;1344;254
1343;1346;276
1344;1340;393
1344;1343;254
1345;1346;169
1345;1348;117
1346;1343;276
1346;1345;169
1347;1348;128
1347;1349;252
1348;1345;117
1348;1347;128
1349;1347;252
1349;1352;519
1350;1352;245
1350;1353;504
1351;1352;373
1352;1349;519
1352;1350;245
1352;1351;373
1352;1354;127
1352;1355;141
1352;1356;129
1353;1350;504
1354;1352;127
1355;1352;141
1356;1352;129
1356;1360;312
1357;1358;459
1358;1357;459
1358;1360;268
1358;1361;100
1359;1360;104
1359;1362;123
1360;1356;312
1360;1358;268
1360;1359;104
1361;1358;100
1361;1364;218
1362;1359;123
1363;1366;173
1364;1361;218
1364;1366;114
1365;1366;173
1366;1363;173
1366;1364;114
1366;1365;173
1366;1368;296
1367;1369;168
1368;1366;296
1368;1371;248
1369;1367;168
1369;1370;127
1370;1369;127
1370;1373;112
1371;1368;248
1371;1372;192
1371;1374;171
1372;1371;192
1372;1376;129
1373;1370;112
1373;1376;170
1374;1371;171
1375;1378;111
1376;1372;129
1376;1373;170
1376;1377;218
1377;1376;218
1377;1378;212
1377;1380;290
1378;1375;111
1378;1377;212
1378;1379;233
1378;1381;191
1379;1378;233
1380;1377;290
1380;1382;274
1380;1383;153
1381;1378;191
1381;1384;222
1382;1380;274
1383;1380;153
1383;1386;109
1384;1381;222
1385;1386;111
1386;1383;109
1386;1385;111
1386;1388;273
1386;1390;256
1387;1389;366
1387;1391;200
1388;1386;273
1388;1392;233
1389;1387;366
1390;1386;256
1390;1394;136
1391;1387;200
1391;1393;160
1392;1388;233
1393;1391;160
1393;1394;357
1393;1397;173
1394;1390;136
1394;1393;357
1394;1395;166
1395;1394;166
1395;1396;312
1396;1395;312
1396;1400;321
1397;1393;173
1397;1399;147
1398;1400;482
1399;1397;147
1400;1396;321
1400;1398;482
1400;1401;122
1401;1400;122
1401;1402;336
1401;1405;190
1402;1401;336
1403;1406;115
1404;1407;517
1405;1401;190
1405;1408;153
1406;1403;115
1406;1408;372
1407;1404;517
1407;1408;101
1408;1405;153
1408;1406;372
1408;1407;101
1408;1409;177
1408;1412;163
1409;1408;177
1409;1410;160
1410;1409;160
1410;1411;271
1411;1410;271
1411;1415;148
1412;1408;163
1413;1415;225
1414;1415;281
1414;1418;189
1415;1411;148
1415;1413;225
1415;1414;281
1415;1417;108
1416;1418;367
1417;1415;108
1418;1414;189
1418;1416;367
1418;1422;280
1419;1420;267
1419;1421;231
1420;1419;267
1421;1419;231
1421;1423;247
1422;1418;280
1422;1423;166
1422;1426;137
1423;1421;247
1423;1422;166
1423;1427;339
1424;1427;336
1425;1428;112
1426;1422;137
1426;1429;242
1427;1423;339
1427;1424;336
1428;1425;112
1428;1429;241
1428;1431;223
1428;1432;358
1429;1426;242
1429;1428;241
1429;1433;190
1430;1432;267
1430;1434;328
1431;1428;223
1432;1428;358
1432;1430;267
1432;1435;306
1433;1429;190
1433;1437;348
1434;1430;328
1434;1436;329
1435;1432;306
1435;1438;235
1436;1434;329
1437;1433;348
1437;1441;341
1438;1435;235
1438;1440;323
1439;1443;323
1440;1438;323
1441;1437;341
1441;1442;188
1441;1443;306
1442;1441;188
1443;1439;323
1443;1441;306
1443;1444;171
1444;1443;171
1444;1447;131
1445;1446;138
1445;1448;135
1446;1445;138
1446;1449;329
1447;1444;131
1447;1448;213
1448;1445;135
1448;1447;213
1448;1451;403
1449;1446;329
1449;1452;522
1450;1451;317
1451;1448;403
1451;1450;317
1451;1453;176
1451;1455;204
1452;1449;522
1453;1451;176
1453;1454;159
1453;1457;190
1454;1453;159
1455;1451;204
1455;1456;203
1455;1458;293
1456;1455;203
1456;1460;172
1457;1453;190
1457;1459;275
1458;1455;293
1459;1457;275
1460;1456;172
1460;1464;141
1461;1462;108
1462;1461;108
1462;1463;170
1462;1464;250
1463;1462;170
1463;1465;444
1464;1460;141
1464;1462;250
1464;1466;438
1465;1463;444
1465;1469;421
1466;1464;438
1467;1468;336
1467;1470;121
1468;1467;336
1469;1465;421
1469;1470;154
1470;1467;121
1470;1469;154
1470;1471;247
1470;1474;164
1471;1470;247
1471;1472;114
1472;1471;114
1472;1473;310
1473;1472;310
1474;1470;164
1474;1477;118
1474;1478;222
1475;1479;143
1476;1477;178
1476;1479;118
1477;1474;118
1477;1476;178
1478;1474;222
1478;1480;159
1479;1475;143
1479;1476;118
1480;1478;159
1480;1482;242
1481;1482;210
1481;1483;249
1481;1484;172
1482;1480;242
1482;1481;210
1483;1481;249
1484;1481;172
1484;1487;131
1484;1488;155
1485;1489;261
1486;1488;311
1487;1484;131
1487;1489;294
1487;1490;396
1488;1484;155
1488;1486;311
1488;1491;504
1489;1485;261
1489;1487;294
1490;1487;396
1491;1488;504
1491;1492;272
1491;1495;119
1492;1491;272
1492;1493;476
1493;1492;476
1494;1495;131
1495;1491;119
1495;1494;131
1495;1496;187
1496;1495;187
1496;1499;250
1496;1500;285
1497;1501;231
1498;1500;181
1499;1496;250
1499;1502;234
1500;1496;285
1500;1498;181
1501;1497;231
1501;1502;196
1501;1503;230
1502;1499;234
1502;1501;196
1502;1506;453
1503;1501;230
1504;1507;183
1505;1507;271
1505;1508;274
1506;1502;453
1506;1508;204
1507;1504;183
1507;1505;271
1508;1505;274
1508;1506;204
1508;1512;340
1509;1510;245
1509;1512;115
1509;1513;414
1510;1509;245
1510;1511;260
1510;1514;267
1511;1510;260
1512;1508;340
1512;1509;115
1512;1515;100
1513;1509;414
1514;1510;267
1515;1512;100
1515;1516;300
1516;1515;300
1516;1517;148
1516;1518;106
1516;1519;351
1517;1516;148
1518;1516;106
1519;1516;351
1519;1520;123
1519;1523;323
1520;1519;123
1520;1522;119
1521;1523;259
1522;1520;119
1523;1519;323
1523;1521;259
1523;1524;119
1524;1523;119
1524;1525;100
1524;1526;151
1524;1528;294
1525;1524;100
1525;1529;186
1526;1524;151
1526;1530;135
1527;1529;239
1528;1524;294
1528;1531;292
1528;1532;150
1529;1525;186
1529;1527;239
1530;1526;135
1530;1533;151
1531;1528;292
1532;1528;150
1532;1536;104
1533;1530;151
1533;1534;189
1533;1535;200
1534;1533;189
1535;1533;200
1536;1532;104
1536;1540;489
1537;1538;168
1537;1539;206
1537;1540;301
1538;1537;168
1539;1537;206
1540;1536;489
1540;1537;301
1540;1544;322
1541;1543;281
1542;1544;185
1542;1545;277
1543;1541;281
1543;1544;112
1544;1540;322
1544;1542;185
1544;1543;112
1544;1546;219
1545;1542;277
1545;1547;164
1546;1544;219
1546;1549;382
1547;1545;164
1548;1549;155
1549;1546;382
1549;1548;155
1549;1550;284
1550;1549;284
1550;1551;157
1551;1550;157
1551;1554;499
1552;1553;490
1553;1552;490
1553;1554;491
1554;1551;499
1554;1553;491
1554;1556;368
1554;1558;282
1555;1557;130
1555;1559;418
1556;1554;368
1557;1555;130
1558;1554;282
1558;1562;202
1559;1555;418
1559;1563;128
1560;1561;154
1560;1562;278
1561;1560;154
1561;1563;220
1561;1564;136
1562;1558;202
1562;1560;278
1563;1559;128
1563;1561;220
1563;1565;234
1564;1561;136
1565;1563;234
1565;1566;262
1565;1569;315
1566;1565;262
1566;1570;134
1567;1571;432
1568;1569;207
1568;1571;102
1569;1565;315
1569;1568;207
1570;1566;134
1571;1567;432
1571;1568;102
1571;1573;154
1572;1573;359
1573;1571;154
1573;1572;359
1573;1575;112
1573;1576;189
1574;1575;183
1574;1577;170
1574;1578;284
1575;1573;112
1575;1574;183
1576;1573;189
1576;1579;175
1577;1574;170
1578;1574;284
1579;1576;175
1579;1580;324
1580;1579;324
1580;1584;234
1581;1584;180
1581;1585;167
1582;1583;110
1583;1582;110
1583;1584;213
1583;1586;203
1584;1580;234
1584;1581;180
1584;1583;213
1584;1588;166
1585;1581;167
1586;1583;203
1586;1590;137
