0;1;109
1;0;109
1;2;645
1;4;392
2;1;645
3;5;496
4;1;392
4;6;325
4;7;252
5;3;496
5;6;313
6;4;325
6;5;313
6;10;159
7;4;252
8;12;110
9;11;106
10;6;159
10;12;166
10;13;229
10;14;278
11;9;106
11;15;177
12;8;110
12;10;166
12;15;186
13;10;229
13;16;332
14;10;278
14;18;221
15;11;177
15;12;186
15;19;472
16;13;332
17;20;303
18;14;221
19;15;472
19;21;350
19;22;462
20;17;303
20;24;484
21;19;350
21;23;260
22;19;462
23;21;260
23;27;270
24;20;484
24;26;194
25;29;224
26;24;194
26;28;301
27;23;270
27;30;251
28;26;301
28;29;111
29;25;224
29;28;111
29;32;164
30;27;251
30;32;355
30;33;383
31;33;266
32;29;164
32;30;355
33;30;383
33;31;266
33;37;234
34;35;104
34;37;233
35;34;104
36;37;183
36;39;161
36;40;491
37;33;234
37;34;233
37;36;183
38;39;319
39;36;161
39;38;319
40;36;491
40;42;191
41;42;547
42;40;191
42;41;547
42;43;231
43;42;231
43;45;253
43;47;204
44;48;148
45;43;253
45;48;188
46;50;403
47;43;204
47;49;187
48;44;148
48;45;188
48;50;171
48;52;261
49;47;187
50;46;403
50;48;171
50;51;177
50;53;150
51;50;177
52;48;261
53;50;150
53;57;119
54;55;413
55;54;413
55;59;240
56;57;131
56;59;181
57;53;119
57;56;131
57;61;202
58;60;247
59;55;240
59;56;181
60;58;247
60;61;141
61;57;202
61;60;141
61;62;285
61;65;432
62;61;285
63;67;223
64;66;128
64;67;385
65;61;432
65;68;387
66;64;128
66;68;439
67;63;223
67;64;385
67;69;178
67;71;305
68;65;387
68;66;439
69;67;178
70;73;541
71;67;305
71;73;195
71;75;212
72;73;221
72;74;150
73;70;541
73;71;195
73;72;221
73;77;379
74;72;150
75;71;212
75;76;145
76;75;145
76;80;516
77;73;379
78;79;606
79;78;606
79;81;126
79;82;230
79;83;311
80;76;516
80;81;285
81;79;126
81;80;285
81;84;290
82;79;230
83;79;311
83;86;287
83;87;281
84;81;290
85;88;294
86;83;287
87;83;281
87;89;241
87;90;202
88;85;294
88;89;118
88;92;455
89;87;241
89;88;118
90;87;202
91;92;337
91;94;230
92;88;455
92;91;337
93;94;194
93;95;335
94;91;230
94;93;194
95;93;335
95;96;165
95;97;290
96;95;165
96;100;455
97;95;290
97;101;260
98;99;195
99;98;195
99;103;415
100;96;455
101;97;260
101;104;418
102;104;195
103;99;415
103;107;152
104;101;418
104;102;195
104;106;429
105;106;241
105;109;213
106;104;429
106;105;241
106;107;140
107;103;152
107;106;140
107;108;145
108;107;145
109;105;213
109;110;197
110;109;197
110;112;354
111;115;492
112;110;354
112;113;292
113;112;292
113;115;220
114;117;213
115;111;492
115;113;220
115;116;217
116;115;217
116;119;169
117;114;213
117;119;238
117;121;135
118;120;156
118;121;171
119;116;169
119;117;238
120;118;156
120;123;341
120;124;159
121;117;135
121;118;171
122;123;317
123;120;341
123;122;317
123;127;258
124;120;159
125;129;404
126;130;224
127;123;258
127;130;469
128;131;232
129;125;404
129;132;272
130;126;224
130;127;469
130;133;221
131;128;232
131;132;311
131;134;124
132;129;272
132;131;311
133;130;221
133;134;143
134;131;124
134;133;143
134;136;128
135;138;105
136;134;128
136;138;176
137;138;261
137;139;271
137;140;200
138;135;105
138;136;176
138;137;261
139;137;271
140;137;200
140;144;252
141;142;140
141;144;208
142;141;140
142;146;193
143;145;184
144;140;252
144;141;208
145;143;184
145;146;286
146;142;193
146;145;286
146;148;128
147;149;247
148;146;128
148;150;131
149;147;247
149;150;189
149;153;228
150;148;131
150;149;189
151;153;571
152;156;260
153;149;228
153;151;571
153;156;321
154;156;161
155;158;162
156;152;260
156;153;321
156;154;161
156;157;231
156;158;121
157;156;231
157;161;248
158;155;162
158;156;121
159;161;119
160;161;119
160;162;183
160;164;115
161;157;248
161;159;119
161;160;119
162;160;183
162;165;328
163;165;355
164;160;115
164;167;157
165;162;328
165;163;355
165;166;547
166;165;547
167;164;157
167;168;220
167;169;313
167;171;171
168;167;220
169;167;313
170;174;159
171;167;171
171;175;249
172;174;274
173;174;230
174;170;159
174;172;274
174;173;230
174;176;323
175;171;249
175;178;101
175;179;432
176;174;323
176;177;334
177;176;334
177;180;277
178;175;101
179;175;432
179;180;238
180;177;277
180;179;238
180;184;414
181;185;342
182;185;130
182;186;205
183;185;167
184;180;414
184;188;336
185;181;342
185;182;130
185;183;167
186;182;205
186;189;345
187;189;306
188;184;336
188;190;332
189;186;345
189;187;306
189;190;211
190;188;332
190;189;211
190;191;180
191;190;180
191;194;125
192;194;177
192;195;245
193;197;219
194;191;125
194;192;177
194;196;218
194;198;160
195;192;245
195;197;241
196;194;218
197;193;219
197;195;241
197;199;269
198;194;160
199;197;269
199;201;107
199;202;148
200;203;165
201;199;107
201;203;148
202;199;148
202;205;320
202;206;224
203;200;165
203;201;148
203;207;541
204;205;147
205;202;320
205;204;147
206;202;224
207;203;541
207;208;341
208;207;341
208;211;332
208;212;360
209;210;150
210;209;150
210;211;315
211;208;332
211;210;315
211;214;300
212;208;360
212;216;212
213;216;218
213;217;349
214;211;300
215;216;194
216;212;212
216;213;218
216;215;194
216;218;197
217;213;349
218;216;197
218;219;375
218;222;269
219;218;375
220;223;396
221;223;103
222;218;269
222;225;164
223;220;396
223;221;103
223;225;104
224;226;289
224;228;121
225;222;164
225;223;104
225;226;394
226;224;289
226;225;394
226;229;247
227;229;197
228;224;121
228;230;392
229;226;247
229;227;197
229;233;285
230;228;392
231;235;200
232;233;127
232;235;376
233;229;285
233;232;127
233;237;203
234;235;120
234;236;279
234;238;300
235;231;200
235;232;376
235;234;120
236;234;279
237;233;203
237;239;104
238;234;300
239;237;104
239;241;251
239;242;292
240;243;409
241;239;251
242;239;292
242;243;184
242;244;183
242;246;120
243;240;409
243;242;184
244;242;183
244;245;205
245;244;205
246;242;120
246;247;117
246;248;178
246;249;136
247;246;117
248;246;178
248;250;261
248;251;146
249;246;136
250;248;261
251;248;146
251;252;298
251;253;271
251;255;292
252;251;298
253;251;271
254;255;116
255;251;292
255;254;116
255;257;302
255;259;230
256;257;230
257;255;302
257;256;230
257;258;593
258;257;593
259;255;230
259;261;238
260;261;193
261;259;238
261;260;193
261;262;309
261;264;313
262;261;309
263;264;212
264;261;313
264;263;212
264;265;210
264;266;133
264;268;358
265;264;210
266;264;133
266;269;413
267;270;230
268;264;358
269;266;413
269;273;227
270;267;230
270;271;224
270;272;206
270;274;180
271;270;224
271;275;244
272;270;206
273;269;227
273;277;237
274;270;180
274;276;155
274;277;150
274;278;144
275;271;244
276;274;155
277;273;237
277;274;150
277;279;329
278;274;144
278;282;328
279;277;329
279;280;123
279;281;409
280;279;123
281;279;409
282;278;328
282;283;181
282;285;208
282;286;323
283;282;181
284;287;406
285;282;208
286;282;323
286;287;308
287;284;406
287;286;308
287;288;228
288;287;228
288;289;262
288;290;260
289;288;262
290;288;260
290;292;188
291;292;191
292;290;188
292;291;191
292;294;248
293;294;178
293;297;203
294;292;248
294;293;178
294;296;177
295;296;100
296;294;177
296;295;100
297;293;203
297;298;193
297;299;190
297;300;153
298;297;193
298;301;215
299;297;190
299;302;169
300;297;153
301;298;215
301;303;178
301;305;105
302;299;169
303;301;178
303;304;198
304;303;198
304;307;230
304;308;168
305;301;105
306;309;179
306;310;200
307;304;230
307;311;166
308;304;168
308;309;154
309;306;179
309;308;154
309;312;213
310;306;200
311;307;166
311;314;113
312;309;213
313;317;499
314;311;113
314;315;276
314;318;126
315;314;276
316;318;271
316;319;150
316;320;273
317;313;499
317;319;154
318;314;126
318;316;271
319;316;150
319;317;154
320;316;273
320;321;203
320;323;250
321;320;203
322;323;354
322;324;335
323;320;250
323;322;354
323;326;146
323;327;206
324;322;335
324;328;251
325;327;320
326;323;146
326;329;178
327;323;206
327;325;320
327;330;205
328;324;251
329;326;178
329;332;197
330;327;205
330;333;129
331;332;329
332;329;197
332;331;329
333;330;129
333;334;451
334;333;451
334;335;412
335;334;412
335;336;468
336;335;468
336;338;205
337;340;318
338;336;205
338;341;252
339;341;340
340;337;318
340;342;342
341;338;252
341;339;340
341;342;212
342;340;342
342;341;212
342;346;177
343;345;257
344;346;355
345;343;257
345;347;352
345;348;254
346;342;177
346;344;355
346;347;145
347;345;352
347;346;145
347;349;106
347;350;161
348;345;254
348;351;235
349;347;106
349;352;221
350;347;161
351;348;235
351;353;101
352;349;221
352;354;142
353;351;101
353;355;465
354;352;142
355;353;465
355;356;117
355;357;153
356;355;117
356;360;392
357;355;153
357;358;239
357;359;158
358;357;239
359;357;158
359;361;397
360;356;392
360;364;413
361;359;397
362;364;373
363;367;531
364;360;413
364;362;373
364;366;227
365;367;193
366;364;227
366;369;125
366;370;284
367;363;531
367;365;193
367;371;147
368;369;458
369;366;125
369;368;458
370;366;284
370;371;272
371;367;147
371;370;272
371;372;243
372;371;243
372;376;385
373;376;264
374;375;172
375;374;172
375;377;185
376;372;385
376;373;264
376;377;174
376;378;150
376;380;289
377;375;185
377;376;174
377;379;294
377;381;463
378;376;150
378;382;195
379;377;294
380;376;289
381;377;463
382;378;195
382;386;165
383;386;108
384;387;283
384;388;129
385;387;326
385;389;183
386;382;165
386;383;108
386;390;214
387;384;283
387;385;326
388;384;129
389;385;183
389;390;122
389;391;256
390;386;214
390;389;122
390;393;103
391;389;256
392;395;310
393;390;103
393;394;367
394;393;367
394;395;113
395;392;310
395;394;113
395;396;120
396;395;120
396;397;296
397;396;296
397;399;256
398;401;142
399;397;256
399;402;237
399;403;216
400;403;129
401;398;142
401;404;279
402;399;237
402;404;229
403;399;216
403;400;129
403;406;303
404;401;279
404;402;229
404;408;181
405;406;142
406;403;303
406;405;142
406;409;131
407;408;126
408;404;181
408;407;126
408;410;133
409;406;131
410;408;133
410;411;291
411;410;291
411;412;232
412;411;232
412;413;311
412;414;341
413;412;311
414;412;341
414;416;237
415;417;383
416;414;237
416;419;354
417;415;383
417;420;139
418;419;188
418;421;305
419;416;354
419;418;188
420;417;139
420;424;172
421;418;305
421;422;327
421;424;156
422;421;327
423;425;294
423;427;134
424;420;172
424;421;156
424;427;161
425;423;294
425;428;302
426;427;364
427;423;134
427;424;161
427;426;364
428;425;302
428;430;212
428;432;100
429;430;142
430;428;212
430;429;142
431;434;165
432;428;100
432;433;388
433;432;388
433;434;243
433;435;169
433;436;300
434;431;165
434;433;243
434;438;340
435;433;169
436;433;300
436;437;271
436;439;310
437;436;271
438;434;340
439;436;310
439;440;146
439;443;185
440;439;146
440;444;215
441;444;110
442;445;324
443;439;185
443;445;252
444;440;215
444;441;110
445;442;324
445;443;252
445;447;218
446;450;307
447;445;218
447;451;250
448;450;188
448;451;106
448;452;156
449;452;146
450;446;307
450;448;188
451;447;250
451;448;106
451;455;222
452;448;156
452;449;146
452;453;181
453;452;181
454;455;185
455;451;222
455;454;185
455;456;297
455;457;370
456;455;297
457;455;370
457;461;202
458;459;330
458;462;313
459;458;330
459;460;210
459;461;287
460;459;210
461;457;202
461;459;287
461;463;276
462;458;313
463;461;276
463;464;160
463;467;292
464;463;160
464;466;203
465;466;318
466;464;203
466;465;318
467;463;292
467;470;199
468;469;462
468;472;292
469;468;462
470;467;199
470;471;179
471;470;179
471;473;282
472;468;292
472;474;361
473;471;282
473;475;278
473;476;180
474;472;361
474;476;250
474;477;225
475;473;278
476;473;180
476;474;250
476;480;109
477;474;225
477;479;150
478;479;349
478;481;235
479;477;150
479;478;349
480;476;109
481;478;235
481;482;228
481;484;103
481;485;394
482;481;228
482;483;302
483;482;302
483;486;249
484;481;103
484;487;189
484;488;441
485;481;394
486;483;249
487;484;189
487;490;106
487;491;333
488;484;441
489;490;349
490;487;106
490;489;349
490;492;109
491;487;333
492;490;109
492;493;123
493;492;123
493;494;386
494;493;386
494;495;318
495;494;318
495;498;250
496;497;129
497;496;129
497;501;370
498;495;250
498;501;268
499;501;415
499;503;363
500;501;133
501;497;370
501;498;268
501;499;415
501;500;133
501;504;179
502;505;144
502;506;188
503;499;363
504;501;179
504;505;219
505;502;144
505;504;219
506;502;188
506;508;242
506;509;212
507;510;172
508;506;242
508;510;103
508;512;145
509;506;212
510;507;172
510;508;103
511;515;260
512;508;145
512;513;122
513;512;122
513;517;185
514;515;312
514;516;254
515;511;260
515;514;312
516;514;254
516;518;150
516;519;583
517;513;185
517;518;101
517;520;115
518;516;150
518;517;101
519;516;583
520;517;115
520;521;451
521;520;451
521;522;176
522;521;176
522;523;139
523;522;139
523;525;114
523;526;172
524;527;247
525;523;114
525;528;266
526;523;172
526;530;125
527;524;247
527;531;190
528;525;266
529;531;382
530;526;125
530;531;134
530;532;227
531;527;190
531;529;382
531;530;134
532;530;227
532;533;163
532;535;184
533;532;163
533;537;329
534;536;251
534;537;172
535;532;184
535;538;276
536;534;251
537;533;329
537;534;172
537;540;335
538;535;276
538;539;199
539;538;199
539;543;238
540;537;335
540;541;113
541;540;113
541;544;180
542;545;117
542;546;334
543;539;238
544;541;180
544;545;181
545;542;117
545;544;181
545;547;258
545;548;574
546;542;334
547;545;258
547;549;129
548;545;574
549;547;129
549;550;304
550;549;304
550;551;137
550;553;125
551;550;137
552;556;151
553;550;125
553;556;233
554;556;447
554;558;373
555;559;149
556;552;151
556;553;233
556;554;447
557;558;299
558;554;373
558;557;299
558;559;241
558;561;109
559;555;149
559;558;241
559;562;170
560;562;205
561;558;109
562;559;170
562;560;205
562;566;390
563;565;251
564;568;416
565;563;251
565;567;519
565;568;188
566;562;390
566;568;218
567;565;519
568;564;416
568;565;188
568;566;218
568;569;246
568;570;296
569;568;246
570;568;296
570;571;144
570;572;231
570;573;124
571;570;144
572;570;231
573;570;124
573;575;112
573;576;269
574;576;290
575;573;112
576;573;269
576;574;290
576;579;210
577;580;126
578;579;112
578;582;178
579;576;210
579;578;112
580;577;126
580;581;251
580;584;234
581;580;251
581;582;239
582;578;178
582;581;239
582;586;401
583;585;204
584;580;234
585;583;204
585;586;159
586;582;401
586;585;159
586;588;107
587;588;130
587;589;344
587;590;121
588;586;107
588;587;130
588;591;209
589;587;344
590;587;121
591;588;209
591;593;194
592;595;152
592;596;304
593;591;194
593;594;196
594;593;196
594;598;223
595;592;152
595;598;327
596;592;304
596;600;248
597;600;280
597;601;251
598;594;223
598;595;327
599;602;231
600;596;248
600;597;280
601;597;251
601;604;109
602;599;231
602;606;183
603;604;102
603;605;262
604;601;109
604;603;102
604;606;161
604;608;139
605;603;262
606;602;183
606;604;161
607;611;154
608;604;139
608;611;155
608;612;221
609;610;111
609;612;125
609;613;160
610;609;111
611;607;154
611;608;155
611;614;134
612;608;221
612;609;125
613;609;160
614;611;134
614;615;107
614;618;215
615;614;107
616;618;371
617;621;228
618;614;215
618;616;371
618;621;226
619;622;469
620;623;137
621;617;228
621;618;226
621;622;120
622;619;469
622;621;120
622;624;134
623;620;137
623;626;282
623;627;145
624;622;134
624;628;105
625;628;337
626;623;282
627;623;145
627;629;178
627;630;119
628;624;105
628;625;337
628;629;234
628;631;103
629;627;178
629;628;234
630;627;119
630;632;228
631;628;103
632;630;228
632;633;194
633;632;194
633;634;294
634;633;294
634;635;220
635;634;220
635;637;198
635;639;105
636;639;111
637;635;198
637;640;388
638;640;505
639;635;105
639;636;111
640;637;388
640;638;505
640;641;429
640;642;305
641;640;429
641;644;155
642;640;305
642;643;515
643;642;515
644;641;155
644;646;214
644;648;139
645;646;137
646;644;214
646;645;137
646;649;402
647;648;263
648;644;139
648;647;263
648;652;412
649;646;402
650;652;265
651;652;324
652;648;412
652;650;265
652;651;324
652;654;383
652;655;219
653;655;317
654;652;383
654;657;192
655;652;219
655;653;317
655;656;110
655;659;273
656;655;110
657;654;192
657;658;180
658;657;180
659;655;273
659;661;339
659;663;259
660;662;343
661;659;339
661;665;388
662;660;343
662;665;329
663;659;259
664;668;314
665;661;388
665;662;329
665;666;117
665;668;232
665;669;139
666;665;117
667;668;241
667;671;129
668;664;314
668;665;232
668;667;241
668;672;122
669;665;139
670;672;193
671;667;129
672;668;122
672;670;193
672;675;184
672;676;121
673;676;365
674;675;206
674;677;263
675;672;184
675;674;206
676;672;121
676;673;365
677;674;263
677;679;148
677;681;145
678;679;361
679;677;148
679;678;361
680;683;130
681;677;145
681;683;116
682;684;118
682;685;184
682;686;213
683;680;130
683;681;116
683;684;183
683;687;112
684;682;118
684;683;183
685;682;184
686;682;213
686;688;169
687;683;112
687;690;228
688;686;169
688;692;170
689;691;122
690;687;228
691;689;122
691;692;135
692;688;170
692;691;135
692;695;146
693;694;175
693;695;321
693;696;196
694;693;175
695;692;146
695;693;321
695;697;316
696;693;196
696;698;123
696;699;123
697;695;316
697;701;347
698;696;123
699;696;123
700;703;239
701;697;347
701;704;294
701;705;204
702;706;370
703;700;239
703;707;344
704;701;294
704;707;184
705;701;204
706;702;370
706;710;251
707;703;344
707;704;184
707;710;279
708;710;161
708;711;279
709;710;302
710;706;251
710;707;279
710;708;161
710;709;302
711;708;279
711;712;310
711;713;246
712;711;310
713;711;246
713;714;210
714;713;210
714;717;224
715;719;258
716;718;111
716;719;147
717;714;224
717;719;283
717;721;223
718;716;111
718;720;169
719;715;258
719;716;147
719;717;283
720;718;169
721;717;223
721;723;249
721;725;102
722;723;368
723;721;249
723;722;368
724;725;289
724;727;291
724;728;345
725;721;102
725;724;289
726;729;289
727;724;291
728;724;345
728;729;290
728;732;125
729;726;289
729;728;290
730;731;166
731;730;166
731;732;139
732;728;125
732;731;139
732;733;304
732;735;271
733;732;304
734;735;266
735;732;271
735;734;266
735;737;200
736;738;264
736;740;192
737;735;200
737;739;255
737;740;211
738;736;264
738;742;327
739;737;255
739;741;238
740;736;192
740;737;211
741;739;238
742;738;327
742;744;179
743;744;146
743;747;293
744;742;179
744;743;146
744;746;319
745;747;305
746;744;319
746;748;124
747;743;293
747;745;305
748;746;124
748;750;204
749;751;119
750;748;204
750;754;269
751;749;119
751;752;225
752;751;225
752;754;106
752;755;128
753;757;232
754;750;269
754;752;106
754;756;177
755;752;128
756;754;177
756;759;110
757;753;232
757;760;173
758;759;280
758;761;268
759;756;110
759;758;280
759;763;128
760;757;173
760;762;179
761;758;268
761;762;162
762;760;179
762;761;162
763;759;128
763;764;421
764;763;421
764;767;146
765;766;189
765;768;147
766;765;189
766;770;224
767;764;146
767;768;105
767;771;223
768;765;147
768;767;105
768;769;244
768;772;208
769;768;244
770;766;224
771;767;223
771;773;306
772;768;208
773;771;306
773;774;146
773;775;223
774;773;146
774;777;221
775;773;223
775;778;130
775;779;280
776;777;256
777;774;221
777;776;256
777;781;408
778;775;130
778;780;338
779;775;280
780;778;338
781;777;408
781;784;248
781;785;496
782;783;377
782;784;149
783;782;377
784;781;248
784;782;149
785;781;496
785;787;124
785;788;228
786;788;204
786;790;268
787;785;124
787;789;182
787;791;174
788;785;228
788;786;204
788;792;286
789;787;182
790;786;268
791;787;174
792;788;286
792;795;246
793;795;358
794;798;163
795;792;246
795;793;358
795;799;470
796;800;266
797;801;268
798;794;163
798;799;446
798;801;368
798;802;359
799;795;470
799;798;446
800;796;266
800;801;326
801;797;268
801;798;368
801;800;326
802;798;359
802;806;480
803;805;186
803;806;215
804;805;250
804;807;152
805;803;186
805;804;250
806;802;480
806;803;215
807;804;152
807;810;362
807;811;284
808;812;193
809;812;180
810;807;362
811;807;284
811;813;297
811;814;227
812;808;193
812;809;180
812;815;200
813;811;297
814;811;227
814;815;130
814;817;257
815;812;200
815;814;130
815;816;119
816;815;119
816;820;125
817;814;257
818;819;154
819;818;154
819;823;196
820;816;125
820;821;244
820;822;321
820;823;170
821;820;244
822;820;321
823;819;196
823;820;170
823;824;753
824;823;753
824;827;385
825;827;141
826;829;137
827;824;385
827;825;141
827;828;166
827;829;229
827;830;483
828;827;166
829;826;137
829;827;229
829;833;262
830;827;483
830;834;568
831;835;397
832;833;290
832;836;163
833;829;262
833;832;290
834;830;568
835;831;397
835;838;222
836;832;163
836;840;158
837;839;246
838;835;222
838;841;447
838;842;301
839;837;246
839;841;161
839;843;190
840;836;158
840;842;175
841;838;447
841;839;161
841;845;427
842;838;301
842;840;175
843;839;190
843;844;142
844;843;142
844;846;389
844;848;151
845;841;427
846;844;389
847;850;249
848;844;151
848;851;257
848;852;116
849;852;194
850;847;249
850;853;379
851;848;257
851;854;168
852;848;116
852;849;194
852;855;168
853;850;379
853;857;123
854;851;168
855;852;168
855;859;299
856;858;146
857;853;123
857;860;273
857;861;200
858;856;146
858;859;165
858;861;197
859;855;299
859;858;165
859;862;174
860;857;273
861;857;200
861;858;197
861;864;237
862;859;174
862;866;109
863;866;257
864;861;237
864;868;220
865;869;132
866;862;109
866;863;257
866;870;269
867;870;525
868;864;220
869;865;132
869;873;134
870;866;269
870;867;525
870;873;267
871;873;265
872;876;242
873;869;134
873;870;267
873;871;265
873;875;124
874;875;264
874;876;297
875;873;124
875;874;264
876;872;242
876;874;297
876;877;124
876;879;253
877;876;124
878;879;260
879;876;253
879;878;260
879;882;218
879;883;144
880;881;237
881;880;237
881;882;266
882;879;218
882;881;266
882;885;261
883;879;144
883;887;268
884;886;239
885;882;261
885;888;132
886;884;239
886;887;297
887;883;268
887;886;297
888;885;132
888;890;258
889;890;181
890;888;258
890;889;181
890;891;206
890;893;201
891;890;206
891;895;329
892;893;205
893;890;201
893;892;205
893;896;421
894;897;290
894;898;262
895;891;329
895;898;345
896;893;421
897;894;290
898;894;262
898;895;345
898;900;137
899;901;212
900;898;137
900;901;163
901;899;212
901;900;163
901;902;361
901;903;341
902;901;361
903;901;341
903;907;172
904;905;172
904;906;107
904;907;264
905;904;172
906;904;107
907;903;172
907;904;264
907;908;126
907;909;234
908;907;126
909;907;234
909;912;190
910;914;319
911;915;106
912;909;190
912;913;252
913;912;252
913;914;106
913;916;157
914;910;319
914;913;106
914;917;250
915;911;106
915;916;173
916;913;157
916;915;173
916;919;134
916;920;103
917;914;250
918;920;112
918;921;207
919;916;134
919;923;355
920;916;103
920;918;112
921;918;207
921;924;110
921;925;418
922;923;173
922;926;336
923;919;355
923;922;173
924;921;110
924;927;427
925;921;418
926;922;336
926;928;139
927;924;427
928;926;139
928;930;204
929;930;199
929;931;337
930;928;204
930;929;199
931;929;337
931;932;273
932;931;273
932;934;315
933;934;123
934;932;315
934;933;123
934;936;240
934;938;222
935;937;623
936;934;240
936;940;215
937;935;623
937;940;401
938;934;222
938;941;151
939;941;108
940;936;215
940;937;401
940;942;257
940;943;192
941;938;151
941;939;108
941;944;185
941;945;453
942;940;257
943;940;192
944;941;185
944;948;189
945;941;453
946;949;191
946;950;258
947;948;108
948;944;189
948;947;108
948;950;271
949;946;191
949;953;144
950;946;258
950;948;271
951;952;330
951;953;353
952;951;330
952;954;233
952;956;266
953;949;144
953;951;353
953;955;301
954;952;233
955;953;301
955;958;194
956;952;266
957;959;154
957;960;196
958;955;194
958;959;239
958;962;473
959;957;154
959;958;239
959;961;280
960;957;196
961;959;280
961;965;192
962;958;473
962;963;147
962;964;351
963;962;147
963;966;146
964;962;351
964;968;270
965;961;192
966;963;146
966;969;198
967;969;291
968;964;270
969;966;198
969;967;291
969;970;162
969;971;327
970;969;162
970;972;245
970;973;104
971;969;327
972;970;245
973;970;104
973;974;298
974;973;298
974;978;221
975;976;201
975;978;143
976;975;201
977;978;373
978;974;221
978;975;143
978;977;373
978;981;159
979;981;140
979;982;109
980;981;197
981;978;159
981;979;140
981;980;197
982;979;109
982;984;191
983;987;205
984;982;191
984;987;105
985;986;289
985;988;179
986;985;289
987;983;205
987;984;105
987;989;272
987;990;105
988;985;179
988;989;126
988;991;449
989;987;272
989;988;126
989;992;212
990;987;105
991;988;449
992;989;212
992;995;230
993;994;129
993;995;119
994;993;129
995;992;230
995;993;119
995;999;265
996;997;248
996;1000;254
997;996;248
997;998;305
998;997;305
999;995;265
999;1000;182
999;1001;101
1000;996;254
1000;999;182
1000;1003;157
1000;1004;362
1001;999;101
1002;1003;160
1003;1000;157
1003;1002;160
1003;1005;249
1003;1007;184
1004;1000;362
1005;1003;249
1005;1008;366
1006;1008;113
1007;1003;184
1008;1005;366
1008;1006;113
1008;1009;141
1008;1010;235
1008;1011;224
1008;1012;172
1009;1008;141
1010;1008;235
1011;1008;224
1012;1008;172
1012;1015;297
1012;1016;158
1013;1017;161
1014;1017;279
1015;1012;297
1015;1017;109
1016;1012;158
1016;1020;329
1017;1013;161
1017;1014;279
1017;1015;109
1017;1019;293
1018;1019;318
1019;1017;293
1019;1018;318
1020;1016;329
1020;1022;244
1021;1023;173
1022;1020;244
1022;1026;146
1023;1021;173
1023;1025;152
1024;1025;240
1025;1023;152
1025;1024;240
1025;1026;240
1025;1027;103
1025;1028;125
1026;1022;146
1026;1025;240
1027;1025;103
1027;1030;197
1027;1031;129
1028;1025;125
1028;1029;275
1029;1028;275
1030;1027;197
1030;1032;140
1030;1033;150
1031;1027;129
1032;1030;140
1033;1030;150
1033;1036;123
1034;1036;198
1034;1037;171
1034;1038;289
1035;1038;110
1036;1033;123
1036;1034;198
1036;1039;157
1037;1034;171
1037;1040;170
1038;1034;289
1038;1035;110
1038;1041;481
1039;1036;157
1040;1037;170
1040;1042;331
1040;1044;192
1041;1038;481
1042;1040;331
1043;1044;145
1043;1046;151
1044;1040;192
1044;1043;145
1045;1046;198
1045;1049;194
1046;1043;151
1046;1045;198
1046;1047;282
1046;1048;169
1047;1046;282
1048;1046;169
1048;1050;111
1048;1052;173
1049;1045;194
1050;1048;111
1050;1053;104
1051;1053;277
1051;1054;347
1052;1048;173
1053;1050;104
1053;1051;277
1054;1051;347
1054;1058;114
1055;1058;282
1056;1060;290
1057;1060;163
1058;1054;114
1058;1055;282
1058;1062;230
1059;1061;217
1060;1056;290
1060;1057;163
1060;1064;115
1061;1059;217
1061;1062;144
1061;1065;210
1062;1058;230
1062;1061;144
1062;1066;176
1063;1064;127
1063;1066;321
1063;1067;336
1064;1060;115
1064;1063;127
1065;1061;210
1065;1068;171
1066;1062;176
1066;1063;321
1067;1063;336
1068;1065;171
1068;1069;170
1068;1071;480
1068;1072;100
1069;1068;170
1069;1070;164
1070;1069;164
1071;1068;480
1072;1068;100
1072;1073;159
1072;1076;150
1073;1072;159
1074;1077;235
1075;1078;438
1076;1072;150
1076;1079;242
1077;1074;235
1077;1078;402
1077;1079;147
1078;1075;438
1078;1077;402
1079;1076;242
1079;1077;147
1079;1080;257
1079;1082;183
1080;1079;257
1080;1081;204
1081;1080;204
1081;1085;330
1082;1079;183
1082;1086;343
1083;1086;118
1083;1087;240
1084;1086;252
1085;1081;330
1086;1082;343
1086;1083;118
1086;1084;252
1087;1083;240
1087;1090;441
1087;1091;188
1088;1090;265
1089;1092;177
1090;1087;441
1090;1088;265
1091;1087;188
1091;1092;252
1092;1089;177
1092;1091;252
1092;1094;251
1093;1094;114
1094;1092;251
1094;1093;114
1094;1098;239
1095;1096;296
1095;1097;286
1095;1099;342
1096;1095;296
1096;1100;316
1097;1095;286
1097;1098;156
1098;1094;239
1098;1097;156
1098;1101;156
1099;1095;342
1099;1103;246
1100;1096;316
1101;1098;156
1101;1102;107
1101;1104;347
1102;1101;107
1103;1099;246
1103;1107;456
1104;1101;347
1104;1105;521
1105;1104;521
1106;1107;166
1107;1103;456
1107;1106;166
1107;1109;335
1107;1111;403
1108;1110;262
1109;1107;335
1110;1108;262
1110;1113;210
1111;1107;403
1111;1112;157
1111;1115;196
1112;1111;157
1113;1110;210
1113;1115;143
1114;1115;327
1115;1111;196
1115;1113;143
1115;1114;327
1115;1117;313
1115;1118;177
1115;1119;257
1116;1118;234
1117;1115;313
1118;1115;177
1118;1116;234
1119;1115;257
1119;1123;286
1120;1122;112
1120;1124;156
1121;1123;237
1121;1124;155
1122;1120;112
1123;1119;286
1123;1121;237
1124;1120;156
1124;1121;155
1124;1127;347
1124;1128;325
1125;1129;373
1126;1127;460
1127;1124;347
1127;1126;460
1128;1124;325
1128;1130;308
1128;1131;269
1129;1125;373
1129;1132;317
1130;1128;308
1130;1133;333
1130;1134;251
1131;1128;269
1131;1132;293
1132;1129;317
1132;1131;293
1133;1130;333
1133;1136;374
1134;1130;251
1134;1135;274
1135;1134;274
1135;1137;355
1136;1133;374
1136;1140;406
1137;1135;355
1138;1141;272
1139;1140;376
1139;1142;402
1140;1136;406
1140;1139;376
1141;1138;272
1141;1143;362
1142;1139;402
1142;1143;131
1142;1144;105
1143;1141;362
1143;1142;131
1143;1147;100
1144;1142;105
1144;1145;132
1145;1144;132
1145;1146;283
1146;1145;283
1147;1143;100
1147;1148;458
1148;1147;458
1148;1151;292
1149;1151;152
1149;1153;157
1150;1154;207
1151;1148;292
1151;1149;152
1151;1152;172
1152;1151;172
1153;1149;157
1153;1154;147
1153;1155;120
1154;1150;207
1154;1153;147
1154;1157;209
1155;1153;120
1155;1156;386
1156;1155;386
1157;1154;209
1157;1161;205
1158;1159;356
1158;1160;247
1159;1158;356
1160;1158;247
1160;1161;166
1161;1157;205
1161;1160;166
1161;1162;279
1162;1161;279
1162;1163;340
1163;1162;340
1163;1167;123
1164;1166;260
1164;1167;228
1165;1169;269
1166;1164;260
1167;1163;123
1167;1164;228
1167;1169;297
1168;1171;334
1168;1172;209
1169;1165;269
1169;1167;297
1169;1173;127
1170;1174;152
1171;1168;334
1172;1168;209
1172;1175;218
1173;1169;127
1173;1174;373
1173;1177;168
1174;1170;152
1174;1173;373
1175;1172;218
1175;1178;278
1176;1177;286
1177;1173;168
1177;1176;286
1177;1179;309
1178;1175;278
1178;1180;240
1179;1177;309
1179;1180;218
1180;1178;240
1180;1179;218
1180;1181;413
1181;1180;413
1181;1182;157
1182;1181;157
1182;1185;177
1183;1187;362
1184;1185;265
1184;1187;156
1185;1182;177
1185;1184;265
1186;1187;472
1187;1183;362
1187;1184;156
1187;1186;472
1187;1191;369
1188;1190;290
1188;1192;199
1189;1190;285
1190;1188;290
1190;1189;285
1191;1187;369
1191;1192;137
1192;1188;199
1192;1191;137
1192;1195;170
1193;1194;180
1193;1196;198
1194;1193;180
1194;1197;291
1195;1192;170
1195;1198;243
1195;1199;213
1196;1193;198
1196;1199;107
1197;1194;291
1198;1195;243
1198;1200;472
1198;1202;445
1199;1195;213
1199;1196;107
1200;1198;472
1201;1202;460
1202;1198;445
1202;1201;460
1202;1206;368
1203;1207;158
1204;1208;406
1205;1209;180
1206;1202;368
1206;1210;399
1207;1203;158
1207;1208;121
1208;1204;406
1208;1207;121
1208;1211;254
1209;1205;180
1209;1212;286
1210;1206;399
1210;1213;304
1211;1208;254
1211;1214;291
1212;1209;286
1212;1216;294
1213;1210;304
1213;1214;163
1213;1215;339
1213;1217;295
1214;1211;291
1214;1213;163
1215;1213;339
1216;1212;294
1216;1217;318
1216;1218;130
1217;1213;295
1217;1216;318
1217;1220;314
1218;1216;130
1219;1223;274
1220;1217;314
1220;1224;206
1221;1224;112
1222;1226;465
1223;1219;274
1223;1225;150
1223;1227;338
1224;1220;206
1224;1221;112
1224;1228;139
1225;1223;150
1226;1222;465
1226;1229;303
1227;1223;338
1227;1229;106
1227;1231;409
1228;1224;139
1228;1229;116
1229;1226;303
1229;1227;106
1229;1228;116
1230;1231;350
1230;1232;429
1231;1227;409
1231;1230;350
1232;1230;429
1232;1235;377
1233;1237;152
1234;1237;384
1235;1232;377
1235;1237;133
1236;1237;273
1236;1240;142
1237;1233;152
1237;1234;384
1237;1235;133
1237;1236;273
1237;1239;114
1238;1241;248
1239;1237;114
1239;1243;108
1240;1236;142
1240;1242;187
1241;1238;248
1241;1242;217
1242;1240;187
1242;1241;217
1243;1239;108
1243;1246;125
1244;1245;293
1245;1244;293
1245;1246;263
1246;1243;125
1246;1245;263
1246;1247;581
1246;1250;244
1247;1246;581
1248;1249;184
1248;1251;439
1248;1252;265
1249;1248;184
1249;1250;233
1250;1246;244
1250;1249;233
1250;1254;246
1251;1248;439
1252;1248;265
1252;1253;382
1253;1252;382
1254;1250;246
1254;1256;118
1255;1258;152
1255;1259;219
1256;1254;118
1256;1257;409
1256;1260;241
1257;1256;409
1258;1255;152
1258;1261;357
1259;1255;219
1259;1260;142
1259;1262;280
1260;1256;241
1260;1259;142
1261;1258;357
1262;1259;280
1262;1266;317
1263;1264;191
1264;1263;191
1264;1265;317
1265;1264;317
1265;1266;198
1265;1269;156
1266;1262;317
1266;1265;198
1266;1267;172
1266;1270;101
1267;1266;172
1268;1272;263
1269;1265;156
1269;1271;175
1270;1266;101
1270;1274;214
1271;1269;175
1272;1268;263
1272;1273;346
1272;1274;151
1273;1272;346
1273;1277;144
1274;1270;214
1274;1272;151
1275;1277;119
1275;1279;159
1276;1278;325
1277;1273;144
1277;1275;119
1278;1276;325
1278;1280;206
1278;1281;141
1279;1275;159
1279;1283;108
1280;1278;206
1281;1278;141
1281;1284;193
1281;1285;449
1282;1284;136
1283;1279;108
1283;1284;145
1284;1281;193
1284;1282;136
1284;1283;145
1284;1288;180
1285;1281;449
1286;1287;100
1287;1286;100
1287;1288;174
1288;1284;180
1288;1287;174
1288;1289;250
1289;1288;250
1289;1290;163
1290;1289;163
1290;1294;108
1291;1292;105
1292;1291;105
1292;1295;267
1293;1295;156
1294;1290;108
1294;1297;124
1294;1298;178
1295;1292;267
1295;1293;156
1295;1297;262
1296;1299;107
1297;1294;124
1297;1295;262
1297;1299;212
1297;1300;391
1298;1294;178
1298;1301;437
1299;1296;107
1299;1297;212
1300;1297;391
1301;1298;437
1301;1304;149
1302;1306;146
1303;1306;475
1304;1301;149
1304;1305;461
1305;1304;461
1305;1306;292
1305;1307;225
1305;1308;395
1306;1302;146
1306;1303;475
1306;1305;292
1307;1305;225
1308;1305;395
1308;1310;343
1308;1312;375
1309;1310;297
1310;1308;343
1310;1309;297
1311;1315;318
1312;1308;375
1312;1313;247
1313;1312;247
1313;1314;189
1314;1313;189
1314;1317;196
1315;1311;318
1315;1317;161
1316;1318;135
1317;1314;196
1317;1315;161
1317;1318;122
1317;1320;211
1317;1321;264
1318;1316;135
1318;1317;122
1319;1320;174
1320;1317;211
1320;1319;174
1320;1322;154
1321;1317;264
1321;1324;508
1322;1320;154
1323;1326;336
1323;1327;175
1324;1321;508
1324;1325;311
1325;1324;311
1325;1327;113
1325;1328;122
1325;1329;395
1326;1323;336
1326;1330;196
1327;1323;175
1327;1325;113
1327;1331;302
1328;1325;122
1329;1325;395
1329;1333;268
1330;1326;196
1331;1327;302
1332;1334;132
1333;1329;268
1333;1335;339
1333;1336;234
1334;1332;132
1334;1335;278
1335;1333;339
1335;1334;278
1335;1338;287
1336;1333;234
1336;1337;240
1337;1336;240
1337;1339;106
1338;1335;287
1338;1340;271
1339;1337;106
1339;1341;199
1340;1338;271
1341;1339;199
1341;1342;251
1342;1341;251
1342;1343;243
1342;1345;206
1342;1346;193
1343;1342;243
1344;1346;277
1344;1347;128
1345;1342;206
1345;1348;235
1346;1342;193
1346;1344;277
1346;1349;108
1347;1344;128
1348;1345;235
1349;1346;108
1349;1351;193
1350;1351;168
1350;1352;375
1350;1354;286
1351;1349;193
1351;1350;168
1351;1353;378
1352;1350;375
1353;1351;378
1353;1355;382
1354;1350;286
1354;1358;214
1355;1353;382
1356;1359;138
1357;1359;181
1357;1360;281
1357;1361;343
1358;1354;214
1358;1362;106
1359;1356;138
1359;1357;181
1360;1357;281
1360;1363;129
1360;1364;171
1361;1357;343
1362;1358;106
1362;1364;296
1363;1360;129
1363;1365;279
1364;1360;171
1364;1362;296
1364;1367;510
1364;1368;356
1365;1363;279
1365;1366;192
1366;1365;192
1367;1364;510
1367;1371;319
1368;1364;356
1368;1369;203
1369;1368;203
1370;1373;127
1370;1374;221
1371;1367;319
1371;1373;249
1371;1375;199
1372;1374;236
1373;1370;127
1373;1371;249
1374;1370;221
1374;1372;236
1375;1371;199
1375;1377;233
1376;1379;137
1377;1375;233
1377;1380;150
1378;1381;217
1379;1376;137
1379;1381;159
1380;1377;150
1380;1384;351
1381;1378;217
1381;1379;159
1381;1382;168
1381;1383;122
1382;1381;168
1383;1381;122
1383;1386;158
1384;1380;351
1384;1385;228
1384;1386;167
1385;1384;228
1385;1388;201
1385;1389;301
1386;1383;158
1386;1384;167
1386;1390;297
1387;1389;444
1388;1385;201
1389;1385;301
1389;1387;444
1390;1386;297
1390;1391;209
1390;1392;114
1391;1390;209
1391;1395;109
1392;1390;114
1392;1394;138
1393;1397;247
1394;1392;138
1395;1391;109
1395;1397;145
1396;1400;187
1397;1393;247
1397;1395;145
1397;1398;158
1397;1399;388
1398;1397;158
1399;1397;388
1399;1400;233
1400;1396;187
1400;1399;233
1400;1401;188
1401;1400;188
1401;1404;301
1402;1405;195
1403;1406;213
1403;1407;326
1404;1401;301
1404;1406;296
1405;1402;195
1405;1407;164
1405;1408;348
1405;1409;283
1406;1403;213
1406;1404;296
1406;1410;237
1407;1403;326
1407;1405;164
1408;1405;348
1409;1405;283
1410;1406;237
1410;1412;364
1410;1413;144
1411;1413;171
1411;1414;238
1412;1410;364
1413;1410;144
1413;1411;171
1414;1411;238
1414;1415;465
1414;1416;276
1414;1417;280
1415;1414;465
1416;1414;276
1417;1414;280
1417;1418;327
1418;1417;327
1418;1420;125
1418;1422;237
1419;1422;141
1420;1418;125
1420;1423;238
1421;1423;329
1421;1424;363
1422;1418;237
1422;1419;141
1422;1426;402
1423;1420;238
1423;1421;329
1423;1427;236
1424;1421;363
1425;1428;303
1426;1422;402
1426;1428;194
1426;1430;227
1427;1423;236
1427;1429;180
1428;1425;303
1428;1426;194
1429;1427;180
1430;1426;227
1430;1431;332
1430;1432;214
1431;1430;332
1432;1430;214
1432;1434;266
1433;1437;521
1434;1432;266
1434;1437;333
1434;1438;286
1435;1436;335
1435;1438;270
1436;1435;335
1437;1433;521
1437;1434;333
1438;1434;286
1438;1435;270
1438;1440;298
1438;1441;202
1439;1443;461
1440;1438;298
1441;1438;202
1441;1443;232
1441;1445;304
1442;1444;124
1443;1439;461
1443;1441;232
1444;1442;124
1444;1446;156
1445;1441;304
1445;1446;276
1445;1447;110
1445;1448;271
1446;1444;156
1446;1445;276
1446;1449;219
1446;1450;272
1447;1445;110
1448;1445;271
1449;1446;219
1450;1446;272
1450;1454;327
1451;1455;162
1452;1455;221
1453;1457;358
1454;1450;327
1454;1458;231
1455;1451;162
1455;1452;221
1455;1458;125
1455;1459;182
1456;1458;183
1457;1453;358
1457;1459;126
1457;1461;141
1458;1454;231
1458;1455;125
1458;1456;183
1459;1455;182
1459;1457;126
1459;1460;207
1460;1459;207
1460;1462;177
1461;1457;141
1462;1460;177
1462;1464;340
1463;1464;283
1463;1465;100
1464;1462;340
1464;1463;283
1465;1463;100
1465;1466;289
1465;1467;187
1466;1465;289
1466;1469;309
1467;1465;187
1467;1471;288
1468;1472;363
1469;1466;309
1470;1473;259
1471;1467;288
1471;1473;185
1472;1468;363
1472;1475;294
1473;1470;259
1473;1471;185
1473;1475;117
1474;1475;158
1475;1472;294
1475;1473;117
1475;1474;158
1475;1479;103
1476;1479;133
1477;1479;205
1477;1480;195
1478;1479;505
1479;1475;103
1479;1476;133
1479;1477;205
1479;1478;505
1479;1483;162
1480;1477;195
1480;1481;279
1481;1480;279
1481;1484;143
1482;1484;171
1482;1485;134
1483;1479;162
1483;1487;122
1484;1481;143
1484;1482;171
1485;1482;134
1486;1487;258
1486;1489;212
1487;1483;122
1487;1486;258
1488;1491;407
1489;1486;212
1489;1490;154
1490;1489;154
1490;1492;144
1491;1488;407
1491;1492;109
1491;1494;219
1492;1490;144
1492;1491;109
1493;1494;225
1494;1491;219
1494;1493;225
1494;1496;310
1495;1498;193
1496;1494;310
1496;1498;119
1496;1499;191
1497;1498;162
1498;1495;193
1498;1496;119
1498;1497;162
1498;1501;158
1499;1496;191
1500;1503;177
1501;1498;158
1501;1504;222
1502;1503;140
1502;1504;113
1502;1505;398
1503;1500;177
1503;1502;140
1503;1507;319
1504;1501;222
1504;1502;113
1505;1502;398
1505;1509;105
1506;1508;347
1507;1503;319
1508;1506;347
1508;1509;540
1508;1510;402
1509;1505;105
1509;1508;540
1509;1513;230
1510;1508;402
1511;1512;261
1511;1513;314
1512;1511;261
1513;1509;230
1513;1511;314
1513;1514;333
1514;1513;333
1514;1517;257
1515;1516;205
1515;1517;149
1516;1515;205
1517;1514;257
1517;1515;149
1517;1521;356
1518;1522;340
1519;1523;363
1520;1522;331
1520;1523;308
1521;1517;356
1521;1525;133
1522;1518;340
1522;1520;331
1523;1519;363
1523;1520;308
1523;1527;115
1524;1525;341
1524;1527;112
1525;1521;133
1525;1524;341
1525;1528;563
1525;1529;348
1526;1527;318
1527;1523;115
1527;1524;112
1527;1526;318
1528;1525;563
1529;1525;348
1529;1530;327
1530;1529;327
1530;1532;415
1531;1532;135
1531;1533;286
1532;1530;415
1532;1531;135
1532;1536;237
1533;1531;286
1534;1536;269
1534;1538;288
1535;1537;240
1535;1539;264
1536;1532;237
1536;1534;269
1537;1535;240
1537;1538;202
1537;1540;300
1538;1534;288
1538;1537;202
1538;1542;166
1539;1535;264
1539;1541;218
1540;1537;300
1541;1539;218
1541;1545;318
1542;1538;166
1543;1544;299
1543;1545;142
1544;1543;299
1545;1541;318
1545;1543;142
1545;1548;240
1546;1548;408
1547;1550;476
1548;1545;240
1548;1546;408
1548;1549;183
1548;1550;362
1548;1552;201
1549;1548;183
1549;1551;109
1550;1547;476
1550;1548;362
1551;1549;109
1552;1548;201
1552;1553;223
1553;1552;223
1553;1556;219
1554;1556;299
1554;1558;312
1555;1556;128
1556;1553;219
1556;1554;299
1556;1555;128
1556;1559;112
1557;1559;241
1558;1554;312
1559;1556;112
1559;1557;241
1559;1563;341
1560;1563;246
1561;1562;109
1562;1561;109
1562;1565;227
1562;1566;275
1563;1559;341
1563;1560;246
1563;1567;166
1564;1567;188
1565;1562;227
1565;1568;178
1566;1562;275
1567;1563;166
1567;1564;188
1567;1569;187
1567;1571;199
1568;1565;178
1568;1571;106
1569;1567;187
1569;1573;236
1570;1572;163
1571;1567;199
1571;1568;106
1571;1572;290
1571;1574;142
1571;1575;296
1572;1570;163
1572;1571;290
1572;1576;256
1573;1569;236
1574;1571;142
1574;1578;449
1575;1571;296
1576;1572;256
1577;1580;417
1578;1574;449
1578;1579;256
1578;1581;100
1579;1578;256
1579;1582;408
1580;1577;417
1580;1582;180
1581;1578;100
1581;1584;388
1582;1579;408
1582;1580;180
1582;1583;302
1582;1585;197
1583;1582;302
1584;1581;388
1585;1582;197
1585;1586;153
1586;1585;153
1586;1587;171
