0;1;192
1;0;192
1;2;254
2;1;254
2;3;184
2;4;366
2;5;182
3;2;184
4;2;366
4;8;290
5;2;182
6;8;482
7;8;328
8;4;290
8;6;482
8;7;328
8;9;163
8;10;134
9;8;163
9;11;441
9;13;363
10;8;134
10;12;231
11;9;441
12;10;231
12;16;130
13;9;363
14;17;175
14;18;230
15;19;334
16;12;130
16;20;117
17;14;175
17;19;260
17;20;186
18;14;230
18;21;153
18;22;222
19;15;334
19;17;260
20;16;117
20;17;186
21;18;153
22;18;222
22;23;199
22;24;158
23;22;199
23;25;280
24;22;158
24;27;161
25;23;280
26;28;304
27;24;161
27;29;271
28;26;304
28;29;329
29;27;271
29;28;329
29;31;187
29;33;156
30;31;311
31;29;187
31;30;311
32;36;222
33;29;156
33;37;239
34;38;281
35;38;317
35;39;286
36;32;222
36;37;217
37;33;239
37;36;217
37;38;105
37;40;242
38;34;281
38;35;317
38;37;105
38;42;110
39;35;286
40;37;242
40;41;356
41;40;356
42;38;110
42;43;121
43;42;121
43;46;105
44;46;192
45;46;143
45;49;326
46;43;105
46;44;192
46;45;143
46;48;194
47;50;120
48;46;194
49;45;326
49;50;143
50;47;120
50;49;143
50;51;201
51;50;201
51;52;122
51;54;135
52;51;122
53;54;359
53;56;410
54;51;135
54;53;359
55;56;585
56;53;410
56;55;585
56;58;335
57;59;271
57;60;308
57;61;216
58;56;335
58;59;351
59;57;271
59;58;351
60;57;308
61;57;216
61;64;327
61;65;249
62;63;154
62;64;102
63;62;154
64;61;327
64;62;102
64;66;241
65;61;249
66;64;241
66;67;124
67;66;124
67;68;321
67;69;158
67;71;121
68;67;321
69;67;158
69;70;175
70;69;175
71;67;121
71;73;214
72;73;388
73;71;214
73;72;388
73;74;144
73;76;100
74;73;144
74;78;200
75;77;124
76;73;100
76;79;177
77;75;124
77;80;176
78;74;200
78;82;225
79;76;177
79;81;288
80;77;176
80;84;304
81;79;288
82;78;225
82;84;226
83;85;259
84;80;304
84;82;226
84;86;171
85;83;259
85;87;102
86;84;171
86;89;406
87;85;102
87;91;117
88;92;285
89;86;406
89;91;130
90;93;193
91;87;117
91;89;130
91;92;138
91;93;220
92;88;285
92;91;138
93;90;193
93;91;220
93;96;262
94;95;151
94;98;165
95;94;151
96;93;262
96;97;126
96;100;227
97;96;126
98;94;165
98;100;127
98;102;535
99;100;256
100;96;227
100;98;127
100;99;256
100;101;282
100;103;153
101;100;282
102;98;535
103;100;153
103;104;384
103;106;187
103;107;243
104;103;384
105;106;140
106;103;187
106;105;140
106;110;246
107;103;243
107;109;253
108;109;142
109;107;253
109;108;142
109;112;225
109;113;129
110;106;246
111;112;302
111;114;289
112;109;225
112;111;302
112;115;306
113;109;129
113;116;140
114;111;289
114;118;199
115;112;306
115;117;247
115;119;339
116;113;140
117;115;247
118;114;199
118;120;165
119;115;339
119;122;113
120;118;165
121;124;276
122;119;113
122;124;287
122;125;134
123;124;369
124;121;276
124;122;287
124;123;369
124;128;352
125;122;134
125;126;343
126;125;343
127;130;218
128;124;352
128;131;155
129;131;330
129;132;279
130;127;218
130;131;245
131;128;155
131;129;330
131;130;245
132;129;279
132;134;263
133;134;288
134;132;263
134;133;288
134;138;160
135;139;120
136;138;252
137;139;134
138;134;160
138;136;252
138;141;233
139;135;120
139;137;134
139;142;194
140;142;105
141;138;233
141;145;146
142;139;194
142;140;105
142;145;119
143;144;231
144;143;231
144;145;226
145;141;146
145;142;119
145;144;226
145;147;104
146;147;184
147;145;104
147;146;184
147;150;258
147;151;135
148;149;137
149;148;137
149;151;148
150;147;258
151;147;135
151;149;148
151;154;352
152;156;300
153;155;348
154;151;352
154;155;264
155;153;348
155;154;264
155;159;253
156;152;300
156;159;115
157;161;122
158;159;212
158;161;177
158;162;181
159;155;253
159;156;115
159;158;212
160;161;130
161;157;122
161;158;177
161;160;130
161;163;138
162;158;181
163;161;138
163;164;223
163;165;516
164;163;223
164;166;148
165;163;516
166;164;148
166;168;269
166;169;399
166;170;172
167;170;160
167;171;291
168;166;269
168;172;143
169;166;399
169;173;404
170;166;172
170;167;160
171;167;291
172;168;143
172;175;202
172;176;295
173;169;404
173;177;174
174;178;222
175;172;202
175;178;101
176;172;295
177;173;174
178;174;222
178;175;101
178;179;178
178;180;196
178;181;139
179;178;178
179;183;261
180;178;196
181;178;139
182;184;363
182;186;195
183;179;261
183;186;248
184;182;363
184;187;177
185;189;614
186;182;195
186;183;248
186;190;271
187;184;177
188;190;396
189;185;614
189;190;259
189;191;202
190;186;271
190;188;396
190;189;259
190;193;160
191;189;202
191;192;191
192;191;191
193;190;160
193;196;161
193;197;123
194;195;149
195;194;149
195;197;202
196;193;161
197;193;123
197;195;202
197;199;221
198;200;336
199;197;221
199;200;324
200;198;336
200;199;324
200;201;311
200;202;198
201;200;311
201;204;182
202;200;198
203;207;126
204;201;182
204;208;355
205;208;158
206;210;186
207;203;126
207;210;434
208;204;355
208;205;158
208;209;343
208;210;183
208;211;372
209;208;343
210;206;186
210;207;434
210;208;183
211;208;372
211;212;436
211;213;224
211;214;432
212;211;436
212;215;434
213;211;224
214;211;432
215;212;434
215;216;282
215;219;339
216;215;282
217;218;321
218;217;321
218;219;212
219;215;339
219;218;212
219;222;242
220;221;112
220;223;216
221;220;112
221;222;267
222;219;242
222;221;267
222;224;233
223;220;216
223;225;308
224;222;233
225;223;308
225;226;195
225;228;169
226;225;195
227;231;227
228;225;169
228;230;130
228;232;155
229;232;112
230;228;130
231;227;227
231;232;136
231;233;258
232;228;155
232;229;112
232;231;136
233;231;258
233;236;279
234;235;415
235;234;415
235;239;254
236;233;279
236;239;316
237;240;353
237;241;206
238;242;134
239;235;254
239;236;316
239;241;195
240;237;353
241;237;206
241;239;195
241;242;358
241;243;278
242;238;134
242;241;358
243;241;278
243;244;327
244;243;327
244;246;238
245;246;209
246;244;238
246;245;209
246;248;308
247;251;111
248;246;308
248;249;179
248;252;285
249;248;179
250;252;259
251;247;111
251;254;288
252;248;285
252;250;259
252;254;122
252;255;294
252;256;315
253;257;307
254;251;288
254;252;122
254;258;317
255;252;294
256;252;315
256;259;178
257;253;307
257;259;152
258;254;317
259;256;178
259;257;152
259;260;114
260;259;114
260;264;421
261;264;214
262;263;159
262;265;107
263;262;159
263;264;237
264;260;421
264;261;214
264;263;237
264;266;403
264;268;288
265;262;107
266;264;403
267;268;274
267;270;303
267;271;205
268;264;288
268;267;274
268;269;152
268;272;147
269;268;152
269;273;275
270;267;303
271;267;205
272;268;147
272;274;171
272;276;506
273;269;275
274;272;171
274;275;143
274;277;228
275;274;143
276;272;506
277;274;228
277;280;320
278;279;192
278;281;238
279;278;192
280;277;320
280;282;337
280;284;346
281;278;238
281;284;229
282;280;337
282;283;369
282;286;147
283;282;369
284;280;346
284;281;229
284;285;370
285;284;370
286;282;147
286;290;125
287;289;383
288;290;221
288;291;139
289;287;383
289;293;204
290;286;125
290;288;221
290;293;139
291;288;139
291;294;237
291;295;249
292;294;279
293;289;204
293;290;139
294;291;237
294;292;279
294;297;180
295;291;249
295;298;232
296;297;324
297;294;180
297;296;324
297;299;223
297;301;310
298;295;232
298;300;355
299;297;223
300;298;355
300;304;256
301;297;310
302;303;108
302;304;120
303;302;108
304;300;256
304;302;120
304;305;372
304;308;213
305;304;372
306;310;271
307;309;200
308;304;213
308;310;355
309;307;200
309;311;192
309;313;244
310;306;271
310;308;355
310;311;170
311;309;192
311;310;170
312;315;107
313;309;244
313;316;151
314;316;131
315;312;107
315;319;242
316;313;151
316;314;131
316;319;146
316;320;137
317;318;202
318;317;202
318;320;287
319;315;242
319;316;146
320;316;137
320;318;287
320;321;165
320;322;139
321;320;165
322;320;139
322;323;141
322;324;119
323;322;141
323;325;151
324;322;119
325;323;151
325;327;377
326;329;278
327;325;377
327;328;275
328;327;275
328;332;245
329;326;278
329;331;163
330;332;227
331;329;163
331;333;166
331;334;237
331;335;383
332;328;245
332;330;227
332;334;253
333;331;166
334;331;237
334;332;253
335;331;383
335;339;400
336;337;298
337;336;298
337;339;158
337;341;310
338;339;103
339;335;400
339;337;158
339;338;103
339;340;351
340;339;351
340;342;188
341;337;310
342;340;188
342;344;426
342;346;197
343;346;290
344;342;426
345;347;204
346;342;197
346;343;290
346;350;249
347;345;204
347;348;204
347;350;222
348;347;204
349;352;126
350;346;249
350;347;222
350;351;172
351;350;172
351;353;102
351;354;104
352;349;126
352;355;145
353;351;102
354;351;104
354;358;254
355;352;145
355;357;280
355;359;276
356;357;254
356;358;219
357;355;280
357;356;254
357;360;226
358;354;254
358;356;219
358;362;173
359;355;276
360;357;226
360;364;223
361;363;181
362;358;173
363;361;181
363;365;266
363;367;260
364;360;223
364;367;236
365;363;266
365;369;231
366;367;225
367;363;260
367;364;236
367;366;225
368;369;149
368;370;198
369;365;231
369;368;149
369;371;158
370;368;198
371;369;158
371;373;300
372;376;159
373;371;300
373;376;197
374;377;358
375;377;199
375;379;186
376;372;159
376;373;197
376;379;344
377;374;358
377;375;199
378;379;165
379;375;186
379;376;344
379;378;165
379;383;152
380;382;321
380;383;331
380;384;315
381;383;329
382;380;321
383;379;152
383;380;331
383;381;329
384;380;315
384;385;413
385;384;413
385;386;227
385;388;206
386;385;227
386;387;128
387;386;128
388;385;206
388;389;238
389;388;238
389;393;238
390;393;394
391;392;125
392;391;125
392;395;143
393;389;238
393;390;394
393;394;477
393;395;229
394;393;477
395;392;143
395;393;229
395;396;219
395;399;329
396;395;219
397;398;166
398;397;166
398;402;106
399;395;329
399;400;214
400;399;214
400;402;171
400;403;162
401;402;212
401;404;229
402;398;106
402;400;171
402;401;212
402;405;100
403;400;162
404;401;229
404;406;443
405;402;100
405;409;206
406;404;443
406;407;615
407;406;615
407;408;219
407;410;461
408;407;219
409;405;206
410;407;461
410;412;256
411;414;461
412;410;256
412;413;349
412;414;229
413;412;349
413;416;153
414;411;461
414;412;229
414;417;158
414;418;107
415;416;442
416;413;153
416;415;442
417;414;158
417;420;326
418;414;107
419;422;163
419;423;107
420;417;326
420;424;168
421;424;219
422;419;163
423;419;107
423;424;149
424;420;168
424;421;219
424;423;149
424;427;282
425;427;270
426;429;193
427;424;282
427;425;270
427;429;323
428;432;119
429;426;193
429;427;323
429;431;303
430;433;274
431;429;303
431;434;212
431;435;222
432;428;119
432;436;253
433;430;274
433;436;278
434;431;212
435;431;222
435;436;174
436;432;253
436;433;278
436;435;174
436;438;398
436;440;306
437;439;228
438;436;398
439;437;228
439;443;220
440;436;306
440;442;197
441;442;303
441;444;120
441;445;248
442;440;197
442;441;303
443;439;220
443;444;196
444;441;120
444;443;196
445;441;248
445;447;142
446;447;244
446;448;179
446;449;213
447;445;142
447;446;244
448;446;179
448;452;289
449;446;213
449;453;247
450;453;196
451;455;209
452;448;289
452;454;342
453;449;247
453;450;196
453;457;165
454;452;342
454;456;468
455;451;209
455;457;235
456;454;468
456;460;461
457;453;165
457;455;235
457;458;318
458;457;318
459;462;224
460;456;461
460;462;323
461;463;136
462;459;224
462;460;323
462;463;244
463;461;136
463;462;244
463;466;137
464;466;118
465;468;201
466;463;137
466;464;118
466;468;172
467;469;477
468;465;201
468;466;172
468;470;207
469;467;477
469;473;134
470;468;207
470;472;155
471;473;159
472;470;155
472;476;137
473;469;134
473;471;159
473;474;207
473;475;177
473;476;213
473;477;217
474;473;207
474;478;159
475;473;177
476;472;137
476;473;213
477;473;217
477;479;276
477;480;240
478;474;159
479;477;276
479;481;297
480;477;240
481;479;297
481;483;437
481;485;179
482;484;157
483;481;437
484;482;157
484;485;125
485;481;179
485;484;125
485;488;230
486;487;515
487;486;515
487;490;232
487;491;143
488;485;230
488;489;168
488;491;175
489;488;168
490;487;232
490;492;388
491;487;143
491;488;175
492;490;388
492;495;111
493;495;196
493;496;246
494;495;214
494;497;135
495;492;111
495;493;196
495;494;214
496;493;246
496;498;101
497;494;135
498;496;101
498;499;118
498;501;219
499;498;118
500;502;181
500;503;100
501;498;219
501;503;173
501;505;241
502;500;181
503;500;100
503;501;173
503;504;182
503;507;194
504;503;182
505;501;241
505;506;143
506;505;143
506;508;167
506;510;233
507;503;194
507;509;370
508;506;167
508;511;230
509;507;370
510;506;233
510;513;142
511;508;230
512;513;103
512;516;134
513;510;142
513;512;103
513;514;140
513;515;558
514;513;140
515;513;558
516;512;134
516;518;242
516;519;230
517;518;131
518;516;242
518;517;131
519;516;230
519;523;113
520;521;129
520;522;121
521;520;129
521;525;188
522;520;121
523;519;113
523;525;114
523;527;239
524;526;358
525;521;188
525;523;114
526;524;358
526;529;362
526;530;141
527;523;239
527;528;240
527;530;289
527;531;170
528;527;240
528;532;324
529;526;362
530;526;141
530;527;289
531;527;170
531;533;109
532;528;324
532;536;129
533;531;109
534;537;140
535;536;198
535;538;197
536;532;129
536;535;198
537;534;140
537;538;334
538;535;197
538;537;334
538;540;123
539;542;268
540;538;123
540;543;134
540;544;187
541;544;312
542;539;268
542;543;224
543;540;134
543;542;224
543;547;121
544;540;187
544;541;312
544;546;245
545;548;281
545;549;274
546;544;245
546;550;140
547;543;121
548;545;281
548;552;100
549;545;274
550;546;140
550;551;360
550;552;262
551;550;360
551;554;158
552;548;100
552;550;262
552;553;193
553;552;193
553;555;127
554;551;158
555;553;127
555;556;337
555;557;128
555;559;109
556;555;337
557;555;128
557;561;252
558;562;178
559;555;109
559;562;139
560;564;105
561;557;252
561;564;112
561;565;326
562;558;178
562;559;139
562;563;398
563;562;398
563;566;113
564;560;105
564;561;112
564;568;459
565;561;326
566;563;113
567;570;213
568;564;459
568;571;200
569;571;154
569;572;131
570;567;213
570;572;102
570;573;210
571;568;200
571;569;154
572;569;131
572;570;102
572;576;218
573;570;210
573;575;191
574;575;294
574;578;180
575;573;191
575;574;294
576;572;218
576;579;132
577;578;230
578;574;180
578;577;230
578;581;255
579;576;132
580;584;136
581;578;255
581;584;266
582;583;384
582;584;117
583;582;384
584;580;136
584;581;266
584;582;117
584;588;349
585;586;327
586;585;327
586;587;105
586;588;228
586;590;225
587;586;105
588;584;349
588;586;228
589;592;300
589;593;103
590;586;225
590;592;237
591;593;153
592;589;300
592;590;237
592;595;280
592;596;105
593;589;103
593;591;153
594;598;173
595;592;280
596;592;105
596;597;258
597;596;258
597;599;246
598;594;173
598;599;225
599;597;246
599;598;225
599;600;203
599;601;356
599;602;187
600;599;203
600;604;282
601;599;356
602;599;187
603;605;373
604;600;282
604;605;343
605;603;373
605;604;343
605;606;194
606;605;194
606;610;576
607;608;164
608;607;164
608;611;180
609;610;337
610;606;576
610;609;337
610;613;310
611;608;180
611;614;240
612;613;103
613;610;310
613;612;103
613;614;105
613;615;162
613;616;107
613;617;266
614;611;240
614;613;105
614;618;318
615;613;162
616;613;107
616;619;332
617;613;266
618;614;318
618;620;482
618;622;494
619;616;332
620;618;482
621;622;156
621;624;191
622;618;494
622;621;156
622;625;100
623;624;431
624;621;191
624;623;431
624;628;167
625;622;100
625;626;100
625;629;324
626;625;100
626;630;187
627;629;201
627;631;376
628;624;167
629;625;324
629;627;201
629;632;176
630;626;187
631;627;376
632;629;176
632;633;270
632;634;248
633;632;270
633;635;108
633;636;152
634;632;248
635;633;108
635;637;157
636;633;152
637;635;157
637;638;112
637;641;174
638;637;112
638;640;195
639;642;239
640;638;195
641;637;174
641;643;199
642;639;239
642;643;292
642;645;199
643;641;199
643;642;292
643;644;214
644;643;214
645;642;199
645;648;240
646;650;125
647;650;137
648;645;240
648;649;365
648;652;122
649;648;365
650;646;125
650;647;137
650;653;184
651;654;102
651;655;172
652;648;122
652;656;164
653;650;184
653;656;178
653;657;149
654;651;102
655;651;172
655;657;258
655;659;200
656;652;164
656;653;178
656;658;119
657;653;149
657;655;258
657;660;196
657;661;264
658;656;119
659;655;200
660;657;196
661;657;264
661;663;112
662;664;185
663;661;112
663;666;184
664;662;185
664;667;219
665;668;239
666;663;184
666;670;175
667;664;219
667;669;203
668;665;239
668;670;301
669;667;203
669;672;182
670;666;175
670;668;301
670;671;318
670;673;128
671;670;318
672;669;182
672;673;218
672;674;110
672;676;143
673;670;128
673;672;218
674;672;110
674;678;286
675;676;192
676;672;143
676;675;192
676;677;346
677;676;346
677;681;162
678;674;286
679;681;521
680;684;289
681;677;162
681;679;521
681;682;118
682;681;118
682;683;200
682;684;199
682;686;183
683;682;200
684;680;289
684;682;199
685;687;332
685;688;169
686;682;183
686;690;180
687;685;332
688;685;169
688;689;211
688;690;150
688;692;330
689;688;211
690;686;180
690;688;150
691;692;223
692;688;330
692;691;223
692;694;365
692;696;220
693;696;347
694;692;365
695;698;153
696;692;220
696;693;347
696;697;247
696;698;184
697;696;247
697;699;302
698;695;153
698;696;184
698;700;319
698;702;493
699;697;302
700;698;319
701;704;213
701;705;113
702;698;493
702;705;417
703;705;383
704;701;213
704;707;202
705;701;113
705;702;417
705;703;383
706;707;294
706;710;334
707;704;202
707;706;294
707;708;333
707;711;148
708;707;333
709;711;469
709;712;411
710;706;334
711;707;148
711;709;469
712;709;411
712;714;121
713;716;182
714;712;121
714;718;179
715;716;331
716;713;182
716;715;331
716;717;281
717;716;281
717;718;208
717;719;254
718;714;179
718;717;208
718;722;117
719;717;254
719;723;210
720;724;271
721;724;298
722;718;117
723;719;210
723;726;246
724;720;271
724;721;298
724;725;141
724;726;259
724;727;283
724;728;190
725;724;141
725;729;184
726;723;246
726;724;259
727;724;283
728;724;190
729;725;184
729;731;248
730;731;263
731;729;248
731;730;263
731;734;379
731;735;272
732;735;136
733;734;157
734;731;379
734;733;157
735;731;272
735;732;136
735;736;350
736;735;350
736;737;357
737;736;357
737;738;158
737;739;304
737;741;179
738;737;158
739;737;304
740;743;154
741;737;179
741;745;226
742;744;223
743;740;154
743;744;188
744;742;223
744;743;188
744;748;168
745;741;226
745;746;144
745;749;187
746;745;144
746;747;207
746;750;251
747;746;207
748;744;168
748;750;179
749;745;187
750;746;251
750;748;179
750;751;346
750;754;175
751;750;346
752;753;326
752;754;245
752;755;216
753;752;326
754;750;175
754;752;245
755;752;216
755;758;105
756;759;306
757;759;196
758;755;105
758;760;290
759;756;306
759;757;196
759;762;207
759;763;131
760;758;290
760;762;233
760;764;219
761;763;156
762;759;207
762;760;233
762;766;157
763;759;131
763;761;156
764;760;219
765;767;391
765;768;282
766;762;157
766;767;197
767;765;391
767;766;197
768;765;282
768;770;267
768;771;233
769;770;316
769;773;167
770;768;267
770;769;316
771;768;233
771;774;202
772;774;163
773;769;167
773;777;345
774;771;202
774;772;163
775;776;387
775;778;404
776;775;387
776;777;269
777;773;345
777;776;269
777;781;313
778;775;404
778;782;462
779;781;303
780;783;489
781;777;313
781;779;303
781;785;187
782;778;462
783;780;489
783;785;373
784;788;131
785;781;187
785;783;373
785;786;152
786;785;152
786;787;152
787;786;152
787;788;180
787;789;282
788;784;131
788;787;180
789;787;282
789;792;188
789;793;227
790;792;148
791;792;201
792;789;188
792;790;148
792;791;201
793;789;227
793;794;186
794;793;186
794;795;176
794;796;198
794;798;104
795;794;176
795;797;214
796;794;198
797;795;214
797;799;289
797;801;306
798;794;104
799;797;289
799;802;175
800;802;129
801;797;306
801;803;164
801;805;167
802;799;175
802;800;129
802;804;344
803;801;164
803;806;350
804;802;344
804;808;258
805;801;167
805;807;159
805;809;139
806;803;350
807;805;159
807;810;186
808;804;258
809;805;139
809;811;225
810;807;186
811;809;225
811;812;110
812;811;110
812;814;153
812;815;258
813;817;134
814;812;153
814;817;115
814;818;284
815;812;258
816;817;252
817;813;134
817;814;115
817;816;252
818;814;284
818;820;367
818;821;167
819;822;369
820;818;367
820;823;180
821;818;167
822;819;369
822;826;341
823;820;180
823;825;148
823;826;195
824;826;283
825;823;148
825;828;186
826;822;341
826;823;195
826;824;283
827;830;106
828;825;186
828;829;175
828;830;170
829;828;175
829;831;236
830;827;106
830;828;170
830;832;306
830;833;384
830;834;243
831;829;236
832;830;306
833;830;384
834;830;243
834;838;205
835;838;153
836;838;119
837;840;482
838;834;205
838;835;153
838;836;119
838;842;251
839;840;314
839;842;188
840;837;482
840;839;314
841;842;159
842;838;251
842;839;188
842;841;159
842;845;159
842;846;129
843;847;205
844;845;139
845;842;159
845;844;139
845;849;125
846;842;129
846;848;153
847;843;205
847;849;213
847;851;238
848;846;153
849;845;125
849;847;213
849;853;425
850;852;313
851;847;238
851;855;104
852;850;313
852;854;168
852;855;283
853;849;425
854;852;168
855;851;104
855;852;283
855;857;207
856;857;390
856;858;103
857;855;207
857;856;390
858;856;103
858;859;365
858;860;199
859;858;365
860;858;199
860;864;273
861;862;153
862;861;153
862;864;245
863;866;174
864;860;273
864;862;245
864;865;375
865;864;375
865;866;162
865;868;364
866;863;174
866;865;162
867;868;282
868;865;364
868;867;282
868;869;105
869;868;105
869;873;184
870;873;118
871;872;206
871;875;159
872;871;206
872;876;141
873;869;184
873;870;118
873;874;100
874;873;100
874;875;233
874;878;166
875;871;159
875;874;233
876;872;141
877;878;235
877;879;243
878;874;166
878;877;235
878;881;309
879;877;243
880;884;250
881;878;309
881;882;110
882;881;110
882;886;255
883;884;234
883;887;241
884;880;250
884;883;234
884;885;122
885;884;122
886;882;255
886;887;223
886;890;222
887;883;241
887;886;223
888;889;217
888;891;223
889;888;217
889;890;107
890;886;222
890;889;107
890;892;189
891;888;223
892;890;189
892;893;319
892;895;269
893;892;319
894;895;400
895;892;269
895;894;400
895;898;217
895;899;336
896;898;179
897;899;457
898;895;217
898;896;179
899;895;336
899;897;457
899;900;155
899;901;195
900;899;155
901;899;195
901;902;391
902;901;391
902;903;225
903;902;225
903;905;358
904;906;189
905;903;358
905;907;301
906;904;189
906;908;240
906;910;252
907;905;301
907;911;208
908;906;240
909;910;140
910;906;252
910;909;140
910;911;225
910;912;318
911;907;208
911;910;225
912;910;318
912;913;198
913;912;198
913;915;445
914;915;157
915;913;445
915;914;157
915;917;304
916;917;143
917;915;304
917;916;143
917;921;300
918;919;218
918;920;137
919;918;218
919;923;331
920;918;137
920;921;193
921;917;300
921;920;193
922;923;226
922;924;254
923;919;331
923;922;226
924;922;254
924;925;398
924;927;344
925;924;398
926;928;162
926;929;108
927;924;344
927;930;163
928;926;162
928;930;114
928;931;118
929;926;108
930;927;163
930;928;114
930;933;121
931;928;118
931;934;102
932;933;196
933;930;121
933;932;196
934;931;102
934;935;164
935;934;164
935;936;221
935;939;203
936;935;221
936;937;300
937;936;300
938;940;261
938;941;213
939;935;203
939;941;426
940;938;261
941;938;213
941;939;426
941;942;313
942;941;313
942;943;263
942;944;273
943;942;263
943;946;133
944;942;273
944;945;187
945;944;187
945;948;302
946;943;133
947;950;233
948;945;302
948;950;307
949;950;217
950;947;233
950;948;307
950;949;217
950;951;166
951;950;166
951;954;176
952;953;382
952;955;259
953;952;382
954;951;176
954;958;319
955;952;259
955;958;360
955;959;261
956;957;160
956;960;159
957;956;160
957;961;239
958;954;319
958;955;360
959;955;261
959;960;109
960;956;159
960;959;109
960;964;337
961;957;239
962;964;117
963;966;275
964;960;337
964;962;117
964;968;273
965;968;143
966;963;275
966;968;172
966;969;195
967;970;351
968;964;273
968;965;143
968;966;172
968;970;165
969;966;195
970;967;351
970;968;165
970;971;244
971;970;244
971;973;104
971;974;197
971;975;204
972;973;340
973;971;104
973;972;340
974;971;197
975;971;204
975;977;209
976;977;217
976;979;202
977;975;209
977;976;217
977;980;284
978;979;108
979;976;202
979;978;108
980;977;284
980;982;180
981;984;123
982;980;180
982;983;179
982;986;274
983;982;179
983;987;296
984;981;123
984;986;193
985;986;206
985;988;186
986;982;274
986;984;193
986;985;206
986;990;477
987;983;296
987;989;273
988;985;186
988;992;171
989;987;273
990;986;477
990;991;582
990;994;139
991;990;582
992;988;171
993;994;109
994;990;139
994;993;109
994;998;229
995;998;107
996;997;284
997;996;284
997;998;108
997;1001;382
998;994;229
998;995;107
998;997;108
998;999;221
998;1000;342
999;998;221
999;1003;472
1000;998;342
1001;997;382
1002;1003;142
1002;1005;433
1003;999;472
1003;1002;142
1003;1006;193
1004;1008;440
1005;1002;433
1006;1003;193
1006;1008;302
1006;1009;461
1007;1010;264
1007;1011;339
1008;1004;440
1008;1006;302
1008;1010;356
1009;1006;461
1010;1007;264
1010;1008;356
1010;1012;260
1011;1007;339
1011;1013;199
1012;1010;260
1013;1011;199
1013;1016;301
1014;1016;117
1015;1017;362
1016;1013;301
1016;1014;117
1016;1017;143
1016;1018;331
1016;1020;220
1017;1015;362
1017;1016;143
1018;1016;331
1019;1020;153
1020;1016;220
1020;1019;153
1020;1021;295
1020;1024;278
1021;1020;295
1021;1022;167
1021;1025;244
1022;1021;167
1022;1023;246
1023;1022;246
1024;1020;278
1024;1028;251
1025;1021;244
1026;1029;190
1027;1028;135
1028;1024;251
1028;1027;135
1028;1030;188
1028;1032;286
1029;1026;190
1029;1032;150
1030;1028;188
1031;1032;246
1032;1028;286
1032;1029;150
1032;1031;246
1032;1033;107
1033;1032;107
1033;1036;181
1034;1035;247
1035;1034;247
1035;1036;257
1035;1038;233
1036;1033;181
1036;1035;257
1036;1037;319
1037;1036;319
1038;1035;233
1038;1039;224
1038;1041;144
1039;1038;224
1040;1044;240
1041;1038;144
1041;1043;100
1042;1044;417
1043;1041;100
1043;1044;469
1044;1040;240
1044;1042;417
1044;1043;469
1044;1045;260
1045;1044;260
1045;1048;182
1046;1049;234
1046;1050;219
1047;1048;118
1047;1049;147
1048;1045;182
1048;1047;118
1049;1046;234
1049;1047;147
1049;1051;108
1050;1046;219
1051;1049;108
1051;1054;382
1052;1055;247
1053;1055;109
1053;1056;144
1054;1051;382
1054;1055;169
1054;1057;234
1055;1052;247
1055;1053;109
1055;1054;169
1056;1053;144
1056;1059;177
1057;1054;234
1057;1058;231
1058;1057;231
1058;1060;204
1058;1061;226
1059;1056;177
1060;1058;204
1061;1058;226
1061;1062;278
1061;1065;619
1062;1061;278
1062;1064;281
1063;1064;219
1064;1062;281
1064;1063;219
1064;1066;219
1065;1061;619
1066;1064;219
1066;1067;279
1066;1068;197
1066;1069;264
1067;1066;279
1068;1066;197
1069;1066;264
1069;1070;204
1070;1069;204
1070;1072;360
1071;1073;189
1071;1074;165
1071;1075;312
1072;1070;360
1072;1074;143
1073;1071;189
1074;1071;165
1074;1072;143
1075;1071;312
1075;1079;179
1076;1078;170
1077;1078;316
1077;1079;166
1077;1081;253
1078;1076;170
1078;1077;316
1079;1075;179
1079;1077;166
1080;1081;251
1080;1084;169
1081;1077;253
1081;1080;251
1081;1082;277
1082;1081;277
1082;1085;116
1083;1085;198
1083;1086;110
1084;1080;169
1085;1082;116
1085;1083;198
1086;1083;110
1086;1088;110
1086;1090;422
1087;1090;154
1088;1086;110
1089;1090;300
1089;1092;452
1090;1086;422
1090;1087;154
1090;1089;300
1090;1091;246
1091;1090;246
1091;1093;194
1092;1089;452
1093;1091;194
1093;1095;154
1094;1096;113
1094;1097;108
1094;1098;155
1095;1093;154
1095;1099;142
1096;1094;113
1097;1094;108
1097;1099;116
1098;1094;155
1098;1102;100
1099;1095;142
1099;1097;116
1099;1101;175
1100;1104;161
1101;1099;175
1102;1098;100
1102;1103;114
1103;1102;114
1103;1104;343
1103;1105;128
1104;1100;161
1104;1103;343
1104;1106;279
1105;1103;128
1106;1104;279
1106;1108;461
1107;1109;197
1108;1106;461
1108;1112;477
1109;1107;197
1109;1111;167
1109;1113;179
1110;1113;153
1111;1109;167
1111;1114;182
1112;1108;477
1112;1114;101
1113;1109;179
1113;1110;153
1114;1111;182
1114;1112;101
1114;1116;175
1114;1117;107
1115;1117;190
1115;1119;297
1116;1114;175
1116;1120;401
1117;1114;107
1117;1115;190
1118;1121;110
1119;1115;297
1119;1121;187
1119;1123;167
1120;1116;401
1121;1118;110
1121;1119;187
1121;1125;101
1122;1125;129
1122;1126;258
1123;1119;167
1124;1125;332
1125;1121;101
1125;1122;129
1125;1124;332
1125;1127;261
1125;1129;240
1126;1122;258
1126;1128;154
1127;1125;261
1128;1126;154
1129;1125;240
1129;1130;151
1129;1132;245
1130;1129;151
1130;1133;111
1131;1135;378
1132;1129;245
1133;1130;111
1133;1136;111
1133;1137;221
1134;1135;276
1135;1131;378
1135;1134;276
1135;1137;166
1136;1133;111
1137;1133;221
1137;1135;166
1137;1138;127
1137;1140;187
1138;1137;127
1138;1139;540
1139;1138;540
1140;1137;187
1140;1142;284
1140;1144;282
1141;1143;534
1142;1140;284
1142;1143;252
1143;1141;534
1143;1142;252
1144;1140;282
1144;1146;117
1145;1147;529
1146;1144;117
1146;1148;239
1147;1145;529
1147;1150;216
1148;1146;239
1148;1151;254
1149;1153;227
1150;1147;216
1150;1151;194
1150;1153;226
1151;1148;254
1151;1150;194
1151;1152;285
1151;1155;303
1152;1151;285
1153;1149;227
1153;1150;226
1153;1154;222
1153;1156;141
1154;1153;222
1154;1158;263
1155;1151;303
1155;1157;356
1156;1153;141
1157;1155;356
1157;1160;458
1158;1154;263
1158;1162;215
1159;1161;289
1160;1157;458
1161;1159;289
1161;1163;170
1162;1158;215
1162;1166;317
1163;1161;170
1163;1164;187
1163;1165;258
1164;1163;187
1165;1163;258
1165;1166;113
1166;1162;317
1166;1165;113
1166;1167;163
1166;1168;251
1167;1166;163
1168;1166;251
1168;1169;256
1169;1168;256
1169;1171;205
1170;1173;278
1170;1174;108
1171;1169;205
1171;1173;291
1172;1174;250
1173;1170;278
1173;1171;291
1173;1175;231
1174;1170;108
1174;1172;250
1175;1173;231
1175;1177;115
1175;1179;300
1176;1177;103
1177;1175;115
1177;1176;103
1177;1178;131
1177;1180;169
1178;1177;131
1179;1175;300
1179;1182;175
1180;1177;169
1181;1185;288
1182;1179;175
1182;1186;352
1183;1184;340
1184;1183;340
1184;1186;213
1185;1181;288
1185;1186;220
1186;1182;352
1186;1184;213
1186;1185;220
1186;1190;408
1187;1190;225
1188;1189;377
1189;1188;377
1189;1191;156
1190;1186;408
1190;1187;225
1190;1191;201
1190;1192;295
1191;1189;156
1191;1190;201
1191;1194;237
1192;1190;295
1193;1194;245
1194;1191;237
1194;1193;245
1194;1195;254
1194;1197;307
1195;1194;254
1195;1196;182
1196;1195;182
1197;1194;307
1197;1198;166
1198;1197;166
1198;1201;227
1199;1200;102
1199;1201;169
1200;1199;102
1201;1198;227
1201;1199;169
1201;1203;230
1202;1206;145
1203;1201;230
1203;1204;366
1204;1203;366
1204;1208;238
1205;1207;186
1206;1202;145
1206;1209;212
1207;1205;186
1207;1208;160
1208;1204;238
1208;1207;160
1208;1209;303
1209;1206;212
1209;1208;303
1209;1210;192
1210;1209;192
1210;1212;145
1211;1214;195
1212;1210;145
1212;1215;262
1212;1216;165
1213;1215;205
1214;1211;195
1214;1218;195
1215;1212;262
1215;1213;205
1216;1212;165
1216;1217;297
1216;1218;265
1216;1220;232
1217;1216;297
1218;1214;195
1218;1216;265
1219;1220;162
1220;1216;232
1220;1219;162
1220;1222;218
1221;1223;151
1222;1220;218
1222;1223;216
1222;1224;655
1223;1221;151
1223;1222;216
1224;1222;655
1224;1225;374
1224;1226;492
1225;1224;374
1226;1224;492
1226;1227;147
1226;1230;131
1227;1226;147
1227;1229;365
1228;1229;262
1229;1227;365
1229;1228;262
1229;1231;308
1229;1232;166
1229;1233;376
1230;1226;131
1231;1229;308
1232;1229;166
1232;1235;341
1233;1229;376
1233;1236;304
1233;1237;456
1234;1237;400
1235;1232;341
1235;1239;101
1236;1233;304
1236;1238;219
1237;1233;456
1237;1234;400
1238;1236;219
1239;1235;101
1239;1243;228
1240;1242;296
1240;1243;153
1240;1244;149
1241;1243;297
1242;1240;296
1242;1245;210
1243;1239;228
1243;1240;153
1243;1241;297
1244;1240;149
1244;1246;212
1244;1247;117
1244;1248;193
1245;1242;210
1246;1244;212
1246;1249;164
1247;1244;117
1247;1250;198
1248;1244;193
1248;1251;112
1249;1246;164
1250;1247;198
1251;1248;112
1251;1252;248
1251;1255;264
1252;1251;248
1253;1256;397
1254;1255;131
1255;1251;264
1255;1254;131
1255;1259;205
1256;1253;397
1256;1258;109
1257;1259;720
1258;1256;109
1258;1259;233
1258;1262;350
1259;1255;205
1259;1257;720
1259;1258;233
1259;1260;244
1260;1259;244
1260;1263;136
1261;1263;124
1261;1264;226
1262;1258;350
1262;1265;101
1263;1260;136
1263;1261;124
1264;1261;226
1265;1262;101
1265;1266;130
1266;1265;130
1266;1268;212
1266;1269;334
1267;1270;233
1268;1266;212
1268;1270;126
1269;1266;334
1269;1271;327
1270;1267;233
1270;1268;126
1271;1269;327
1271;1273;187
1271;1274;363
1272;1275;221
1273;1271;187
1273;1275;284
1274;1271;363
1275;1272;221
1275;1273;284
1275;1276;181
1275;1278;204
1276;1275;181
1276;1277;212
1277;1276;212
1278;1275;204
1278;1279;109
1278;1280;158
1279;1278;109
1280;1278;158
1280;1281;124
1281;1280;124
1281;1283;263
1281;1285;221
1282;1283;138
1283;1281;263
1283;1282;138
1283;1287;118
1284;1288;203
1285;1281;221
1286;1288;115
1286;1289;148
1287;1283;118
1287;1288;103
1288;1284;203
1288;1286;115
1288;1287;103
1288;1290;324
1288;1291;175
1288;1292;120
1289;1286;148
1290;1288;324
1291;1288;175
1292;1288;120
1292;1293;136
1292;1296;183
1293;1292;136
1293;1294;111
1293;1295;238
1294;1293;111
1294;1297;156
1295;1293;238
1296;1292;183
1297;1294;156
1297;1299;103
1297;1301;164
1298;1302;290
1299;1297;103
1299;1303;280
1300;1302;211
1300;1303;144
1301;1297;164
1301;1305;175
1302;1298;290
1302;1300;211
1303;1299;280
1303;1300;144
1304;1307;248
1305;1301;175
1305;1307;303
1305;1309;387
1306;1308;103
1307;1304;248
1307;1305;303
1307;1311;124
1308;1306;103
1308;1311;103
1309;1305;387
1310;1312;537
1311;1307;124
1311;1308;103
1311;1313;224
1312;1310;537
1312;1315;206
1313;1311;224
1313;1316;371
1314;1316;148
1315;1312;206
1315;1316;216
1315;1317;232
1316;1313;371
1316;1314;148
1316;1315;216
1317;1315;232
1317;1321;159
1318;1320;177
1319;1322;305
1320;1318;177
1320;1324;136
1321;1317;159
1321;1322;287
1321;1323;235
1321;1324;208
1322;1319;305
1322;1321;287
1323;1321;235
1324;1320;136
1324;1321;208
1324;1328;311
1325;1327;143
1326;1328;373
1326;1329;285
1327;1325;143
1327;1328;199
1328;1324;311
1328;1326;373
1328;1327;199
1328;1332;391
1329;1326;285
1329;1330;203
1330;1329;203
1331;1333;113
1332;1328;391
1332;1336;138
1333;1331;113
1333;1337;262
1334;1335;200
1334;1336;127
1334;1337;208
1334;1338;299
1335;1334;200
1336;1332;138
1336;1334;127
1336;1340;469
1337;1333;262
1337;1334;208
1338;1334;299
1339;1342;228
1340;1336;469
1340;1343;121
1341;1344;497
1342;1339;228
1342;1344;382
1343;1340;121
1343;1346;291
1344;1341;497
1344;1342;382
1344;1348;110
1345;1346;216
1345;1347;201
1346;1343;291
1346;1345;216
1346;1350;151
1347;1345;201
1347;1349;246
1348;1344;110
1348;1351;200
1349;1347;246
1349;1353;158
1350;1346;151
1351;1348;200
1351;1353;188
1352;1354;210
1352;1356;187
1353;1349;158
1353;1351;188
1353;1354;199
1354;1352;210
1354;1353;199
1355;1356;275
1356;1352;187
1356;1355;275
1356;1357;209
1356;1359;166
1357;1356;209
1358;1360;302
1358;1361;378
1359;1356;166
1359;1360;276
1360;1358;302
1360;1359;276
1360;1362;248
1361;1358;378
1361;1365;135
1362;1360;248
1363;1364;177
1363;1367;499
1364;1363;177
1364;1365;172
1364;1368;112
1365;1361;135
1365;1364;172
1366;1369;134
1367;1363;499
1368;1364;112
1368;1370;108
1368;1371;337
1369;1366;134
1369;1370;273
1370;1368;108
1370;1369;273
1370;1372;110
1370;1373;228
1371;1368;337
1372;1370;110
1373;1370;228
1373;1377;194
1374;1375;281
1375;1374;281
1375;1378;146
1376;1377;179
1376;1378;148
1377;1373;194
1377;1376;179
1378;1375;146
1378;1376;148
1378;1379;141
1379;1378;141
1379;1381;316
1380;1384;105
1381;1379;316
1381;1383;204
1382;1383;245
1382;1385;176
1383;1381;204
1383;1382;245
1383;1387;256
1384;1380;105
1384;1386;111
1384;1388;170
1385;1382;176
1385;1386;284
1386;1384;111
1386;1385;284
1387;1383;256
1387;1389;220
1388;1384;170
1389;1387;220
1389;1391;177
1389;1393;236
1390;1394;136
1391;1389;177
1391;1394;198
1392;1395;107
1393;1389;236
1394;1390;136
1394;1391;198
1394;1397;241
1395;1392;107
1395;1396;164
1396;1395;164
1396;1398;261
1396;1399;138
1397;1394;241
1397;1400;308
1397;1401;358
1398;1396;261
1399;1396;138
1399;1402;141
1400;1397;308
1400;1403;317
1400;1404;168
1401;1397;358
1402;1399;141
1402;1404;316
1403;1400;317
1403;1405;402
1404;1400;168
1404;1402;316
1405;1403;402
1405;1406;119
1406;1405;119
1406;1407;135
1407;1406;135
1407;1410;179
1408;1411;230
1409;1411;216
1410;1407;179
1410;1411;103
1411;1408;230
1411;1409;216
1411;1410;103
1411;1412;263
1412;1411;263
1412;1413;114
1412;1414;121
1412;1416;118
1413;1412;114
1414;1412;121
1415;1417;192
1416;1412;118
1416;1420;245
1417;1415;192
1417;1419;321
1418;1420;108
1418;1421;128
1419;1417;321
1419;1420;194
1419;1423;150
1420;1416;245
1420;1418;108
1420;1419;194
1421;1418;128
1422;1424;125
1422;1425;163
1423;1419;150
1423;1426;134
1424;1422;125
1424;1428;168
1425;1422;163
1426;1423;134
1426;1427;225
1426;1428;105
1426;1430;109
1427;1426;225
1428;1424;168
1428;1426;105
1428;1432;257
1429;1430;161
1429;1431;226
1430;1426;109
1430;1429;161
1431;1429;226
1431;1433;114
1432;1428;257
1432;1436;230
1433;1431;114
1433;1434;196
1433;1437;266
1434;1433;196
1435;1439;279
1436;1432;230
1436;1439;276
1437;1433;266
1437;1438;138
1437;1440;367
1437;1441;216
1438;1437;138
1439;1435;279
1439;1436;276
1440;1437;367
1441;1437;216
1441;1442;142
1442;1441;142
1442;1444;120
1443;1445;114
1444;1442;120
1444;1446;495
1444;1447;191
1445;1443;114
1445;1447;104
1445;1448;104
1445;1449;202
1446;1444;495
1447;1444;191
1447;1445;104
1448;1445;104
1449;1445;202
1449;1450;218
1449;1451;194
1450;1449;218
1450;1454;159
1451;1449;194
1451;1453;379
1452;1454;511
1453;1451;379
1453;1455;148
1453;1456;183
1454;1450;159
1454;1452;511
1455;1453;148
1456;1453;183
1456;1457;348
1457;1456;348
1457;1460;256
1457;1461;342
1458;1459;441
1458;1460;329
1459;1458;441
1460;1457;256
1460;1458;329
1460;1463;138
1461;1457;342
1462;1463;323
1462;1465;282
1463;1460;138
1463;1462;323
1463;1464;352
1463;1466;112
1464;1463;352
1465;1462;282
1465;1467;271
1466;1463;112
1467;1465;271
1467;1469;146
1467;1471;134
1468;1472;210
1469;1467;146
1469;1472;261
1469;1473;310
1470;1471;101
1471;1467;134
1471;1470;101
1471;1474;245
1472;1468;210
1472;1469;261
1472;1475;181
1473;1469;310
1473;1476;390
1474;1471;245
1475;1472;181
1476;1473;390
1476;1479;186
1477;1478;218
1477;1480;129
1478;1477;218
1479;1476;186
1479;1480;125
1480;1477;129
1480;1479;125
1480;1481;326
1480;1482;251
1481;1480;326
1482;1480;251
1482;1483;411
1482;1486;128
1483;1482;411
1484;1486;197
1485;1488;248
1486;1482;128
1486;1484;197
1486;1490;220
1487;1490;199
1487;1491;113
1488;1485;248
1488;1491;144
1489;1490;373
1489;1493;111
1490;1486;220
1490;1487;199
1490;1489;373
1491;1487;113
1491;1488;144
1492;1494;153
1493;1489;111
1493;1495;317
1493;1497;257
1494;1492;153
1494;1496;227
1495;1493;317
1495;1496;162
1496;1494;227
1496;1495;162
1496;1499;175
1497;1493;257
1497;1498;372
1497;1500;280
1498;1497;372
1498;1501;105
1499;1496;175
1500;1497;280
1500;1504;125
1501;1498;105
1502;1504;219
1502;1506;102
1503;1506;167
1504;1500;125
1504;1502;219
1505;1507;245
1505;1509;209
1506;1502;102
1506;1503;167
1506;1509;403
1507;1505;245
1508;1509;228
1508;1512;293
1509;1505;209
1509;1506;403
1509;1508;228
1509;1510;150
1510;1509;150
1510;1511;117
1510;1513;349
1511;1510;117
1512;1508;293
1513;1510;349
1513;1515;354
1513;1516;234
1514;1518;149
1515;1513;354
1515;1519;161
1516;1513;234
1517;1519;127
1517;1521;262
1518;1514;149
1518;1520;152
1519;1515;161
1519;1517;127
1519;1520;140
1520;1518;152
1520;1519;140
1521;1517;262
1521;1522;147
1521;1525;199
1522;1521;147
1523;1525;221
1524;1525;462
1524;1527;158
1524;1528;160
1525;1521;199
1525;1523;221
1525;1524;462
1526;1528;180
1527;1524;158
1527;1530;405
1527;1531;413
1528;1524;160
1528;1526;180
1529;1530;167
1530;1527;405
1530;1529;167
1530;1532;280
1530;1534;335
1531;1527;413
1532;1530;280
1532;1536;369
1533;1534;287
1533;1535;439
1534;1530;335
1534;1533;287
1535;1533;439
1535;1538;439
1536;1532;369
1537;1539;245
1538;1535;439
1538;1542;311
1539;1537;245
1539;1541;111
1540;1541;334
1541;1539;111
1541;1540;334
1541;1542;198
1541;1543;234
1542;1538;311
1542;1541;198
1542;1544;113
1542;1546;280
1543;1541;234
1544;1542;113
1545;1547;101
1546;1542;280
1546;1547;157
1546;1550;370
1547;1545;101
1547;1546;157
1548;1549;240
1548;1550;255
1549;1548;240
1549;1553;212
1550;1546;370
1550;1548;255
1550;1552;291
1551;1553;178
1552;1550;291
1552;1555;281
1553;1549;212
1553;1551;178
1553;1556;310
1554;1555;486
1555;1552;281
1555;1554;486
1555;1558;298
1556;1553;310
1557;1558;322
1557;1561;317
1558;1555;298
1558;1557;322
1559;1562;105
1559;1563;346
1560;1561;133
1560;1564;340
1561;1557;317
1561;1560;133
1562;1559;105
1563;1559;346
1563;1564;259
1564;1560;340
1564;1563;259
1564;1567;304
1565;1567;195
1565;1568;193
1566;1568;230
1566;1570;122
1567;1564;304
1567;1565;195
1567;1571;108
1568;1565;193
1568;1566;230
1569;1572;423
1570;1566;122
1570;1573;258
1570;1574;306
1571;1567;108
1571;1572;149
1571;1575;164
1572;1569;423
1572;1571;149
1572;1576;244
1573;1570;258
1573;1577;258
1574;1570;306
1574;1578;441
1575;1571;164
1576;1572;244
1577;1573;258
1578;1574;441
1578;1579;409
1579;1578;409
1579;1582;111
1580;1581;163
1580;1582;336
1580;1583;122
1580;1584;192
1581;1580;163
1582;1579;111
1582;1580;336
1583;1580;122
1583;1587;360
1584;1580;192
1585;1587;179
1586;1588;306
1587;1583;360
1587;1585;179
1587;1591;176
