0;2;179
1;2;473
2;0;179
2;1;473
2;5;320
3;7;496
4;5;230
4;6;425
5;2;320
5;4;230
5;9;216
6;4;425
7;3;496
7;8;288
7;10;352
8;7;288
8;9;189
9;5;216
9;8;189
9;13;241
10;7;352
11;13;184
12;14;100
13;9;241
13;11;184
13;17;260
14;12;100
14;15;246
15;14;246
15;16;251
16;15;251
16;20;236
17;13;260
17;21;132
18;19;128
19;18;128
19;20;249
19;21;185
19;23;147
20;16;236
20;19;249
21;17;132
21;19;185
21;22;282
21;24;299
22;21;282
23;19;147
23;25;155
24;21;299
24;28;191
25;23;155
25;26;259
26;25;259
27;29;387
28;24;191
28;29;123
29;27;387
29;28;123
29;30;500
30;29;500
30;33;354
31;32;210
32;31;210
32;33;336
32;36;156
33;30;354
33;32;336
34;35;185
34;38;116
35;34;185
35;36;167
36;32;156
36;35;167
36;37;187
36;40;246
37;36;187
37;39;349
38;34;116
39;37;349
40;36;246
40;41;313
40;43;280
41;40;313
41;44;320
42;46;228
43;40;280
44;41;320
44;45;161
45;44;161
45;46;282
46;42;228
46;45;282
46;47;246
47;46;246
47;48;171
47;49;103
48;47;171
48;52;154
49;47;103
50;54;156
51;55;176
52;48;154
52;54;131
52;55;154
53;54;197
54;50;156
54;52;131
54;53;197
55;51;176
55;52;154
55;59;486
56;60;264
57;60;115
57;61;362
58;59;316
58;61;188
59;55;486
59;58;316
59;63;310
60;56;264
60;57;115
60;64;321
61;57;362
61;58;188
62;66;439
63;59;310
64;60;321
64;66;155
64;67;131
65;69;141
66;62;439
66;64;155
66;69;224
67;64;131
67;68;200
68;67;200
68;70;191
69;65;141
69;66;224
70;68;191
70;71;314
70;72;539
71;70;314
71;75;176
72;70;539
72;76;161
73;75;185
73;77;114
74;78;254
75;71;176
75;73;185
76;72;161
77;73;114
77;78;134
78;74;254
78;77;134
78;79;110
79;78;110
79;81;244
80;82;224
80;83;242
81;79;244
81;83;306
82;80;224
83;80;242
83;81;306
83;84;216
84;83;216
84;87;431
85;86;182
85;89;296
86;85;182
86;88;185
86;90;379
87;84;431
87;88;276
88;86;185
88;87;276
89;85;296
90;86;379
90;92;298
90;94;151
91;94;161
92;90;298
92;93;179
93;92;179
93;95;217
93;96;184
94;90;151
94;91;161
95;93;217
96;93;184
96;100;349
97;98;259
98;97;259
98;99;111
99;98;111
99;100;108
99;101;191
100;96;349
100;99;108
100;103;408
101;99;191
102;106;282
103;100;408
103;104;204
103;106;213
103;107;147
104;103;204
105;107;128
106;102;282
106;103;213
106;108;165
107;103;147
107;105;128
108;106;165
108;109;293
108;112;358
109;108;293
109;111;232
110;111;381
111;109;232
111;110;381
111;115;399
112;108;358
113;116;219
114;116;231
115;111;399
115;118;249
116;113;219
116;114;231
116;120;281
117;119;312
117;121;313
118;115;249
118;119;200
118;122;215
119;117;312
119;118;200
120;116;281
120;124;396
121;117;313
121;124;120
122;118;215
123;126;413
124;120;396
124;121;120
124;128;178
125;127;570
126;123;413
126;129;306
127;125;570
127;130;122
128;124;178
128;130;154
129;126;306
129;130;258
129;131;392
130;127;122
130;128;154
130;129;258
130;132;341
131;129;392
132;130;341
132;134;205
133;137;198
134;132;205
134;137;175
135;136;470
136;135;470
136;137;107
137;133;198
137;134;175
137;136;107
137;140;364
137;141;321
138;139;453
138;140;290
139;138;453
139;142;184
139;143;419
140;137;364
140;138;290
141;137;321
142;139;184
143;139;419
143;144;576
143;147;373
144;143;576
145;148;162
145;149;127
146;148;210
147;143;373
147;151;225
148;145;162
148;146;210
148;152;115
149;145;127
150;153;303
151;147;225
151;152;164
152;148;115
152;151;164
152;153;123
153;150;303
153;152;123
153;154;138
154;153;138
154;155;238
154;158;204
155;154;238
155;156;208
156;155;208
157;159;162
157;161;120
158;154;204
158;161;199
159;157;162
160;164;100
161;157;120
161;158;199
161;164;195
162;164;204
163;165;114
163;167;308
164;160;100
164;161;195
164;162;204
164;165;161
165;163;114
165;164;161
165;169;272
166;169;249
167;163;308
168;169;177
169;165;272
169;166;249
169;168;177
169;171;191
169;172;196
170;173;151
171;169;191
172;169;196
172;175;121
173;170;151
173;175;132
174;177;307
175;172;121
175;173;132
175;179;302
176;178;129
176;180;354
177;174;307
177;179;212
178;176;129
178;181;271
179;175;302
179;177;212
179;180;227
180;176;354
180;179;227
181;178;271
181;182;226
181;185;321
182;181;226
182;183;132
183;182;132
183;187;252
184;188;253
185;181;321
186;189;276
187;183;252
187;190;245
188;184;253
188;191;174
189;186;276
189;190;286
189;191;216
190;187;245
190;189;286
191;188;174
191;189;216
191;192;195
191;193;184
192;191;195
193;191;184
193;196;139
194;198;253
195;196;147
195;197;139
195;198;213
196;193;139
196;195;147
196;200;318
197;195;139
197;199;145
198;194;253
198;195;213
198;202;140
199;197;145
200;196;318
200;204;278
201;202;161
202;198;140
202;201;161
202;203;355
203;202;355
203;206;412
204;200;278
204;205;136
205;204;136
206;203;412
206;208;558
207;210;599
208;206;558
208;211;315
209;212;372
210;207;599
210;214;152
211;208;315
211;213;233
212;209;372
212;213;139
213;211;233
213;212;139
213;214;334
213;215;202
214;210;152
214;213;334
215;213;202
215;217;265
216;218;177
217;215;265
217;220;261
218;216;177
218;222;102
219;220;109
220;217;261
220;219;109
220;221;158
220;222;157
220;223;213
221;220;158
222;218;102
222;220;157
222;225;316
223;220;213
223;224;170
224;223;170
225;222;316
225;226;206
225;229;265
226;225;206
227;229;289
228;232;162
229;225;265
229;227;289
229;231;215
229;233;123
230;231;115
230;234;226
231;229;215
231;230;115
232;228;162
232;234;323
233;229;123
233;235;255
234;230;226
234;232;323
234;236;147
234;238;359
235;233;255
236;234;147
236;237;299
237;236;299
237;239;125
238;234;359
239;237;125
239;242;186
240;243;124
241;244;383
242;239;186
242;245;300
243;240;124
243;247;317
244;241;383
244;246;139
245;242;300
245;247;184
245;249;138
246;244;139
246;247;222
247;243;317
247;245;184
247;246;222
247;251;242
248;250;423
249;245;138
249;250;113
250;248;423
250;249;113
250;254;284
251;247;242
251;253;272
252;254;387
253;251;272
254;250;284
254;252;387
254;255;130
254;258;213
255;254;130
256;257;104
256;260;178
257;256;104
257;258;315
258;254;213
258;257;315
259;261;206
259;262;179
260;256;178
260;261;390
261;259;206
261;260;390
262;259;179
262;263;247
262;266;294
263;262;247
263;264;134
263;267;106
264;263;134
265;267;217
266;262;294
266;268;194
266;269;322
267;263;106
267;265;217
267;270;360
268;266;194
269;266;322
269;273;231
270;267;360
271;272;235
271;273;101
272;271;235
272;274;278
273;269;231
273;271;101
273;277;301
274;272;278
275;276;308
275;278;337
276;275;308
277;273;301
277;278;123
277;280;309
278;275;337
278;277;123
279;280;184
280;277;309
280;279;184
280;281;230
280;282;122
281;280;230
281;283;348
282;280;122
282;285;210
283;281;348
283;284;227
284;283;227
284;286;190
285;282;210
286;284;190
286;288;137
286;289;267
287;288;377
287;291;103
288;286;137
288;287;377
289;286;267
289;290;177
290;289;177
291;287;103
291;294;272
292;293;134
292;294;169
293;292;134
293;295;173
294;291;272
294;292;169
295;293;173
295;299;274
296;300;130
297;298;202
298;297;202
298;300;121
299;295;274
299;300;176
300;296;130
300;298;121
300;299;176
300;301;145
300;303;356
301;300;145
301;304;273
302;304;360
303;300;356
303;307;269
304;301;273
304;302;360
304;306;154
304;308;279
305;306;160
306;304;154
306;305;160
307;303;269
307;311;356
308;304;279
309;310;167
309;312;283
310;309;167
310;311;168
311;307;356
311;310;168
311;315;235
312;309;283
312;316;114
313;316;175
314;317;335
315;311;235
316;312;114
316;313;175
316;317;123
317;314;335
317;316;123
317;320;137
318;320;298
319;320;236
320;317;137
320;318;298
320;319;236
320;321;279
320;322;185
320;323;311
321;320;279
322;320;185
323;320;311
323;324;311
323;326;345
324;323;311
325;329;452
326;323;345
326;328;375
326;330;221
327;328;160
328;326;375
328;327;160
328;329;252
329;325;452
329;328;252
329;332;175
330;326;221
330;333;397
331;335;108
332;329;175
333;330;397
333;334;131
333;336;155
334;333;131
335;331;108
335;336;230
335;338;183
336;333;155
336;335;230
337;338;226
338;335;183
338;337;226
338;339;284
338;341;353
339;338;284
340;341;122
340;342;258
340;344;123
341;338;353
341;340;122
342;340;258
343;345;338
344;340;123
344;346;302
345;343;338
345;346;114
346;344;302
346;345;114
346;347;124
346;350;168
347;346;124
347;348;273
348;347;273
348;349;237
349;348;237
349;353;526
350;346;168
350;351;250
351;350;250
351;355;137
352;356;139
353;349;526
354;355;139
354;357;305
355;351;137
355;354;139
355;356;261
356;352;139
356;355;261
356;359;115
357;354;305
357;360;278
358;361;314
359;356;115
360;357;278
360;361;342
360;362;190
360;363;127
361;358;314
361;360;342
361;365;136
362;360;190
362;366;182
363;360;127
364;365;209
365;361;136
365;364;209
365;369;146
366;362;182
367;369;369
367;371;390
368;372;559
369;365;146
369;367;369
370;373;343
371;367;390
371;375;102
372;368;559
372;376;294
373;370;343
373;376;230
374;378;392
375;371;102
375;376;102
376;372;294
376;373;230
376;375;102
376;378;399
377;378;319
377;379;111
378;374;392
378;376;399
378;377;319
379;377;111
379;380;143
379;382;331
380;379;143
380;381;213
381;380;213
382;379;331
382;383;119
382;384;188
382;386;157
383;382;119
384;382;188
385;386;220
385;389;124
386;382;157
386;385;220
387;388;150
387;389;108
388;387;150
388;390;111
388;391;160
389;385;124
389;387;108
390;388;111
391;388;160
391;392;118
392;391;118
392;394;186
393;394;104
393;397;195
394;392;186
394;393;104
395;397;195
396;400;138
397;393;195
397;395;195
397;401;391
398;400;154
398;401;247
399;401;134
399;402;532
400;396;138
400;398;154
401;397;391
401;398;247
401;399;134
402;399;532
402;404;564
403;406;338
403;407;195
404;402;564
404;407;569
405;407;215
406;403;338
406;409;271
407;403;195
407;404;569
407;405;215
407;408;243
408;407;243
409;406;271
409;411;101
409;413;123
410;411;312
411;409;101
411;410;312
411;414;112
412;415;117
412;416;124
413;409;123
414;411;112
414;415;188
414;417;190
415;412;117
415;414;188
416;412;124
416;419;107
417;414;190
417;418;147
418;417;147
419;416;107
419;420;112
420;419;112
420;421;212
420;422;297
421;420;212
421;425;257
422;420;297
422;423;212
423;422;212
423;424;187
424;423;187
425;421;257
425;426;150
425;427;136
425;428;169
426;425;150
427;425;136
427;429;115
428;425;169
428;430;525
429;427;115
429;433;315
430;428;525
431;432;266
431;435;223
432;431;266
432;434;267
432;436;247
433;429;315
433;436;137
434;432;267
434;437;345
435;431;223
435;438;175
436;432;247
436;433;137
437;434;345
437;441;317
438;435;175
439;441;254
440;444;284
441;437;317
441;439;254
441;444;657
442;443;103
442;444;185
442;446;337
443;442;103
443;445;110
444;440;284
444;441;657
444;442;185
444;448;322
445;443;110
445;447;170
446;442;337
447;445;170
447;450;124
447;451;175
448;444;322
448;449;144
449;448;144
450;447;124
450;453;211
451;447;175
452;453;174
452;455;199
453;450;211
453;452;174
453;454;257
453;456;192
454;453;257
455;452;199
456;453;192
456;460;118
457;459;155
458;461;230
459;457;155
459;460;139
459;461;252
460;456;118
460;459;139
460;464;139
461;458;230
461;459;252
461;463;165
462;464;192
463;461;165
463;467;122
464;460;139
464;462;192
465;467;123
466;467;122
466;469;278
467;463;122
467;465;123
467;466;122
467;468;466
468;467;466
468;470;185
469;466;278
469;471;253
469;473;218
470;468;185
471;469;253
472;475;283
473;469;218
473;474;388
474;473;388
474;477;304
475;472;283
475;477;196
476;477;100
476;479;213
476;480;169
477;474;304
477;475;196
477;476;100
478;479;202
479;476;213
479;478;202
479;481;106
480;476;169
480;482;435
480;483;258
481;479;106
482;480;435
482;484;375
483;480;258
484;482;375
484;485;191
484;486;126
484;488;108
485;484;191
486;484;126
486;489;191
487;489;214
488;484;108
488;492;237
489;486;191
489;487;214
490;491;128
490;494;297
491;490;128
492;488;237
492;496;292
493;494;213
494;490;297
494;493;213
494;498;162
495;498;223
496;492;292
496;497;236
497;496;236
497;498;180
498;494;162
498;495;223
498;497;180
498;501;198
498;502;143
499;503;275
500;501;267
501;498;198
501;500;267
502;498;143
502;503;173
502;504;186
502;505;350
502;506;259
503;499;275
503;502;173
504;502;186
505;502;350
506;502;259
506;507;109
507;506;109
507;511;250
508;512;210
509;510;123
509;511;260
509;513;288
510;509;123
511;507;250
511;509;260
511;512;292
511;514;341
512;508;210
512;511;292
512;516;305
513;509;288
514;511;341
515;516;331
516;512;305
516;515;331
516;517;217
517;516;217
517;519;138
518;520;261
518;521;249
519;517;138
519;521;209
520;518;261
521;518;249
521;519;209
521;522;443
521;524;162
522;521;443
523;526;217
524;521;162
524;525;208
525;524;208
525;527;163
526;523;217
526;530;319
527;525;163
527;530;183
527;531;224
528;531;228
529;533;565
530;526;319
530;527;183
531;527;224
531;528;228
531;533;242
532;534;187
532;535;161
533;529;565
533;531;242
533;535;305
534;532;187
535;532;161
535;533;305
535;537;288
535;538;201
535;539;315
536;538;111
537;535;288
538;535;201
538;536;111
539;535;315
539;540;401
540;539;401
540;544;373
541;542;252
542;541;252
542;543;368
542;544;388
543;542;368
543;546;177
544;540;373
544;542;388
545;546;128
546;543;177
546;545;128
546;548;331
547;548;305
548;546;331
548;547;305
548;551;138
548;552;333
549;550;333
550;549;333
550;551;161
551;548;138
551;550;161
551;555;106
552;548;333
553;556;147
554;555;316
554;558;171
555;551;106
555;554;316
555;556;161
555;557;150
556;553;147
556;555;161
557;555;150
557;559;309
558;554;171
559;557;309
559;563;504
560;561;350
560;564;309
561;560;350
561;565;460
562;566;105
563;559;504
563;566;517
564;560;309
564;566;413
564;567;355
565;561;460
566;562;105
566;563;517
566;564;413
566;568;459
567;564;355
567;571;220
568;566;459
569;573;479
570;571;356
570;572;240
570;573;197
570;574;169
571;567;220
571;570;356
572;570;240
572;575;116
573;569;479
573;570;197
573;577;162
574;570;169
575;572;116
575;579;154
576;579;397
577;573;162
577;580;359
578;581;209
579;575;154
579;576;397
580;577;359
580;583;193
580;584;257
581;578;209
581;585;353
582;585;125
583;580;193
584;580;257
584;585;279
584;586;189
584;587;177
585;581;353
585;582;125
585;584;279
586;584;189
586;590;213
587;584;177
587;591;401
588;592;434
589;593;317
590;586;213
591;587;401
591;595;443
592;588;434
592;594;262
593;589;317
593;597;344
594;592;262
594;598;315
595;591;443
595;598;268
596;597;312
596;598;129
597;593;344
597;596;312
598;594;315
598;595;268
598;596;129
598;599;372
599;598;372
599;600;208
599;601;271
600;599;208
601;599;271
601;602;235
601;603;118
602;601;235
602;604;230
602;606;261
603;601;118
604;602;230
605;606;103
605;608;143
606;602;261
606;605;103
607;611;529
608;605;143
608;611;223
609;612;236
610;611;195
611;607;529
611;608;223
611;610;195
611;613;107
612;609;236
612;614;135
612;615;214
613;611;107
613;614;209
614;612;135
614;613;209
615;612;214
615;616;235
615;618;110
615;619;252
616;615;235
616;617;254
617;616;254
618;615;110
618;620;110
619;615;252
619;623;178
620;618;110
620;622;169
621;624;169
622;620;169
622;624;186
622;625;121
623;619;178
623;626;396
624;621;169
624;622;186
625;622;121
626;623;396
626;630;468
627;630;469
628;632;246
629;630;139
630;626;468
630;627;469
630;629;139
630;634;196
631;633;190
631;635;271
632;628;246
632;634;132
632;636;217
633;631;190
634;630;196
634;632;132
635;631;271
635;639;247
636;632;217
636;638;337
637;638;392
638;636;337
638;637;392
638;640;252
638;642;337
639;635;247
639;643;110
640;638;252
640;644;155
641;643;145
641;645;272
642;638;337
643;639;110
643;641;145
643;644;316
643;647;108
644;640;155
644;643;316
644;646;416
645;641;272
645;648;139
646;644;416
646;650;396
647;643;108
648;645;139
648;649;236
648;651;364
649;648;236
650;646;396
651;648;364
651;655;272
652;654;272
652;656;159
653;657;236
654;652;272
654;657;303
655;651;272
655;659;123
656;652;159
656;658;118
656;659;185
656;660;153
657;653;236
657;654;303
658;656;118
658;661;240
659;655;123
659;656;185
660;656;153
661;658;240
661;662;171
662;661;171
662;666;109
663;666;265
663;667;465
664;665;168
664;668;230
665;664;168
665;669;160
666;662;109
666;663;265
666;670;193
667;663;465
668;664;230
669;665;160
669;672;213
670;666;193
670;671;353
670;672;240
670;673;328
671;670;353
672;669;213
672;670;240
672;676;261
673;670;328
673;674;252
673;677;616
674;673;252
675;676;219
676;672;261
676;675;219
676;679;290
676;680;141
677;673;616
678;679;242
679;676;290
679;678;242
680;676;141
680;682;272
680;684;136
681;684;303
681;685;181
682;680;272
683;687;161
684;680;136
684;681;303
685;681;181
685;686;473
685;689;200
686;685;473
687;683;161
687;688;158
687;690;119
688;687;158
688;689;114
689;685;200
689;688;114
689;693;123
690;687;119
690;691;147
691;690;147
691;692;189
691;694;193
691;695;144
692;691;189
693;689;123
694;691;193
694;698;336
695;691;144
695;696;111
696;695;111
696;697;218
697;696;218
697;701;167
698;694;336
698;702;354
699;702;113
699;703;202
700;701;442
701;697;167
701;700;442
701;704;362
701;705;348
702;698;354
702;699;113
703;699;202
704;701;362
704;708;319
705;701;348
705;706;243
706;705;243
706;709;101
707;708;171
708;704;319
708;707;171
709;706;101
709;710;158
709;712;187
710;709;158
710;711;127
711;710;127
711;713;357
712;709;187
712;716;229
713;711;357
713;714;362
714;713;362
715;716;350
716;712;229
716;715;350
716;717;303
716;720;153
717;716;303
718;720;213
718;721;123
719;720;131
720;716;153
720;718;213
720;719;131
720;722;158
720;723;289
721;718;123
722;720;158
723;720;289
723;725;118
724;726;498
725;723;118
725;727;189
725;729;134
726;724;498
726;728;499
727;725;189
727;731;173
728;726;499
728;729;344
729;725;134
729;728;344
730;732;421
730;733;161
731;727;173
731;732;261
732;730;421
732;731;261
733;730;161
733;736;375
734;737;375
735;737;401
735;738;409
736;733;375
736;740;395
737;734;375
737;735;401
738;735;409
738;741;245
739;741;110
740;736;395
740;742;292
740;743;165
741;738;245
741;739;110
741;744;104
742;740;292
742;746;298
743;740;165
744;741;104
744;745;423
744;747;107
745;744;423
746;742;298
746;749;102
747;744;107
747;748;189
748;747;189
748;749;129
748;750;169
748;751;440
749;746;102
749;748;129
749;752;384
750;748;169
751;748;440
751;754;210
752;749;384
753;755;395
753;756;142
753;757;418
754;751;210
754;758;240
755;753;395
756;753;142
756;758;205
757;753;418
757;760;465
758;754;240
758;756;205
758;761;535
758;762;397
759;763;311
760;757;465
761;758;535
762;758;397
762;763;156
763;759;311
763;762;156
763;767;318
764;765;424
764;767;420
765;764;424
766;767;108
766;769;104
766;770;181
767;763;318
767;764;420
767;766;108
768;769;137
769;766;104
769;768;137
769;773;339
770;766;181
770;772;400
771;772;230
771;775;183
772;770;400
772;771;230
773;769;339
773;774;250
773;777;516
774;773;250
774;776;127
775;771;183
776;774;127
777;773;516
777;779;248
777;781;239
778;780;196
779;777;248
779;782;376
780;778;196
780;784;334
781;777;239
781;783;369
781;785;113
782;779;376
783;781;369
784;780;334
784;788;291
785;781;113
785;787;191
785;789;142
786;789;137
787;785;191
787;790;197
788;784;291
788;790;353
789;785;142
789;786;137
789;791;116
789;793;212
790;787;197
790;788;353
791;789;116
791;794;188
792;796;128
793;789;212
793;796;137
794;791;188
794;798;186
795;797;165
795;798;157
796;792;128
796;793;137
797;795;165
798;794;186
798;795;157
798;799;210
799;798;210
799;801;320
800;804;227
801;799;320
801;803;288
802;803;244
803;801;288
803;802;244
803;804;286
803;806;143
804;800;227
804;803;286
804;808;198
805;809;315
806;803;143
806;807;288
807;806;288
808;804;198
808;809;185
808;810;258
808;812;197
809;805;315
809;808;185
810;808;258
810;811;168
810;813;260
811;810;168
812;808;197
813;810;260
813;816;165
813;817;154
814;816;217
814;818;265
815;816;370
816;813;165
816;814;217
816;815;370
817;813;154
818;814;265
818;820;139
818;821;258
819;820;402
820;818;139
820;819;402
821;818;258
821;822;310
822;821;310
822;826;126
823;825;179
824;826;207
824;827;182
825;823;179
825;827;182
826;822;126
826;824;207
827;824;182
827;825;182
827;828;173
827;830;125
828;827;173
829;830;111
829;832;133
830;827;125
830;829;111
831;832;117
831;834;201
832;829;133
832;831;117
833;835;157
833;837;222
834;831;201
834;837;198
834;838;322
835;833;157
836;838;209
837;833;222
837;834;198
838;834;322
838;836;209
838;842;170
839;840;208
840;839;208
840;841;244
840;844;362
841;840;244
842;838;170
842;845;199
843;846;118
844;840;362
844;848;212
845;842;199
845;846;160
846;843;118
846;845;160
846;849;225
847;848;215
847;850;232
848;844;212
848;847;215
849;846;225
849;850;199
850;847;232
850;849;199
850;852;491
850;854;303
851;854;138
852;850;491
852;853;339
852;855;200
853;852;339
854;850;303
854;851;138
855;852;200
855;856;287
856;855;287
856;857;169
856;858;143
856;860;124
857;856;169
857;861;254
858;856;143
858;859;130
859;858;130
860;856;124
860;862;393
860;864;272
861;857;254
862;860;393
863;865;390
864;860;272
864;867;184
865;863;390
865;867;129
865;868;156
866;870;141
867;864;184
867;865;129
867;869;403
868;865;156
868;871;313
869;867;403
869;872;208
870;866;141
870;872;336
870;873;310
871;868;313
872;869;208
872;870;336
873;870;310
873;875;262
873;877;138
874;875;266
875;873;262
875;874;266
875;878;294
875;879;473
876;878;225
877;873;138
878;875;294
878;876;225
879;875;473
879;881;456
880;882;148
880;884;196
881;879;456
881;882;296
882;880;148
882;881;296
882;883;294
882;886;149
883;882;294
884;880;196
884;885;202
885;884;202
886;882;149
886;887;152
887;886;152
887;889;198
888;892;288
889;887;198
889;892;175
890;894;175
891;893;153
891;894;213
892;888;288
892;889;175
892;895;141
892;896;125
893;891;153
894;890;175
894;891;213
894;896;113
895;892;141
895;897;200
895;899;277
896;892;125
896;894;113
897;895;200
898;902;176
899;895;277
899;902;163
899;903;209
900;903;155
901;905;423
902;898;176
902;899;163
903;899;209
903;900;155
903;906;107
904;906;119
904;908;102
905;901;423
905;906;409
906;903;107
906;904;119
906;905;409
906;907;101
906;909;104
907;906;101
907;910;137
908;904;102
908;911;256
908;912;180
909;906;104
910;907;137
911;908;256
912;908;180
912;914;298
912;916;148
913;915;178
913;916;116
914;912;298
915;913;178
916;912;148
916;913;116
916;920;152
917;918;193
917;919;138
917;920;104
918;917;193
919;917;138
919;921;119
919;922;202
920;916;152
920;917;104
920;923;229
921;919;119
922;919;202
923;920;229
923;924;196
923;925;107
924;923;196
925;923;107
925;929;311
926;929;382
927;929;103
927;930;176
928;931;184
929;925;311
929;926;382
929;927;103
929;933;272
930;927;176
930;932;189
931;928;184
931;934;267
932;930;189
932;934;283
933;929;272
933;935;140
934;931;267
934;932;283
935;933;140
935;938;185
936;937;312
937;936;312
937;939;289
938;935;185
938;940;306
939;937;289
939;943;292
940;938;306
940;941;261
940;943;208
941;940;261
941;942;161
942;941;161
942;945;305
942;946;421
943;939;292
943;940;208
944;947;217
945;942;305
946;942;421
946;948;479
946;949;216
947;944;217
947;948;105
947;950;104
948;946;479
948;947;105
949;946;216
950;947;104
950;952;192
951;953;314
952;950;192
952;953;173
952;954;415
952;955;108
953;951;314
953;952;173
954;952;415
955;952;108
955;956;387
956;955;387
956;959;462
957;961;325
958;959;305
959;956;462
959;958;305
959;960;471
959;963;271
960;959;471
961;957;325
961;965;276
962;965;166
963;959;271
963;966;148
964;968;165
965;961;276
965;962;166
965;967;112
966;963;148
966;968;202
967;965;112
967;970;105
967;971;182
968;964;165
968;966;202
968;969;118
969;968;118
969;971;307
970;967;105
970;972;397
971;967;182
971;969;307
971;974;208
971;975;232
972;970;397
973;975;372
973;977;112
974;971;208
975;971;232
975;973;372
975;978;118
976;977;332
977;973;112
977;976;332
978;975;118
978;982;120
979;980;275
979;981;136
980;979;275
981;979;136
981;983;210
981;985;152
982;978;120
982;986;214
983;981;210
984;987;128
984;988;202
985;981;152
985;987;152
986;982;214
986;988;107
986;990;117
987;984;128
987;985;152
988;984;202
988;986;107
988;989;103
988;991;169
989;988;103
989;993;112
990;986;117
990;994;323
991;988;169
992;994;175
993;989;112
993;995;168
993;997;213
994;990;323
994;992;175
995;993;168
995;996;277
996;995;277
996;998;102
997;993;213
998;996;102
998;999;430
998;1002;123
999;998;430
999;1001;275
1000;1002;112
1000;1003;246
1001;999;275
1002;998;123
1002;1000;112
1002;1006;137
1003;1000;246
1003;1004;106
1003;1005;157
1003;1007;201
1004;1003;106
1005;1003;157
1006;1002;137
1006;1009;411
1006;1010;240
1007;1003;201
1008;1010;142
1009;1006;411
1009;1012;400
1010;1006;240
1010;1008;142
1011;1012;256
1012;1009;400
1012;1011;256
1012;1016;191
1013;1015;125
1013;1016;324
1013;1017;219
1014;1015;115
1015;1013;125
1015;1014;115
1016;1012;191
1016;1013;324
1016;1018;124
1017;1013;219
1017;1019;103
1018;1016;124
1018;1020;341
1019;1017;103
1020;1018;341
1020;1021;113
1020;1023;240
1021;1020;113
1021;1025;109
1022;1024;342
1023;1020;240
1024;1022;342
1024;1025;306
1024;1026;125
1025;1021;109
1025;1024;306
1026;1024;125
1026;1029;155
1027;1028;310
1027;1029;266
1028;1027;310
1029;1026;155
1029;1027;266
1029;1030;114
1030;1029;114
1030;1034;339
1031;1035;202
1032;1036;384
1033;1037;372
1034;1030;339
1034;1038;234
1035;1031;202
1035;1036;118
1035;1039;201
1036;1032;384
1036;1035;118
1036;1038;135
1037;1033;372
1037;1041;317
1038;1034;234
1038;1036;135
1038;1041;192
1039;1035;201
1040;1043;106
1041;1037;317
1041;1038;192
1041;1042;285
1042;1041;285
1042;1045;264
1043;1040;106
1043;1045;141
1043;1047;368
1044;1047;332
1044;1048;364
1045;1042;264
1045;1043;141
1045;1046;265
1046;1045;265
1046;1049;116
1046;1050;271
1047;1043;368
1047;1044;332
1047;1051;119
1048;1044;364
1049;1046;116
1049;1053;155
1050;1046;271
1050;1052;158
1051;1047;119
1051;1054;177
1051;1055;204
1052;1050;158
1053;1049;155
1053;1057;361
1054;1051;177
1054;1056;217
1055;1051;204
1056;1054;217
1056;1060;113
1057;1053;361
1058;1059;128
1059;1058;128
1059;1063;198
1060;1056;113
1060;1063;170
1060;1064;105
1061;1064;279
1062;1064;212
1062;1065;266
1063;1059;198
1063;1060;170
1064;1060;105
1064;1061;279
1064;1062;212
1064;1068;221
1065;1062;266
1066;1068;358
1067;1069;160
1067;1070;393
1068;1064;221
1068;1066;358
1068;1072;112
1069;1067;160
1069;1071;307
1069;1072;128
1070;1067;393
1071;1069;307
1071;1075;489
1072;1068;112
1072;1069;128
1072;1073;354
1073;1072;354
1074;1077;330
1075;1071;489
1075;1077;343
1076;1078;269
1077;1074;330
1077;1075;343
1077;1079;175
1078;1076;269
1078;1079;269
1078;1081;306
1079;1077;175
1079;1078;269
1079;1082;302
1080;1081;303
1080;1084;306
1081;1078;306
1081;1080;303
1081;1083;148
1082;1079;302
1083;1081;148
1084;1080;306
1084;1085;385
1084;1088;281
1085;1084;385
1086;1088;142
1087;1090;220
1088;1084;281
1088;1086;142
1088;1090;233
1089;1090;354
1090;1087;220
1090;1088;233
1090;1089;354
1090;1091;229
1090;1092;207
1091;1090;229
1091;1095;211
1092;1090;207
1092;1093;148
1092;1096;292
1093;1092;148
1093;1094;234
1094;1093;234
1095;1091;211
1095;1097;249
1096;1092;292
1097;1095;249
1097;1098;101
1098;1097;101
1098;1099;332
1099;1098;332
1099;1100;137
1099;1101;334
1100;1099;137
1101;1099;334
1101;1103;108
1101;1104;153
1102;1103;229
1102;1106;130
1103;1101;108
1103;1102;229
1103;1107;389
1104;1101;153
1104;1105;425
1105;1104;425
1106;1102;130
1106;1108;309
1106;1109;229
1107;1103;389
1108;1106;309
1109;1106;229
1109;1110;333
1110;1109;333
1110;1111;137
1110;1113;152
1111;1110;137
1111;1112;123
1112;1111;123
1113;1110;152
1113;1114;132
1114;1113;132
1114;1118;118
1115;1116;209
1116;1115;209
1116;1120;288
1117;1119;251
1118;1114;118
1118;1121;104
1119;1117;251
1119;1120;171
1119;1123;194
1120;1116;288
1120;1119;171
1120;1121;177
1120;1122;138
1120;1124;116
1121;1118;104
1121;1120;177
1122;1120;138
1123;1119;194
1123;1126;317
1124;1120;116
1125;1126;382
1125;1128;195
1126;1123;317
1126;1125;382
1126;1129;314
1127;1131;138
1128;1125;195
1129;1126;314
1129;1130;174
1129;1133;144
1130;1129;174
1131;1127;138
1131;1135;366
1132;1135;141
1132;1136;191
1133;1129;144
1133;1136;254
1134;1137;281
1135;1131;366
1135;1132;141
1135;1137;300
1135;1139;225
1136;1132;191
1136;1133;254
1137;1134;281
1137;1135;300
1138;1139;261
1139;1135;225
1139;1138;261
1139;1141;229
1140;1141;145
1140;1144;196
1141;1139;229
1141;1140;145
1141;1142;161
1142;1141;161
1142;1143;111
1143;1142;111
1144;1140;196
1144;1147;226
1145;1147;366
1146;1150;305
1147;1144;226
1147;1145;366
1147;1148;457
1148;1147;457
1148;1150;278
1149;1150;121
1149;1152;198
1150;1146;305
1150;1148;278
1150;1149;121
1150;1151;160
1150;1154;349
1151;1150;160
1152;1149;198
1152;1155;104
1152;1156;113
1153;1156;257
1153;1157;206
1154;1150;349
1155;1152;104
1156;1152;113
1156;1153;257
1157;1153;206
1157;1159;373
1157;1161;187
1158;1159;351
1159;1157;373
1159;1158;351
1159;1162;136
1159;1163;232
1160;1162;349
1161;1157;187
1162;1159;136
1162;1160;349
1163;1159;232
1163;1165;339
1163;1166;129
1164;1166;217
1165;1163;339
1165;1168;112
1166;1163;129
1166;1164;217
1167;1170;183
1167;1171;133
1168;1165;112
1168;1170;199
1169;1171;173
1169;1172;159
1170;1167;183
1170;1168;199
1170;1174;153
1171;1167;133
1171;1169;173
1172;1169;159
1172;1176;248
1173;1174;329
1174;1170;153
1174;1173;329
1175;1179;338
1176;1172;248
1176;1177;193
1176;1179;254
1177;1176;193
1177;1178;167
1178;1177;167
1178;1181;190
1179;1175;338
1179;1176;254
1180;1181;301
1180;1184;309
1181;1178;190
1181;1180;301
1181;1183;159
1182;1185;149
1183;1181;159
1183;1185;473
1184;1180;309
1185;1182;149
1185;1183;473
1185;1187;351
1185;1188;127
1186;1190;126
1187;1185;351
1187;1189;235
1188;1185;127
1188;1192;217
1189;1187;235
1190;1186;126
1190;1192;317
1190;1193;224
1191;1193;191
1192;1188;217
1192;1190;317
1193;1190;224
1193;1191;191
1193;1197;201
1194;1197;182
1195;1198;216
1196;1197;186
1196;1198;191
1197;1193;201
1197;1194;182
1197;1196;186
1197;1200;172
1198;1195;216
1198;1196;191
1198;1202;281
1199;1200;199
1199;1201;229
1199;1203;152
1200;1197;172
1200;1199;199
1201;1199;229
1201;1204;221
1202;1198;281
1203;1199;152
1204;1201;221
1204;1205;120
1204;1207;327
1204;1208;109
1205;1204;120
1205;1206;120
1206;1205;120
1207;1204;327
1207;1210;118
1208;1204;109
1208;1209;126
1209;1208;126
1210;1207;118
1210;1212;248
1211;1215;305
1212;1210;248
1212;1213;193
1212;1215;204
1213;1212;193
1213;1216;135
1213;1217;131
1214;1217;246
1215;1211;305
1215;1212;204
1216;1213;135
1216;1219;189
1216;1220;261
1217;1213;131
1217;1214;246
1218;1221;153
1218;1222;180
1219;1216;189
1220;1216;261
1220;1223;117
1221;1218;153
1221;1223;141
1222;1218;180
1222;1224;262
1223;1220;117
1223;1221;141
1223;1225;146
1223;1227;264
1224;1222;262
1225;1223;146
1225;1228;122
1226;1229;257
1227;1223;264
1227;1229;191
1228;1225;122
1228;1230;255
1229;1226;257
1229;1227;191
1229;1233;303
1230;1228;255
1230;1234;438
1231;1235;226
1232;1234;134
1233;1229;303
1234;1230;438
1234;1232;134
1234;1236;255
1234;1237;140
1234;1238;212
1235;1231;226
1235;1238;253
1236;1234;255
1237;1234;140
1237;1239;158
1238;1234;212
1238;1235;253
1238;1241;250
1239;1237;158
1239;1243;494
1240;1242;180
1240;1244;195
1241;1238;250
1241;1242;183
1242;1240;180
1242;1241;183
1243;1239;494
1244;1240;195
1244;1247;117
1245;1247;208
1246;1248;408
1247;1244;117
1247;1245;208
1247;1248;141
1247;1249;277
1248;1246;408
1248;1247;141
1248;1250;313
1249;1247;277
1250;1248;313
1250;1254;283
1251;1253;270
1252;1253;146
1252;1256;181
1253;1251;270
1253;1252;146
1254;1250;283
1254;1256;342
1255;1257;259
1256;1252;181
1256;1254;342
1256;1259;217
1256;1260;218
1257;1255;259
1257;1258;196
1257;1260;209
1257;1261;174
1258;1257;196
1259;1256;217
1260;1256;218
1260;1257;209
1261;1257;174
1261;1264;106
1262;1266;430
1263;1267;271
1264;1261;106
1264;1267;215
1264;1268;117
1265;1266;421
1266;1262;430
1266;1265;421
1266;1268;143
1267;1263;271
1267;1264;215
1267;1270;404
1267;1271;143
1268;1264;117
1268;1266;143
1268;1269;220
1269;1268;220
1270;1267;404
1271;1267;143
1271;1272;178
1271;1274;154
1271;1275;443
1272;1271;178
1273;1277;215
1274;1271;154
1274;1276;334
1274;1278;129
1275;1271;443
1276;1274;334
1277;1273;215
1277;1278;227
1278;1274;129
1278;1277;227
1278;1279;337
1278;1280;285
1278;1281;210
1279;1278;337
1280;1278;285
1280;1284;119
1281;1278;210
1281;1283;111
1282;1285;111
1283;1281;111
1284;1280;119
1284;1285;292
1285;1282;111
1285;1284;292
1285;1287;394
1285;1288;221
1286;1288;375
1287;1285;394
1288;1285;221
1288;1286;375
1288;1292;298
1289;1292;153
1290;1293;240
1291;1294;215
1291;1295;154
1292;1288;298
1292;1289;153
1292;1293;243
1293;1290;240
1293;1292;243
1293;1294;277
1294;1291;215
1294;1293;277
1295;1291;154
1295;1296;214
1296;1295;214
1296;1299;120
1297;1298;184
1298;1297;184
1298;1300;162
1299;1296;120
1299;1300;398
1300;1298;162
1300;1299;398
1300;1302;186
1301;1302;213
1302;1300;186
1302;1301;213
1302;1304;360
1302;1306;214
1303;1305;309
1303;1307;173
1304;1302;360
1304;1308;202
1305;1303;309
1305;1308;179
1306;1302;214
1307;1303;173
1307;1309;185
1308;1304;202
1308;1305;179
1309;1307;185
1309;1313;269
1310;1311;354
1310;1314;352
1311;1310;354
1311;1313;176
1311;1315;101
1312;1313;108
1313;1309;269
1313;1311;176
1313;1312;108
1313;1316;289
1314;1310;352
1315;1311;101
1315;1317;130
1315;1318;147
1316;1313;289
1317;1315;130
1317;1319;185
1318;1315;147
1319;1317;185
1319;1321;519
1319;1322;310
1319;1323;324
1320;1324;298
1321;1319;519
1322;1319;310
1322;1325;528
1322;1326;199
1323;1319;324
1324;1320;298
1324;1326;230
1324;1328;160
1325;1322;528
1326;1322;199
1326;1324;230
1326;1329;183
1327;1331;418
1328;1324;160
1328;1330;174
1328;1331;225
1329;1326;183
1330;1328;174
1330;1332;233
1331;1327;418
1331;1328;225
1331;1333;158
1331;1334;189
1332;1330;233
1333;1331;158
1334;1331;189
1334;1337;389
1335;1338;168
1335;1339;113
1336;1338;267
1336;1340;219
1337;1334;389
1337;1339;235
1337;1341;234
1338;1335;168
1338;1336;267
1338;1342;129
1339;1335;113
1339;1337;235
1340;1336;219
1341;1337;234
1341;1344;372
1342;1338;129
1342;1345;274
1343;1345;117
1344;1341;372
1345;1342;274
1345;1343;117
1345;1349;158
1346;1349;137
1346;1350;510
1347;1348;241
1348;1347;241
1348;1349;166
1349;1345;158
1349;1346;137
1349;1348;166
1350;1346;510
1350;1351;392
1350;1354;456
1351;1350;392
1351;1352;287
1351;1355;279
1352;1351;287
1353;1357;251
1354;1350;456
1355;1351;279
1355;1356;130
1356;1355;130
1356;1357;119
1356;1358;293
1357;1353;251
1357;1356;119
1357;1361;342
1358;1356;293
1358;1360;128
1359;1360;257
1360;1358;128
1360;1359;257
1361;1357;342
1361;1362;362
1362;1361;362
1362;1363;142
1363;1362;142
1363;1365;251
1363;1366;307
1364;1365;109
1364;1367;198
1364;1368;108
1365;1363;251
1365;1364;109
1366;1363;307
1367;1364;198
1367;1370;151
1368;1364;108
1368;1369;417
1369;1368;417
1370;1367;151
1370;1372;169
1370;1374;149
1371;1373;208
1371;1374;275
1372;1370;169
1373;1371;208
1373;1375;106
1374;1370;149
1374;1371;275
1375;1373;106
1375;1376;167
1375;1379;233
1376;1375;167
1376;1377;245
1377;1376;245
1377;1381;200
1378;1379;211
1378;1380;125
1379;1375;233
1379;1378;211
1379;1383;466
1380;1378;125
1380;1384;204
1381;1377;200
1382;1384;314
1383;1379;466
1384;1380;204
1384;1382;314
1384;1385;348
1384;1386;335
1384;1387;460
1385;1384;348
1386;1384;335
1387;1384;460
1387;1388;441
1387;1390;578
1388;1387;441
1389;1391;258
1389;1392;412
1390;1387;578
1390;1392;351
1391;1389;258
1392;1389;412
1392;1390;351
1392;1396;360
1393;1395;185
1393;1397;168
1394;1398;146
1395;1393;185
1396;1392;360
1396;1400;102
1397;1393;168
1397;1398;136
1398;1394;146
1398;1397;136
1398;1399;335
1398;1401;317
1399;1398;335
1400;1396;102
1400;1401;128
1400;1403;399
1401;1398;317
1401;1400;128
1402;1404;197
1403;1400;399
1403;1406;171
1404;1402;197
1404;1405;312
1404;1406;427
1405;1404;312
1406;1403;171
1406;1404;427
1406;1407;235
1406;1408;189
1407;1406;235
1407;1410;478
1408;1406;189
1408;1409;340
1408;1411;202
1409;1408;340
1410;1407;478
1410;1414;390
1411;1408;202
1412;1414;203
1413;1416;559
1414;1410;390
1414;1412;203
1414;1416;142
1415;1419;106
1416;1413;559
1416;1414;142
1416;1417;209
1417;1416;209
1417;1418;100
1417;1421;140
1418;1417;100
1418;1420;148
1419;1415;106
1419;1421;173
1419;1423;128
1420;1418;148
1421;1417;140
1421;1419;173
1422;1426;265
1423;1419;128
1423;1425;164
1423;1426;322
1424;1426;466
1425;1423;164
1426;1422;265
1426;1423;322
1426;1424;466
1426;1427;259
1427;1426;259
1427;1431;191
1428;1429;294
1429;1428;294
1429;1430;215
1429;1432;157
1430;1429;215
1431;1427;191
1431;1432;276
1432;1429;157
1432;1431;276
1432;1434;108
1433;1437;268
1434;1432;108
1434;1437;181
1434;1438;270
1435;1439;275
1436;1438;192
1437;1433;268
1437;1434;181
1437;1440;113
1438;1434;270
1438;1436;192
1438;1441;266
1439;1435;275
1439;1440;189
1440;1437;113
1440;1439;189
1441;1438;266
1441;1442;333
1442;1441;333
1442;1443;365
1442;1446;278
1443;1442;365
1444;1446;249
1444;1447;278
1445;1449;263
1446;1442;278
1446;1444;249
1446;1448;198
1446;1450;224
1447;1444;278
1448;1446;198
1449;1445;263
1449;1451;266
1450;1446;224
1450;1453;241
1451;1449;266
1451;1452;158
1451;1453;195
1452;1451;158
1452;1456;492
1453;1450;241
1453;1451;195
1454;1456;125
1455;1457;135
1456;1452;492
1456;1454;125
1456;1457;427
1457;1455;135
1457;1456;427
1457;1458;346
1458;1457;346
1458;1459;244
1459;1458;244
1459;1460;353
1460;1459;353
1460;1461;429
1461;1460;429
1461;1463;379
1461;1465;345
1462;1466;337
1463;1461;379
1463;1464;385
1464;1463;385
1465;1461;345
1465;1469;221
1466;1462;337
1466;1470;105
1467;1468;336
1467;1470;253
1468;1467;336
1469;1465;221
1469;1472;178
1470;1466;105
1470;1467;253
1470;1473;129
1470;1474;105
1471;1474;178
1472;1469;178
1472;1474;143
1472;1476;113
1473;1470;129
1473;1475;107
1473;1477;221
1474;1470;105
1474;1471;178
1474;1472;143
1475;1473;107
1476;1472;113
1476;1478;205
1476;1480;107
1477;1473;221
1478;1476;205
1479;1483;619
1480;1476;107
1480;1481;372
1480;1484;219
1481;1480;372
1482;1483;309
1482;1484;322
1482;1485;167
1483;1479;619
1483;1482;309
1483;1486;485
1484;1480;219
1484;1482;322
1485;1482;167
1485;1487;277
1486;1483;485
1487;1485;277
1487;1489;269
1487;1490;210
1488;1491;105
1488;1492;159
1489;1487;269
1490;1487;210
1490;1492;217
1491;1488;105
1491;1493;236
1492;1488;159
1492;1490;217
1492;1494;115
1493;1491;236
1493;1497;166
1494;1492;115
1494;1495;185
1495;1494;185
1496;1497;119
1497;1493;166
1497;1496;119
1497;1499;134
1497;1500;269
1498;1500;198
1499;1497;134
1499;1502;206
1500;1497;269
1500;1498;198
1501;1505;247
1502;1499;206
1502;1505;185
1503;1504;177
1503;1505;148
1504;1503;177
1504;1507;341
1505;1501;247
1505;1502;185
1505;1503;148
1506;1509;269
1507;1504;341
1507;1508;120
1508;1507;120
1508;1509;255
1508;1512;136
1509;1506;269
1509;1508;255
1510;1512;258
1510;1514;240
1511;1513;291
1511;1514;171
1512;1508;136
1512;1510;258
1513;1511;291
1513;1516;318
1513;1517;103
1514;1510;240
1514;1511;171
1514;1518;240
1515;1518;104
1516;1513;318
1517;1513;103
1517;1519;204
1518;1514;240
1518;1515;104
1518;1520;287
1519;1517;204
1519;1523;197
1520;1518;287
1520;1522;477
1521;1523;262
1521;1524;292
1522;1520;477
1523;1519;197
1523;1521;262
1523;1527;177
1524;1521;292
1525;1529;397
1526;1527;343
1526;1528;161
1526;1529;222
1527;1523;177
1527;1526;343
1528;1526;161
1529;1525;397
1529;1526;222
1529;1530;262
1529;1531;114
1529;1532;225
1530;1529;262
1531;1529;114
1531;1534;181
1531;1535;245
1532;1529;225
1533;1535;173
1534;1531;181
1534;1536;135
1535;1531;245
1535;1533;173
1536;1534;135
1536;1537;232
1537;1536;232
1537;1539;187
1538;1542;269
1539;1537;187
1539;1543;113
1540;1542;236
1540;1543;325
1541;1542;110
1542;1538;269
1542;1540;236
1542;1541;110
1543;1539;113
1543;1540;325
1543;1544;123
1544;1543;123
1544;1546;146
1545;1547;536
1546;1544;146
1546;1549;239
1546;1550;107
1547;1545;536
1547;1550;140
1548;1551;179
1549;1546;239
1549;1551;312
1550;1546;107
1550;1547;140
1551;1548;179
1551;1549;312
1551;1555;255
1552;1553;167
1552;1555;111
1553;1552;167
1553;1556;223
1553;1557;171
1554;1557;151
1555;1551;255
1555;1552;111
1556;1553;223
1557;1553;171
1557;1554;151
1557;1558;177
1557;1561;120
1558;1557;177
1559;1561;116
1559;1563;152
1560;1562;438
1561;1557;120
1561;1559;116
1561;1565;171
1562;1560;438
1562;1564;159
1562;1566;249
1563;1559;152
1563;1567;268
1564;1562;159
1565;1561;171
1566;1562;249
1566;1567;141
1566;1570;240
1567;1563;268
1567;1566;141
1567;1568;138
1567;1571;155
1568;1567;138
1568;1569;102
1569;1568;102
1569;1573;170
1570;1566;240
1571;1567;155
1572;1575;176
1573;1569;170
1573;1574;381
1573;1576;173
1574;1573;381
1575;1572;176
1575;1577;533
1575;1579;118
1576;1573;173
1576;1578;201
1576;1580;367
1577;1575;533
1578;1576;201
1578;1579;159
1578;1581;274
1578;1582;109
1579;1575;118
1579;1578;159
1579;1583;228
1580;1576;367
1581;1578;274
1581;1584;166
1582;1578;109
1583;1579;228
1583;1586;382
1584;1581;166
1584;1587;125
1585;1587;229
1586;1583;382
1586;1588;535
1586;1590;573
