0;3;331
1;2;194
1;4;123
2;1;194
3;0;331
3;4;317
4;1;123
4;3;317
4;7;115
4;8;257
5;6;239
5;7;309
6;5;239
7;4;115
7;5;309
8;4;257
8;9;269
8;10;213
9;8;269
10;8;213
10;13;187
11;14;289
12;14;249
12;16;188
13;10;187
13;14;102
14;11;289
14;12;249
14;13;102
14;18;221
15;17;334
16;12;188
16;17;118
16;20;161
17;15;334
17;16;118
18;14;221
18;19;117
19;18;117
20;16;161
20;22;138
20;24;114
21;24;135
22;20;138
22;26;269
23;24;309
24;20;114
24;21;135
24;23;309
24;28;365
25;28;108
26;22;269
27;28;251
28;24;365
28;25;108
28;27;251
28;29;151
28;31;171
29;28;151
30;34;194
31;28;171
31;33;238
32;34;132
33;31;238
33;35;212
33;37;116
34;30;194
34;32;132
34;36;211
34;37;151
35;33;212
36;34;211
36;39;282
37;33;116
37;34;151
37;41;403
38;40;164
38;41;295
39;36;282
40;38;164
41;37;403
41;38;295
41;44;245
42;44;130
43;45;397
44;41;245
44;42;130
44;45;231
45;43;397
45;44;231
45;48;273
45;49;278
46;47;179
47;46;179
47;50;114
47;51;159
48;45;273
49;45;278
49;53;329
50;47;114
51;47;159
51;54;110
51;55;418
52;54;120
53;49;329
53;54;240
54;51;110
54;52;120
54;53;240
55;51;418
55;57;132
55;59;209
56;57;154
57;55;132
57;56;154
57;58;131
58;57;131
58;60;406
59;55;209
59;61;305
59;62;510
60;58;406
61;59;305
62;59;510
62;64;252
62;65;329
63;65;112
64;62;252
64;67;159
65;62;329
65;63;112
65;68;176
66;67;291
67;64;159
67;66;291
68;65;176
68;70;322
69;70;100
69;72;312
70;68;322
70;69;100
70;71;325
71;70;325
71;75;261
72;69;312
72;73;359
73;72;359
74;78;146
75;71;261
75;77;245
75;78;367
76;80;449
77;75;245
77;79;173
77;80;228
77;81;268
78;74;146
78;75;367
79;77;173
79;83;328
80;76;449
80;77;228
80;82;357
81;77;268
82;80;357
82;86;237
83;79;328
83;84;163
84;83;163
85;86;190
86;82;237
86;85;190
86;88;156
86;89;201
87;90;283
88;86;156
88;92;198
89;86;201
89;90;233
89;91;405
90;87;283
90;89;233
91;89;405
92;88;198
92;96;248
93;94;197
94;93;197
94;95;177
95;94;177
95;98;166
96;92;248
96;100;214
97;100;269
98;95;166
98;99;272
99;98;272
99;102;155
99;103;115
100;96;214
100;97;269
100;101;146
100;104;179
101;100;146
101;105;134
102;99;155
103;99;115
103;106;242
104;100;179
105;101;134
105;108;183
105;109;175
106;103;242
106;109;132
107;109;193
108;105;183
109;105;175
109;106;132
109;107;193
109;112;337
110;111;303
110;112;246
111;110;303
111;115;275
112;109;337
112;110;246
113;117;247
114;116;199
115;111;275
115;116;292
116;114;199
116;115;292
116;117;290
116;120;161
117;113;247
117;116;290
117;118;348
118;117;348
118;122;140
119;120;117
120;116;161
120;119;117
120;123;181
120;124;389
121;122;210
122;118;140
122;121;210
123;120;181
123;125;147
123;126;569
124;120;389
125;123;147
125;128;310
125;129;172
126;123;569
127;130;144
128;125;310
129;125;172
129;130;171
130;127;144
130;129;171
130;131;273
130;133;296
131;130;273
132;133;334
132;136;196
133;130;296
133;132;334
134;137;490
135;137;210
136;132;196
136;140;157
137;134;490
137;135;210
137;139;170
137;140;153
138;140;117
139;137;170
140;136;157
140;137;153
140;138;117
140;141;358
141;140;358
141;143;235
142;146;587
143;141;235
143;145;255
144;145;307
144;147;328
145;143;255
145;144;307
145;149;245
146;142;587
146;148;194
146;149;313
146;150;300
147;144;328
148;146;194
149;145;245
149;146;313
149;151;141
150;146;300
151;149;141
151;152;504
152;151;504
152;155;426
153;155;495
154;157;273
154;158;273
155;152;426
155;153;495
155;158;331
156;157;212
157;154;273
157;156;212
157;159;153
157;160;318
158;154;273
158;155;331
158;162;207
159;157;153
160;157;318
160;163;118
161;165;101
162;158;207
162;164;195
163;160;118
164;162;195
164;165;224
164;168;212
165;161;101
165;164;224
165;167;215
166;169;277
167;165;215
167;170;286
168;164;212
169;166;277
169;170;158
170;167;286
170;169;158
170;171;323
170;172;142
171;170;323
172;170;142
172;174;110
173;175;126
173;177;154
174;172;110
174;176;198
174;178;213
175;173;126
175;176;227
176;174;198
176;175;227
177;173;154
178;174;213
178;180;304
178;181;121
179;181;127
180;178;304
180;184;324
181;178;121
181;179;127
181;182;104
181;183;223
182;181;104
183;181;223
184;180;324
184;185;238
185;184;238
185;186;194
185;189;333
186;185;194
187;188;467
187;189;164
187;191;443
188;187;467
189;185;333
189;187;164
189;192;298
190;193;232
190;194;218
191;187;443
192;189;298
192;193;126
193;190;232
193;192;126
194;190;218
194;195;131
194;196;117
195;194;131
195;197;135
196;194;117
197;195;135
197;199;463
197;200;164
198;201;293
199;197;463
200;197;164
200;201;150
201;198;293
201;200;150
201;204;271
202;204;162
203;205;191
204;201;271
204;202;162
204;205;253
204;206;248
205;203;191
205;204;253
206;204;248
206;207;161
206;208;217
206;209;536
207;206;161
208;206;217
209;206;536
209;210;156
210;209;156
210;214;439
211;215;226
212;214;204
213;215;278
213;217;245
214;210;439
214;212;204
214;215;124
214;216;220
215;211;226
215;213;278
215;214;124
215;218;318
215;219;351
216;214;220
216;220;306
217;213;245
217;221;271
218;215;318
219;215;351
220;216;306
220;222;321
220;223;121
220;224;131
221;217;271
222;220;321
222;226;212
223;220;121
223;227;237
224;220;131
225;226;241
225;228;120
226;222;212
226;225;241
226;229;170
227;223;237
227;231;267
228;225;120
229;226;170
229;233;240
230;234;338
231;227;267
231;232;116
231;234;311
232;231;116
232;235;125
232;236;114
233;229;240
234;230;338
234;231;311
235;232;125
235;238;180
236;232;114
236;237;313
236;240;130
237;236;313
238;235;180
238;242;305
239;243;265
240;236;130
240;241;149
240;243;152
241;240;149
242;238;305
242;244;235
243;239;265
243;240;152
243;245;219
244;242;235
245;243;219
245;249;189
246;248;187
247;250;155
248;246;187
248;250;176
249;245;189
249;253;221
250;247;155
250;248;176
250;253;171
250;254;142
251;253;264
252;254;129
252;256;191
253;249;221
253;250;171
253;251;264
254;250;142
254;252;129
255;257;124
256;252;191
256;257;158
257;255;124
257;256;158
257;260;238
258;260;210
259;260;223
259;261;192
260;257;238
260;258;210
260;259;223
261;259;192
261;262;115
261;265;395
262;261;115
263;264;108
264;263;108
264;267;294
265;261;395
265;266;217
266;265;217
266;269;275
267;264;294
267;268;289
267;270;291
268;267;289
268;269;124
268;271;196
269;266;275
269;268;124
270;267;291
271;268;196
271;273;102
272;274;186
272;275;201
272;276;147
273;271;102
273;276;389
274;272;186
275;272;201
275;278;182
276;272;147
276;273;389
277;279;119
277;280;219
278;275;182
278;282;108
279;277;119
279;283;176
280;277;219
281;285;375
282;278;108
282;285;177
282;286;181
283;279;176
283;285;174
284;286;146
285;281;375
285;282;177
285;283;174
285;288;166
285;289;152
286;282;181
286;284;146
287;288;363
288;285;166
288;287;363
289;285;152
289;290;176
290;289;176
290;292;120
291;292;127
292;290;120
292;291;127
292;293;373
292;295;364
293;292;373
294;298;329
295;292;364
295;296;203
295;299;205
296;295;203
297;298;259
297;300;211
297;301;311
298;294;329
298;297;259
298;299;156
299;295;205
299;298;156
300;297;211
300;302;185
300;304;105
301;297;311
302;300;185
302;306;112
303;307;235
304;300;105
304;308;216
305;309;122
306;302;112
306;310;214
307;303;235
307;308;145
308;304;216
308;307;145
309;305;122
309;313;271
310;306;214
310;313;179
310;314;211
311;314;157
312;314;286
313;309;271
313;310;179
313;315;417
314;310;211
314;311;157
314;312;286
315;313;417
315;316;154
316;315;154
316;319;260
317;319;298
318;322;125
319;316;260
319;317;298
319;321;249
320;323;366
321;319;249
321;323;175
322;318;125
322;323;206
322;324;155
323;320;366
323;321;175
323;322;206
324;322;155
324;326;484
325;328;206
325;329;625
326;324;484
326;328;245
326;330;141
327;331;230
328;325;206
328;326;245
328;332;280
329;325;625
330;326;141
331;327;230
331;332;214
331;334;122
332;328;280
332;331;214
333;334;113
333;335;143
334;331;122
334;333;113
335;333;143
335;336;205
335;337;163
336;335;205
337;335;163
337;341;400
338;340;163
339;341;174
340;338;163
340;341;158
340;343;227
341;337;400
341;339;174
341;340;158
342;346;112
343;340;227
343;344;294
343;345;200
344;343;294
344;346;171
345;343;200
345;347;288
346;342;112
346;344;171
347;345;288
347;348;100
348;347;100
348;351;228
349;350;217
349;351;120
349;353;109
350;349;217
351;348;228
351;349;120
351;352;344
352;351;344
352;355;310
353;349;109
354;355;163
355;352;310
355;354;163
355;357;139
355;358;106
356;358;170
357;355;139
357;361;120
358;355;106
358;356;170
359;362;329
360;362;181
360;363;182
361;357;120
361;363;138
362;359;329
362;360;181
363;360;182
363;361;138
363;365;127
364;365;447
365;363;127
365;364;447
365;366;301
365;367;173
366;365;301
366;368;184
367;365;173
368;366;184
368;370;126
368;371;363
368;372;456
369;373;490
370;368;126
371;368;363
371;374;318
372;368;456
373;369;490
373;376;368
374;371;318
374;376;227
375;379;153
376;373;368
376;374;227
376;378;210
377;378;168
378;376;210
378;377;168
378;381;214
379;375;153
379;380;197
379;382;120
380;379;197
380;381;184
381;378;214
381;380;184
382;379;120
382;383;203
382;384;156
383;382;203
383;387;322
384;382;156
384;385;189
384;386;385
385;384;189
385;388;618
386;384;385
386;390;354
387;383;322
388;385;618
389;391;143
390;386;354
390;391;177
390;393;134
391;389;143
391;390;177
391;395;241
392;393;180
392;394;123
393;390;134
393;392;180
393;396;308
394;392;123
395;391;241
395;398;152
396;393;308
396;397;176
396;399;123
397;396;176
397;401;231
398;395;152
398;402;234
399;396;123
400;401;395
400;403;181
401;397;231
401;400;395
402;398;234
403;400;181
403;405;204
403;406;395
404;405;199
405;403;204
405;404;199
405;407;348
406;403;395
407;405;348
407;409;107
407;410;243
407;411;348
408;409;317
409;407;107
409;408;317
410;407;243
411;407;348
411;412;217
411;415;355
412;411;217
413;414;347
413;415;236
413;417;193
414;413;347
415;411;355
415;413;236
416;419;295
417;413;193
417;419;184
417;420;301
418;422;447
419;416;295
419;417;184
419;421;370
419;423;170
420;417;301
421;419;370
422;418;447
422;424;303
423;419;170
423;425;344
423;427;131
424;422;303
424;426;385
424;427;230
425;423;344
425;428;556
426;424;385
427;423;131
427;424;230
427;429;201
428;425;556
428;431;495
429;427;201
430;433;251
430;434;110
431;428;495
431;435;309
432;433;317
432;435;312
433;430;251
433;432;317
433;437;358
434;430;110
434;436;310
434;438;336
435;431;309
435;432;312
436;434;310
437;433;358
438;434;336
438;440;274
439;443;225
440;438;274
440;441;232
440;442;173
441;440;232
441;443;236
441;444;139
442;440;173
443;439;225
443;441;236
444;441;139
444;446;164
444;447;191
444;448;157
445;448;378
446;444;164
447;444;191
448;444;157
448;445;378
448;451;308
449;453;441
450;454;214
451;448;308
451;453;132
451;455;330
452;453;142
453;449;441
453;451;132
453;452;142
453;454;141
454;450;214
454;453;141
454;458;181
455;451;330
456;460;142
457;458;413
457;459;381
458;454;181
458;457;413
459;457;381
459;460;261
459;461;389
459;462;125
459;463;158
460;456;142
460;459;261
461;459;389
462;459;125
462;464;155
463;459;158
463;466;164
464;462;155
464;465;201
464;467;258
464;468;268
465;464;201
465;469;214
466;463;164
467;464;258
468;464;268
468;472;174
469;465;214
470;473;249
471;475;161
472;468;174
472;474;120
473;470;249
473;475;222
474;472;120
474;477;221
475;471;161
475;473;222
475;476;166
475;478;204
476;475;166
476;477;189
476;479;106
477;474;221
477;476;189
477;480;256
478;475;204
478;481;193
479;476;106
480;477;256
481;478;193
481;482;106
482;481;106
482;484;347
483;484;201
484;482;347
484;483;201
484;486;113
485;486;181
486;484;113
486;485;181
486;487;337
486;488;132
486;490;150
487;486;337
488;486;132
488;491;134
489;491;161
490;486;150
491;488;134
491;489;161
491;493;236
492;496;201
493;491;236
493;496;218
493;497;208
494;497;159
495;496;469
495;498;467
496;492;201
496;493;218
496;495;469
496;500;154
497;493;208
497;494;159
498;495;467
499;500;215
499;501;212
500;496;154
500;499;215
500;503;217
500;504;267
501;499;212
502;504;233
503;500;217
504;500;267
504;502;233
504;507;354
505;508;355
506;508;107
507;504;354
507;510;373
508;505;355
508;506;107
508;509;136
509;508;136
509;510;183
510;507;373
510;509;183
510;512;153
511;513;217
512;510;153
512;513;145
513;511;217
513;512;145
513;514;306
514;513;306
514;518;262
515;516;518
516;515;518
516;517;234
516;518;326
517;516;234
518;514;262
518;516;326
518;520;374
519;520;158
520;518;374
520;519;158
520;522;411
521;525;374
522;520;411
522;526;195
523;526;218
524;526;100
524;527;228
525;521;374
525;526;306
526;522;195
526;523;218
526;524;100
526;525;306
527;524;228
527;531;273
528;531;183
529;532;172
530;532;195
531;527;273
531;528;183
531;532;223
531;534;371
531;535;171
532;529;172
532;530;195
532;531;223
533;535;359
534;531;371
535;531;171
535;533;359
535;536;259
536;535;259
536;540;395
537;541;415
538;539;316
538;540;183
539;538;316
540;536;395
540;538;183
540;543;149
541;537;415
541;542;161
541;544;334
542;541;161
543;540;149
543;544;131
543;547;200
544;541;334
544;543;131
545;547;499
545;548;167
546;547;391
546;550;468
547;543;200
547;545;499
547;546;391
547;549;292
548;545;167
548;552;329
549;547;292
550;546;468
550;551;182
551;550;182
552;548;329
552;553;237
553;552;237
553;557;351
554;557;272
555;559;160
556;558;447
557;553;351
557;554;272
557;561;115
558;556;447
558;561;297
559;555;160
559;563;266
560;563;167
561;557;115
561;558;297
561;562;206
562;561;206
562;564;180
563;559;266
563;560;167
563;566;149
564;562;180
564;568;208
565;567;119
566;563;149
566;570;102
567;565;119
567;570;307
568;564;208
568;569;392
568;570;201
569;568;392
570;566;102
570;567;307
570;568;201
570;573;107
571;572;197
571;574;106
572;571;197
573;570;107
573;574;257
573;576;126
574;571;106
574;573;257
574;577;215
574;578;173
575;578;307
576;573;126
576;580;271
577;574;215
578;574;173
578;575;307
578;579;233
578;582;159
579;578;233
579;583;256
580;576;271
580;584;267
581;583;167
581;585;390
582;578;159
583;579;256
583;581;167
584;580;267
585;581;390
585;587;196
586;587;395
587;585;196
587;586;395
587;590;361
588;590;208
588;592;264
589;592;287
590;587;361
590;588;208
590;591;259
591;590;259
591;593;229
592;588;264
592;589;287
593;591;229
593;594;185
593;596;318
594;593;185
594;595;301
594;598;367
595;594;301
595;597;144
596;593;318
597;595;144
598;594;367
598;599;441
598;600;111
599;598;441
600;598;111
600;603;217
601;605;183
602;603;283
603;600;217
603;602;283
603;607;134
604;606;158
605;601;183
605;606;165
605;607;111
605;608;128
606;604;158
606;605;165
607;603;134
607;605;111
608;605;128
608;609;452
608;610;203
608;611;454
609;608;452
609;613;438
610;608;203
610;612;111
611;608;454
612;610;111
612;616;422
613;609;438
613;615;172
614;615;124
614;617;216
615;613;172
615;614;124
615;619;156
616;612;422
616;618;333
617;614;216
618;616;333
618;622;407
619;615;156
619;620;301
620;619;301
621;624;402
622;618;407
622;623;306
623;622;306
623;627;356
624;621;402
624;625;129
625;624;129
625;628;192
626;629;180
626;630;412
627;623;356
627;630;319
627;631;265
628;625;192
628;632;266
629;626;180
630;626;412
630;627;319
630;632;249
630;634;256
631;627;265
632;628;266
632;630;249
632;635;473
633;635;309
634;630;256
635;632;473
635;633;309
635;636;242
635;639;231
636;635;242
637;639;130
637;640;111
638;640;171
639;635;231
639;637;130
639;642;169
640;637;111
640;638;171
641;643;317
641;645;186
642;639;169
642;646;237
643;641;317
644;648;533
645;641;186
645;646;294
646;642;237
646;645;294
646;648;292
647;648;253
647;651;351
648;644;533
648;646;292
648;647;253
649;653;233
650;652;316
651;647;351
651;652;240
652;650;316
652;651;240
652;655;282
652;656;197
653;649;233
653;654;249
654;653;249
654;656;254
655;652;282
656;652;197
656;654;254
656;660;129
657;658;130
658;657;130
658;660;256
659;662;154
660;656;129
660;658;256
660;663;104
661;663;168
661;665;189
662;659;154
662;663;108
663;660;104
663;661;168
663;662;108
663;664;146
664;663;146
665;661;189
665;667;118
666;668;282
667;665;118
667;671;236
668;666;282
668;669;234
668;671;246
669;668;234
670;671;284
671;667;236
671;668;246
671;670;284
671;672;304
672;671;304
672;673;168
672;674;369
673;672;168
673;675;227
674;672;369
674;676;421
675;673;227
675;677;360
675;679;328
676;674;421
677;675;360
677;680;323
678;679;185
678;681;348
679;675;328
679;678;185
680;677;323
681;678;348
681;682;191
681;683;185
682;681;191
682;684;112
683;681;185
683;685;350
683;686;170
684;682;112
684;687;298
685;683;350
685;689;256
686;683;170
687;684;298
688;692;403
689;685;256
689;690;104
690;689;104
690;691;101
690;693;141
691;690;101
691;695;285
692;688;403
692;695;207
692;696;375
693;690;141
694;696;326
695;691;285
695;692;207
696;692;375
696;694;326
696;700;374
697;698;274
697;699;260
697;700;281
698;697;274
698;701;180
699;697;260
700;696;374
700;697;281
700;704;297
701;698;180
702;703;246
703;702;246
703;706;255
704;700;297
704;705;198
705;704;198
705;706;113
705;708;272
706;703;255
706;705;113
707;708;229
707;710;101
708;705;272
708;707;229
708;712;193
709;711;119
710;707;101
710;713;143
711;709;119
711;713;125
712;708;193
712;715;229
713;710;143
713;711;125
714;715;214
714;716;376
714;717;130
715;712;229
715;714;214
715;718;129
716;714;376
716;719;173
717;714;130
718;715;129
718;722;112
719;716;173
720;722;274
720;723;193
721;722;331
721;724;454
722;718;112
722;720;274
722;721;331
723;720;193
724;721;454
724;726;336
725;727;329
725;729;195
726;724;336
726;728;114
726;729;152
727;725;329
728;726;114
729;725;195
729;726;152
729;731;150
730;731;174
731;729;150
731;730;174
731;732;125
731;735;141
732;731;125
732;734;150
733;737;329
734;732;150
735;731;141
735;737;245
736;737;315
736;739;320
736;740;296
737;733;329
737;735;245
737;736;315
738;740;153
739;736;320
740;736;296
740;738;153
740;743;300
741;744;376
742;743;286
742;744;193
743;740;300
743;742;286
743;745;124
744;741;376
744;742;193
745;743;124
745;747;276
746;749;244
746;750;235
747;745;276
747;750;162
748;751;108
749;746;244
750;746;235
750;747;162
750;753;241
751;748;108
751;753;181
751;755;195
752;753;101
753;750;241
753;751;181
753;752;101
754;755;181
754;756;164
755;751;195
755;754;181
756;754;164
756;757;192
757;756;192
757;758;294
757;759;142
758;757;294
759;757;142
759;761;136
760;763;106
761;759;136
761;763;198
762;763;376
762;765;123
763;760;106
763;761;198
763;762;376
763;766;353
764;766;428
765;762;123
766;763;353
766;764;428
766;767;109
766;768;448
766;770;113
767;766;109
768;766;448
769;770;322
769;771;162
769;773;246
770;766;113
770;769;322
771;769;162
771;772;230
772;771;230
773;769;246
773;775;260
774;776;193
775;773;260
775;776;108
775;777;220
776;774;193
776;775;108
777;775;220
777;781;114
778;779;198
779;778;198
779;780;189
779;781;322
780;779;189
780;784;344
781;777;114
781;779;322
781;782;109
782;781;109
782;783;219
783;782;219
784;780;344
784;786;187
785;786;161
785;788;260
785;789;236
786;784;187
786;785;161
787;789;208
788;785;260
789;785;236
789;787;208
789;792;375
790;792;292
791;795;180
792;789;375
792;790;292
792;794;404
793;797;250
794;792;404
794;795;149
794;796;201
795;791;180
795;794;149
795;797;195
795;798;194
796;794;201
797;793;250
797;795;195
798;795;194
798;801;176
799;800;308
799;802;152
800;799;308
801;798;176
801;803;142
802;799;152
802;805;224
803;801;142
803;805;115
803;806;253
804;806;210
804;808;367
805;802;224
805;803;115
806;803;253
806;804;210
806;809;249
807;808;222
807;810;470
808;804;367
808;807;222
809;806;249
809;811;185
810;807;470
811;809;185
811;815;263
812;814;443
813;814;294
814;812;443
814;813;294
814;817;310
815;811;263
815;816;290
816;815;290
816;819;161
817;814;310
817;819;317
818;820;331
819;816;161
819;817;317
819;820;321
819;822;317
819;823;113
820;818;331
820;819;321
821;823;417
821;824;269
822;819;317
823;819;113
823;821;417
824;821;269
824;825;274
824;827;124
825;824;274
825;829;269
826;830;267
827;824;124
827;830;270
828;830;106
828;831;170
829;825;269
829;832;256
830;826;267
830;827;270
830;828;106
831;828;170
832;829;256
832;836;248
833;837;117
834;837;227
834;838;121
835;838;156
836;832;248
836;839;113
837;833;117
837;834;227
837;839;165
838;834;121
838;835;156
839;836;113
839;837;165
839;840;325
840;839;325
840;843;357
841;842;105
842;841;105
842;845;269
843;840;357
843;844;181
844;843;181
844;845;232
844;847;107
844;848;105
845;842;269
845;844;232
846;849;159
847;844;107
848;844;105
848;850;151
849;846;159
849;851;209
850;848;151
850;852;228
851;849;209
851;853;148
852;850;228
852;853;108
853;851;148
853;852;108
853;854;277
853;855;234
854;853;277
854;856;282
855;853;234
855;858;134
856;854;282
857;858;625
858;855;134
858;857;625
858;859;340
858;860;169
859;858;340
859;861;312
860;858;169
861;859;312
861;864;474
862;863;251
863;862;251
863;864;103
863;866;161
864;861;474
864;863;103
864;868;179
865;868;278
866;863;161
867;869;279
868;864;179
868;865;278
868;872;111
869;867;279
869;871;310
869;873;198
870;873;364
871;869;310
872;868;111
872;875;168
873;869;198
873;870;364
873;874;118
873;875;106
873;877;122
874;873;118
875;872;168
875;873;106
876;878;185
876;879;166
877;873;122
877;881;137
878;876;185
878;880;122
879;876;166
879;881;144
879;882;118
880;878;122
880;883;241
881;877;137
881;879;144
881;885;269
882;879;118
883;880;241
883;884;225
883;886;185
884;883;225
884;887;388
885;881;269
886;883;185
887;884;388
887;889;179
887;890;382
888;889;247
889;887;179
889;888;247
889;891;402
889;892;137
890;887;382
891;889;402
891;893;272
892;889;137
892;895;337
893;891;272
893;894;322
894;893;322
895;892;337
895;897;205
895;898;398
896;899;285
897;895;205
897;899;154
898;895;398
898;900;338
899;896;285
899;897;154
899;902;164
899;903;187
900;898;338
901;905;381
902;899;164
902;905;188
903;899;187
903;904;206
904;903;206
904;908;348
905;901;381
905;902;188
905;907;316
906;907;324
907;905;316
907;906;324
908;904;348
908;909;286
908;912;366
909;908;286
910;914;129
911;912;378
912;908;366
912;911;378
912;913;399
912;914;257
912;916;174
913;912;399
913;917;374
914;910;129
914;912;257
915;919;139
916;912;174
916;919;110
916;920;166
917;913;374
918;922;187
919;915;139
919;916;110
919;922;150
920;916;166
921;922;271
921;923;402
922;918;187
922;919;150
922;921;271
923;921;402
923;927;221
924;926;263
925;928;338
926;924;263
926;927;358
927;923;221
927;926;358
927;929;346
927;931;403
928;925;338
928;929;129
929;927;346
929;928;129
929;933;134
930;933;436
931;927;403
931;935;208
932;933;131
932;936;212
933;929;134
933;930;436
933;932;131
934;937;338
935;931;208
936;932;212
936;939;190
937;934;338
937;939;333
937;941;266
938;939;345
939;936;190
939;937;333
939;938;345
939;942;321
940;941;166
941;937;266
941;940;166
942;939;321
942;946;245
943;945;198
943;946;145
943;947;238
944;947;414
945;943;198
945;949;197
946;942;245
946;943;145
946;948;230
946;950;253
947;943;238
947;944;414
948;946;230
949;945;197
949;953;208
950;946;253
951;952;201
952;951;201
952;953;240
953;949;208
953;952;240
953;955;532
954;957;345
955;953;532
955;957;135
956;957;141
956;958;276
957;954;345
957;955;135
957;956;141
957;959;130
958;956;276
958;962;177
959;957;130
960;961;251
961;960;251
961;963;205
962;958;177
962;964;167
963;961;205
963;966;162
964;962;167
964;966;193
965;966;348
966;963;162
966;964;193
966;965;348
966;967;328
966;968;185
967;966;328
967;970;356
968;966;185
968;971;304
968;972;164
969;973;205
970;967;356
971;968;304
971;974;318
972;968;164
972;973;203
973;969;205
973;972;203
973;975;244
974;971;318
974;976;244
975;973;244
975;978;218
976;974;244
976;979;109
977;978;323
978;975;218
978;977;323
978;981;282
978;982;291
979;976;109
980;983;296
981;978;282
982;978;291
982;984;162
982;986;180
983;980;296
983;986;259
984;982;162
985;988;239
986;982;180
986;983;259
986;989;434
987;990;241
988;985;239
988;990;115
989;986;434
989;993;344
990;987;241
990;988;115
990;991;250
991;990;250
991;993;198
991;994;140
992;993;182
992;995;229
992;996;199
993;989;344
993;991;198
993;992;182
994;991;140
995;992;229
995;998;471
996;992;199
997;999;413
998;995;471
998;1002;285
999;997;413
999;1003;390
1000;1004;318
1001;1004;297
1002;998;285
1002;1003;334
1002;1004;280
1003;999;390
1003;1002;334
1004;1000;318
1004;1001;297
1004;1002;280
1004;1005;251
1004;1006;242
1005;1004;251
1006;1004;242
1006;1010;165
1007;1008;256
1008;1007;256
1008;1010;153
1009;1010;169
1009;1011;234
1010;1006;165
1010;1008;153
1010;1009;169
1010;1012;334
1011;1009;234
1011;1013;158
1011;1014;334
1011;1015;300
1012;1010;334
1013;1011;158
1014;1011;334
1015;1011;300
1015;1016;245
1015;1017;236
1015;1018;329
1016;1015;245
1017;1015;236
1018;1015;329
1018;1019;233
1018;1020;125
1019;1018;233
1020;1018;125
1020;1023;194
1021;1023;166
1022;1023;197
1022;1026;196
1023;1020;194
1023;1021;166
1023;1022;197
1023;1025;105
1024;1027;111
1025;1023;105
1025;1029;116
1026;1022;196
1027;1024;111
1027;1030;242
1028;1029;102
1029;1025;116
1029;1028;102
1029;1030;229
1029;1031;393
1029;1033;171
1030;1027;242
1030;1029;229
1030;1032;133
1031;1029;393
1032;1030;133
1033;1029;171
1033;1037;170
1034;1036;148
1035;1037;313
1035;1039;183
1036;1034;148
1036;1039;241
1037;1033;170
1037;1035;313
1038;1039;168
1039;1035;183
1039;1036;241
1039;1038;168
1039;1041;170
1039;1042;271
1040;1041;269
1041;1039;170
1041;1040;269
1041;1045;225
1042;1039;271
1043;1044;156
1044;1043;156
1044;1045;106
1044;1047;389
1045;1041;225
1045;1044;106
1046;1049;124
1047;1044;389
1047;1048;195
1047;1049;134
1048;1047;195
1048;1051;223
1049;1046;124
1049;1047;134
1049;1050;150
1050;1049;150
1050;1053;149
1051;1048;223
1051;1052;197
1052;1051;197
1053;1050;149
1053;1056;222
1054;1056;313
1054;1057;278
1055;1057;119
1056;1053;222
1056;1054;313
1056;1060;362
1057;1054;278
1057;1055;119
1057;1058;188
1057;1059;240
1058;1057;188
1059;1057;240
1060;1056;362
1060;1061;216
1061;1060;216
1061;1063;328
1061;1065;362
1062;1066;358
1063;1061;328
1064;1068;144
1065;1061;362
1065;1067;238
1065;1068;369
1066;1062;358
1066;1070;350
1067;1065;238
1068;1064;144
1068;1065;369
1068;1069;140
1068;1071;389
1069;1068;140
1069;1070;182
1070;1066;350
1070;1069;182
1070;1072;112
1070;1073;121
1071;1068;389
1072;1070;112
1073;1070;121
1073;1074;223
1073;1076;108
1074;1073;223
1075;1076;157
1075;1079;259
1076;1073;108
1076;1075;157
1077;1078;226
1078;1077;226
1078;1079;316
1078;1080;124
1079;1075;259
1079;1078;316
1080;1078;124
1080;1081;164
1081;1080;164
1081;1082;108
1081;1085;148
1082;1081;108
1082;1083;131
1083;1082;131
1083;1084;243
1083;1087;408
1084;1083;243
1084;1088;127
1085;1081;148
1085;1089;326
1086;1090;249
1087;1083;408
1088;1084;127
1088;1090;163
1089;1085;326
1089;1092;320
1090;1086;249
1090;1088;163
1091;1094;181
1091;1095;111
1092;1089;320
1092;1094;370
1093;1094;137
1094;1091;181
1094;1092;370
1094;1093;137
1095;1091;111
1095;1096;168
1095;1099;287
1096;1095;168
1096;1097;152
1097;1096;152
1097;1100;161
1098;1101;230
1098;1102;249
1099;1095;287
1099;1102;233
1100;1097;161
1101;1098;230
1102;1098;249
1102;1099;233
1102;1106;271
1103;1107;421
1104;1106;289
1105;1108;322
1105;1109;276
1106;1102;271
1106;1104;289
1106;1109;240
1107;1103;421
1107;1111;226
1108;1105;322
1108;1111;386
1109;1105;276
1109;1106;240
1110;1113;256
1111;1107;226
1111;1108;386
1111;1112;242
1111;1114;232
1112;1111;242
1112;1116;101
1113;1110;256
1113;1114;268
1114;1111;232
1114;1113;268
1114;1118;206
1115;1118;144
1116;1112;101
1117;1119;154
1118;1114;206
1118;1115;144
1118;1119;226
1118;1120;251
1118;1121;249
1118;1122;351
1119;1117;154
1119;1118;226
1119;1123;238
1120;1118;251
1121;1118;249
1122;1118;351
1123;1119;238
1123;1127;116
1124;1126;210
1124;1127;178
1125;1127;325
1125;1129;274
1126;1124;210
1127;1123;116
1127;1124;178
1127;1125;325
1128;1130;352
1129;1125;274
1129;1130;133
1129;1131;301
1129;1132;333
1129;1133;417
1130;1128;352
1130;1129;133
1131;1129;301
1131;1135;236
1132;1129;333
1133;1129;417
1134;1135;109
1134;1136;153
1134;1138;243
1135;1131;236
1135;1134;109
1136;1134;153
1137;1141;216
1138;1134;243
1138;1142;159
1139;1140;129
1140;1139;129
1140;1142;231
1140;1143;233
1141;1137;216
1141;1144;247
1142;1138;159
1142;1140;231
1142;1145;157
1143;1140;233
1143;1147;308
1144;1141;247
1144;1146;282
1145;1142;157
1145;1149;209
1146;1144;282
1146;1148;267
1147;1143;308
1147;1151;146
1148;1146;267
1148;1150;274
1148;1151;167
1149;1145;209
1149;1153;123
1150;1148;274
1151;1147;146
1151;1148;167
1151;1152;154
1152;1151;154
1153;1149;123
1153;1156;129
1154;1155;403
1154;1156;100
1155;1154;403
1155;1158;224
1156;1153;129
1156;1154;100
1156;1157;170
1157;1156;170
1158;1155;224
1158;1160;319
1158;1161;235
1159;1161;259
1159;1162;378
1160;1158;319
1161;1158;235
1161;1159;259
1161;1164;108
1162;1159;378
1163;1164;266
1163;1165;242
1164;1161;108
1164;1163;266
1164;1167;380
1165;1163;242
1165;1169;335
1166;1168;136
1167;1164;380
1168;1166;136
1168;1172;121
1169;1165;335
1169;1172;205
1170;1172;295
1170;1173;382
1171;1172;142
1171;1174;152
1172;1168;121
1172;1169;205
1172;1170;295
1172;1171;142
1173;1170;382
1174;1171;152
1174;1175;337
1174;1178;365
1175;1174;337
1176;1177;207
1177;1176;207
1177;1178;219
1177;1180;435
1178;1174;365
1178;1177;219
1178;1179;260
1178;1181;138
1179;1178;260
1179;1183;172
1180;1177;435
1181;1178;138
1181;1182;123
1182;1181;123
1183;1179;172
1183;1184;317
1184;1183;317
1184;1186;100
1184;1188;230
1185;1189;399
1186;1184;100
1186;1189;237
1187;1189;453
1188;1184;230
1188;1190;321
1189;1185;399
1189;1186;237
1189;1187;453
1190;1188;321
1190;1191;435
1191;1190;435
1191;1195;301
1192;1193;180
1192;1196;361
1193;1192;180
1194;1196;273
1195;1191;301
1195;1196;301
1196;1192;361
1196;1194;273
1196;1195;301
1196;1197;203
1196;1198;266
1197;1196;203
1198;1196;266
1198;1200;174
1198;1201;136
1199;1203;282
1200;1198;174
1200;1202;100
1200;1203;403
1201;1198;136
1201;1204;198
1202;1200;100
1203;1199;282
1203;1200;403
1204;1201;198
1204;1205;164
1204;1208;186
1205;1204;164
1206;1207;144
1206;1210;144
1207;1206;144
1208;1204;186
1208;1212;151
1209;1212;109
1210;1206;144
1210;1211;195
1210;1213;544
1211;1210;195
1211;1212;121
1212;1208;151
1212;1209;109
1212;1211;121
1212;1214;353
1213;1210;544
1213;1216;418
1213;1217;313
1214;1212;353
1215;1217;452
1216;1213;418
1217;1213;313
1217;1215;452
1217;1221;397
1218;1219;328
1218;1222;214
1219;1218;328
1220;1224;151
1221;1217;397
1221;1225;202
1222;1218;214
1222;1223;107
1223;1222;107
1223;1224;101
1223;1227;341
1224;1220;151
1224;1223;101
1225;1221;202
1225;1226;301
1225;1229;227
1226;1225;301
1227;1223;341
1227;1231;207
1228;1231;180
1229;1225;227
1229;1230;220
1229;1232;111
1230;1229;220
1231;1227;207
1231;1228;180
1231;1234;234
1231;1235;335
1232;1229;111
1232;1234;244
1233;1234;127
1234;1231;234
1234;1232;244
1234;1233;127
1234;1238;122
1235;1231;335
1236;1237;102
1237;1236;102
1237;1240;148
1238;1234;122
1238;1240;245
1238;1241;321
1238;1242;378
1239;1242;308
1240;1237;148
1240;1238;245
1241;1238;321
1242;1238;378
1242;1239;308
1242;1243;171
1243;1242;171
1243;1245;350
1244;1247;218
1244;1248;203
1245;1243;350
1245;1246;198
1245;1247;267
1246;1245;198
1246;1250;100
1247;1244;218
1247;1245;267
1248;1244;203
1248;1252;171
1249;1251;243
1250;1246;100
1250;1251;111
1250;1253;282
1250;1254;561
1251;1249;243
1251;1250;111
1252;1248;171
1253;1250;282
1254;1250;561
1254;1255;151
1254;1256;219
1255;1254;151
1256;1254;219
1256;1259;162
1256;1260;145
1257;1260;122
1257;1261;292
1258;1259;209
1259;1256;162
1259;1258;209
1260;1256;145
1260;1257;122
1260;1264;283
1261;1257;292
1261;1262;182
1262;1261;182
1262;1265;321
1263;1267;337
1264;1260;283
1264;1267;310
1265;1262;321
1265;1266;180
1266;1265;180
1267;1263;337
1267;1264;310
1267;1270;252
1268;1272;181
1269;1272;256
1270;1267;252
1270;1274;241
1271;1273;158
1272;1268;181
1272;1269;256
1272;1274;217
1273;1271;158
1273;1275;168
1274;1270;241
1274;1272;217
1274;1276;249
1274;1278;207
1275;1273;168
1275;1278;158
1276;1274;249
1276;1280;138
1277;1281;174
1278;1274;207
1278;1275;158
1279;1280;241
1279;1283;312
1280;1276;138
1280;1279;241
1281;1277;174
1281;1282;169
1282;1281;169
1282;1285;141
1283;1279;312
1283;1284;213
1283;1286;350
1284;1283;213
1284;1285;181
1284;1287;323
1285;1282;141
1285;1284;181
1286;1283;350
1287;1284;323
1287;1289;186
1288;1290;157
1289;1287;186
1289;1292;429
1289;1293;447
1290;1288;157
1290;1293;114
1291;1292;292
1292;1289;429
1292;1291;292
1293;1289;447
1293;1290;114
1293;1297;500
1294;1295;275
1294;1296;354
1295;1294;275
1295;1298;173
1296;1294;354
1297;1293;500
1297;1299;173
1298;1295;173
1298;1301;191
1299;1297;173
1299;1300;139
1300;1299;139
1300;1301;315
1300;1303;233
1301;1298;191
1301;1300;315
1301;1304;170
1302;1304;134
1303;1300;233
1304;1301;170
1304;1302;134
1304;1305;341
1305;1304;341
1305;1308;189
1306;1309;179
1307;1308;133
1307;1311;204
1308;1305;189
1308;1307;133
1309;1306;179
1309;1310;140
1310;1309;140
1310;1313;115
1311;1307;204
1311;1312;256
1312;1311;256
1312;1313;293
1312;1316;240
1313;1310;115
1313;1312;293
1313;1314;202
1314;1313;202
1315;1317;238
1316;1312;240
1316;1320;245
1317;1315;238
1317;1318;307
1318;1317;307
1318;1321;132
1318;1322;301
1319;1323;103
1320;1316;245
1320;1321;313
1321;1318;132
1321;1320;313
1322;1318;301
1322;1323;143
1322;1324;127
1323;1319;103
1323;1322;143
1324;1322;127
1324;1327;267
1325;1327;185
1326;1327;451
1327;1324;267
1327;1325;185
1327;1326;451
1327;1331;120
1328;1329;201
1328;1331;158
1328;1332;110
1329;1328;201
1330;1331;199
1331;1327;120
1331;1328;158
1331;1330;199
1331;1335;120
1332;1328;110
1332;1334;133
1333;1334;184
1334;1332;133
1334;1333;184
1335;1331;120
1335;1336;332
1335;1338;101
1336;1335;332
1337;1340;263
1338;1335;101
1338;1341;378
1339;1340;176
1340;1337;263
1340;1339;176
1340;1341;111
1341;1338;378
1341;1340;111
1341;1343;356
1342;1345;226
1342;1346;304
1343;1341;356
1343;1344;143
1343;1347;127
1344;1343;143
1345;1342;226
1345;1347;289
1345;1348;208
1346;1342;304
1347;1343;127
1347;1345;289
1347;1349;239
1348;1345;208
1348;1350;194
1348;1352;312
1349;1347;239
1349;1351;198
1350;1348;194
1350;1353;360
1351;1349;198
1351;1355;397
1352;1348;312
1352;1356;417
1353;1350;360
1354;1356;309
1355;1351;397
1356;1352;417
1356;1354;309
1356;1357;432
1357;1356;432
1357;1358;444
1358;1357;444
1358;1361;134
1359;1362;126
1360;1364;459
1361;1358;134
1361;1363;156
1362;1359;126
1362;1365;162
1362;1366;261
1363;1361;156
1363;1365;149
1364;1360;459
1364;1366;234
1364;1368;311
1365;1362;162
1365;1363;149
1365;1367;145
1366;1362;261
1366;1364;234
1366;1369;143
1367;1365;145
1368;1364;311
1369;1366;143
1369;1373;180
1370;1371;195
1371;1370;195
1371;1374;335
1372;1374;152
1372;1376;118
1373;1369;180
1373;1374;373
1374;1371;335
1374;1372;152
1374;1373;373
1374;1375;165
1375;1374;165
1375;1378;307
1376;1372;118
1377;1379;225
1378;1375;307
1378;1379;316
1379;1377;225
1379;1378;316
1379;1381;146
1380;1381;237
1380;1382;232
1381;1379;146
1381;1380;237
1381;1383;253
1381;1384;328
1382;1380;232
1382;1385;353
1383;1381;253
1384;1381;328
1384;1388;371
1385;1382;353
1386;1387;351
1387;1386;351
1387;1389;323
1388;1384;371
1388;1391;162
1389;1387;323
1389;1392;186
1389;1393;268
1390;1391;182
1390;1392;295
1391;1388;162
1391;1390;182
1391;1395;319
1392;1389;186
1392;1390;295
1393;1389;268
1394;1395;304
1394;1397;217
1395;1391;319
1395;1394;304
1396;1400;323
1397;1394;217
1397;1401;174
1398;1400;380
1399;1402;296
1400;1396;323
1400;1398;380
1400;1401;191
1400;1404;248
1401;1397;174
1401;1400;191
1401;1402;106
1402;1399;296
1402;1401;106
1403;1404;352
1403;1405;242
1404;1400;248
1404;1403;352
1404;1407;325
1405;1403;242
1406;1410;242
1407;1404;325
1407;1410;326
1408;1410;182
1408;1412;131
1409;1412;344
1410;1406;242
1410;1407;326
1410;1408;182
1410;1414;197
1411;1413;234
1411;1414;293
1412;1408;131
1412;1409;344
1412;1416;496
1413;1411;234
1414;1410;197
1414;1411;293
1414;1417;382
1415;1418;420
1415;1419;295
1416;1412;496
1417;1414;382
1417;1419;263
1418;1415;420
1418;1420;399
1419;1415;295
1419;1417;263
1420;1418;399
1420;1421;204
1420;1422;295
1421;1420;204
1422;1420;295
1422;1426;124
1423;1425;368
1423;1427;500
1424;1425;127
1424;1428;159
1425;1423;368
1425;1424;127
1425;1426;162
1426;1422;124
1426;1425;162
1426;1429;183
1427;1423;500
1428;1424;159
1429;1426;183
1429;1430;364
1429;1432;269
1430;1429;364
1431;1434;254
1432;1429;269
1432;1433;231
1433;1432;231
1433;1435;104
1434;1431;254
1434;1435;214
1435;1433;104
1435;1434;214
1435;1436;349
1436;1435;349
1436;1437;104
1436;1440;222
1437;1436;104
1437;1438;261
1437;1441;153
1438;1437;261
1438;1442;185
1439;1442;214
1440;1436;222
1441;1437;153
1442;1438;185
1442;1439;214
1442;1444;269
1442;1446;210
1443;1444;176
1443;1445;228
1443;1447;311
1444;1442;269
1444;1443;176
1445;1443;228
1446;1442;210
1446;1448;105
1447;1443;311
1447;1450;259
1448;1446;105
1449;1451;179
1449;1452;253
1450;1447;259
1450;1452;221
1451;1449;179
1451;1454;448
1452;1449;253
1452;1450;221
1452;1453;338
1453;1452;338
1453;1457;197
1454;1451;448
1455;1456;409
1456;1455;409
1456;1459;243
1456;1460;179
1457;1453;197
1457;1458;225
1457;1461;389
1458;1457;225
1459;1456;243
1460;1456;179
1460;1462;183
1461;1457;389
1461;1464;257
1461;1465;251
1462;1460;183
1462;1465;237
1462;1466;207
1463;1464;118
1464;1461;257
1464;1463;118
1464;1468;329
1465;1461;251
1465;1462;237
1465;1467;180
1466;1462;207
1466;1470;334
1467;1465;180
1468;1464;329
1468;1472;100
1469;1470;150
1470;1466;334
1470;1469;150
1471;1472;221
1471;1473;104
1472;1468;100
1472;1471;221
1472;1475;338
1473;1471;104
1474;1477;174
1475;1472;338
1475;1476;155
1475;1479;148
1476;1475;155
1477;1474;174
1477;1480;188
1477;1481;269
1478;1479;124
1478;1482;193
1479;1475;148
1479;1478;124
1479;1480;194
1479;1483;230
1480;1477;188
1480;1479;194
1481;1477;269
1482;1478;193
1482;1484;273
1482;1486;300
1483;1479;230
1484;1482;273
1485;1487;212
1486;1482;300
1486;1487;144
1487;1485;212
1487;1486;144
1487;1490;255
1488;1490;214
1488;1492;244
1489;1492;120
1490;1487;255
1490;1488;214
1491;1492;354
1492;1488;244
1492;1489;120
1492;1491;354
1492;1493;416
1493;1492;416
1493;1495;164
1493;1496;235
1494;1498;169
1495;1493;164
1495;1498;280
1496;1493;235
1496;1500;304
1497;1498;447
1498;1494;169
1498;1495;280
1498;1497;447
1499;1503;309
1500;1496;304
1500;1502;358
1501;1505;321
1502;1500;358
1502;1504;338
1503;1499;309
1503;1504;108
1503;1507;235
1504;1502;338
1504;1503;108
1505;1501;321
1505;1508;272
1506;1510;238
1507;1503;235
1507;1511;214
1508;1505;272
1508;1510;235
1508;1511;109
1508;1512;303
1509;1512;293
1510;1506;238
1510;1508;235
1511;1507;214
1511;1508;109
1512;1508;303
1512;1509;293
1512;1516;272
1513;1514;230
1514;1513;230
1514;1517;142
1515;1516;604
1516;1512;272
1516;1515;604
1516;1518;134
1517;1514;142
1517;1521;168
1518;1516;134
1518;1519;189
1519;1518;189
1519;1520;105
1520;1519;105
1520;1521;149
1521;1517;168
1521;1520;149
1521;1523;182
1522;1523;133
1523;1521;182
1523;1522;133
1523;1527;134
1524;1528;177
1525;1528;196
1526;1527;190
1526;1530;246
1527;1523;134
1527;1526;190
1528;1524;177
1528;1525;196
1528;1529;209
1528;1531;155
1529;1528;209
1529;1533;266
1530;1526;246
1530;1531;240
1530;1534;125
1531;1528;155
1531;1530;240
1532;1535;183
1533;1529;266
1533;1535;160
1534;1530;125
1534;1536;302
1534;1537;147
1534;1538;290
1535;1532;183
1535;1533;160
1536;1534;302
1537;1534;147
1538;1534;290
1538;1539;297
1539;1538;297
1539;1540;206
1540;1539;206
1540;1541;147
1541;1540;147
1541;1542;204
1541;1543;175
1541;1544;178
1542;1541;204
1543;1541;175
1543;1547;350
1544;1541;178
1544;1545;191
1545;1544;191
1545;1549;226
1546;1549;151
1546;1550;158
1547;1543;350
1548;1549;134
1549;1545;226
1549;1546;151
1549;1548;134
1549;1552;123
1550;1546;158
1550;1551;219
1551;1550;219
1552;1549;123
1552;1553;258
1552;1554;442
1553;1552;258
1553;1555;173
1553;1557;240
1554;1552;442
1555;1553;173
1556;1560;288
1557;1553;240
1557;1558;214
1558;1557;214
1558;1561;128
1558;1562;296
1559;1560;265
1559;1562;100
1560;1556;288
1560;1559;265
1561;1558;128
1561;1564;303
1561;1565;405
1562;1558;296
1562;1559;100
1563;1565;177
1564;1561;303
1565;1561;405
1565;1563;177
1565;1566;328
1565;1567;107
1566;1565;328
1566;1569;311
1567;1565;107
1567;1568;100
1568;1567;100
1568;1572;301
1569;1566;311
1569;1573;201
1570;1571;290
1570;1573;335
1571;1570;290
1572;1568;301
1572;1576;231
1573;1569;201
1573;1570;335
1573;1575;209
1574;1576;380
1575;1573;209
1575;1578;387
1576;1572;231
1576;1574;380
1577;1579;112
1578;1575;387
1578;1581;167
1579;1577;112
1579;1581;116
1579;1583;199
1580;1584;336
1581;1578;167
1581;1579;116
1581;1585;401
1582;1584;159
1583;1579;199
1583;1586;105
1584;1580;336
1584;1582;159
1584;1586;159
1585;1581;401
1585;1587;142
1586;1583;105
1586;1584;159
