0;1;409
0;3;230
0;4;110
1;0;409
2;5;100
3;0;230
4;0;110
4;5;225
5;2;100
5;4;225
5;6;281
6;5;281
6;9;121
7;8;162
8;7;162
8;9;162
8;11;366
8;12;126
9;6;121
9;8;162
10;11;105
11;8;366
11;10;105
11;14;236
12;8;126
13;16;339
14;11;236
14;17;274
15;18;309
16;13;339
16;18;214
17;14;274
17;19;412
17;20;296
18;15;309
18;16;214
18;21;125
18;22;146
19;17;412
20;17;296
20;22;288
21;18;125
21;24;185
22;18;146
22;20;288
22;25;272
23;24;324
24;21;185
24;23;324
25;22;272
25;27;169
25;28;200
26;27;160
27;25;169
27;26;160
28;25;200
28;29;274
28;31;169
29;28;274
29;32;270
30;34;103
31;28;169
31;33;190
31;34;184
31;35;174
32;29;270
33;31;190
34;30;103
34;31;184
35;31;174
35;36;319
36;35;319
36;37;179
37;36;179
37;41;124
38;40;392
39;41;151
39;42;258
40;38;392
40;43;316
40;44;173
41;37;124
41;39;151
42;39;258
42;44;103
43;40;316
43;47;154
44;40;173
44;42;103
45;49;341
46;48;309
46;49;389
46;50;280
47;43;154
47;49;239
48;46;309
49;45;341
49;46;389
49;47;239
50;46;280
50;51;117
51;50;117
51;53;156
51;55;240
52;56;213
53;51;156
53;57;221
54;58;272
55;51;240
55;56;128
55;59;175
56;52;213
56;55;128
57;53;221
58;54;272
58;59;106
58;62;278
59;55;175
59;58;106
59;63;336
60;63;225
61;63;190
62;58;278
62;64;403
62;65;123
63;59;336
63;60;225
63;61;190
63;67;174
64;62;403
65;62;123
66;67;107
66;68;205
67;63;174
67;66;107
67;69;351
67;71;370
68;66;205
68;70;119
69;67;351
70;68;119
71;67;370
71;73;226
72;75;335
73;71;226
73;74;293
73;76;296
74;73;293
74;77;186
75;72;335
75;79;220
76;73;296
77;74;186
77;80;194
77;81;209
78;80;157
79;75;220
79;80;167
79;83;288
80;77;194
80;78;157
80;79;167
81;77;209
81;84;261
82;84;281
82;86;156
83;79;288
83;85;243
84;81;261
84;82;281
85;83;243
85;87;384
86;82;156
87;85;384
87;90;443
88;90;165
88;91;223
89;93;340
90;87;443
90;88;165
90;92;126
91;88;223
92;90;126
92;96;166
93;89;340
93;94;330
94;93;330
94;96;298
94;98;299
95;96;192
96;92;166
96;94;298
96;95;192
96;97;291
96;100;109
97;96;291
98;94;299
98;99;339
99;98;339
99;102;305
100;96;109
101;104;124
102;99;305
102;104;269
103;104;155
103;105;277
103;107;223
104;101;124
104;102;269
104;103;155
105;103;277
106;108;110
107;103;223
107;111;346
108;106;110
108;112;247
109;112;396
110;112;360
110;114;283
111;107;346
111;113;283
111;114;239
112;108;247
112;109;396
112;110;360
113;111;283
114;110;283
114;111;239
114;115;134
115;114;134
115;117;201
115;118;328
115;119;186
116;117;180
117;115;201
117;116;180
118;115;328
119;115;186
119;121;277
119;123;202
120;123;219
121;119;277
121;124;124
121;125;149
122;125;219
122;126;199
123;119;202
123;120;219
124;121;124
125;121;149
125;122;219
125;128;217
126;122;199
126;130;117
127;130;193
128;125;217
129;131;205
129;132;187
130;126;117
130;127;193
130;132;207
130;133;241
131;129;205
132;129;187
132;130;207
132;134;493
133;130;241
133;135;236
134;132;493
135;133;236
135;137;199
135;138;154
136;138;248
137;135;199
137;140;277
138;135;154
138;136;248
139;141;366
140;137;277
140;143;118
141;139;366
141;144;304
141;145;185
142;144;483
143;140;118
143;144;265
143;147;214
144;141;304
144;142;483
144;143;265
145;141;185
145;148;301
146;149;119
147;143;214
148;145;301
148;151;109
148;152;130
149;146;119
149;152;132
150;153;318
151;148;109
152;148;130
152;149;132
152;153;126
152;155;198
153;150;318
153;152;126
153;154;118
154;153;118
155;152;198
155;156;187
156;155;187
156;159;160
156;160;166
157;158;291
157;159;125
158;157;291
159;156;160
159;157;125
160;156;166
160;162;274
161;164;192
162;160;274
162;163;117
163;162;117
163;164;130
164;161;192
164;163;130
164;165;192
164;166;480
165;164;192
166;164;480
166;169;325
167;168;153
167;169;222
168;167;153
168;171;268
169;166;325
169;167;222
170;173;190
171;168;268
171;174;259
172;175;449
173;170;190
173;174;263
174;171;259
174;173;263
174;178;182
175;172;449
175;179;302
176;177;321
176;180;238
177;176;321
177;181;264
178;174;182
178;182;235
179;175;302
179;181;195
180;176;238
181;177;264
181;179;195
181;184;202
182;178;235
182;185;159
183;184;307
183;185;318
184;181;202
184;183;307
184;186;325
185;182;159
185;183;318
186;184;325
186;187;120
186;188;221
187;186;120
188;186;221
188;190;113
189;190;189
189;193;191
190;188;113
190;189;189
191;192;183
192;191;183
192;196;241
193;189;191
193;194;310
193;196;181
194;193;310
194;197;150
195;196;175
196;192;241
196;193;181
196;195;175
197;194;150
197;198;186
197;199;247
198;197;186
199;197;247
199;200;301
199;202;338
200;199;301
200;201;148
200;204;393
201;200;148
202;199;338
202;205;175
203;207;197
204;200;393
205;202;175
205;206;157
206;205;157
206;209;169
206;210;201
207;203;197
207;209;250
208;210;317
209;206;169
209;207;250
210;206;201
210;208;317
210;211;139
210;213;216
211;210;139
211;214;300
212;216;117
213;210;216
213;216;150
214;211;300
214;215;308
215;214;308
216;212;117
216;213;150
216;217;321
216;220;186
217;216;321
217;218;136
218;217;136
218;221;157
219;221;433
220;216;186
220;224;160
221;218;157
221;219;433
221;223;363
222;223;124
223;221;363
223;222;124
224;220;160
224;225;173
224;226;334
224;227;221
225;224;173
225;228;270
226;224;334
226;230;201
227;224;221
228;225;270
229;230;420
230;226;201
230;229;420
230;231;317
231;230;317
231;232;394
231;235;268
232;231;394
233;234;352
234;233;352
234;237;287
235;231;268
235;237;118
236;239;478
237;234;287
237;235;118
237;239;224
237;240;207
238;239;297
238;241;152
239;236;478
239;237;224
239;238;297
240;237;207
240;243;342
241;238;152
241;242;270
242;241;270
243;240;342
243;245;312
243;246;334
244;247;463
244;248;402
245;243;312
245;248;356
246;243;334
247;244;463
248;244;402
248;245;356
248;250;167
249;252;411
250;248;167
250;251;125
250;252;254
251;250;125
252;249;411
252;250;254
252;256;156
253;255;286
254;258;311
255;253;286
255;259;205
256;252;156
256;258;251
256;259;199
256;260;120
257;258;215
258;254;311
258;256;251
258;257;215
259;255;205
259;256;199
259;263;179
260;256;120
260;264;213
261;263;172
262;265;346
263;259;179
263;261;172
263;267;316
264;260;213
264;266;278
264;268;309
265;262;346
265;269;261
266;264;278
267;263;316
267;270;101
267;271;310
268;264;309
268;269;208
269;265;261
269;268;208
270;267;101
270;273;377
271;267;310
271;272;360
272;271;360
272;274;177
273;270;377
274;272;177
274;275;389
274;278;456
275;274;389
276;280;145
277;278;224
277;279;218
278;274;456
278;277;224
278;280;224
279;277;218
279;281;112
280;276;145
280;278;224
280;283;303
281;279;112
281;284;139
282;283;164
283;280;303
283;282;164
283;285;197
283;287;113
284;281;139
284;286;221
285;283;197
286;284;221
287;283;113
287;288;256
288;287;256
288;290;132
289;292;128
290;288;132
290;291;378
290;293;188
291;290;378
292;289;128
292;293;293
293;290;188
293;292;293
293;295;151
293;297;133
294;296;148
295;293;151
295;298;263
296;294;148
296;297;267
296;299;119
297;293;133
297;296;267
298;295;263
299;296;119
299;302;265
300;302;250
301;302;282
302;299;265
302;300;250
302;301;282
302;303;410
303;302;410
303;307;166
304;307;457
305;307;311
306;307;274
307;303;166
307;304;457
307;305;311
307;306;274
307;308;268
307;309;193
308;307;268
308;311;179
309;307;193
310;311;218
310;313;141
311;308;179
311;310;218
312;313;308
312;315;187
312;316;142
313;310;141
313;312;308
314;317;397
315;312;187
316;312;142
316;317;295
317;314;397
317;316;295
317;318;105
318;317;105
318;319;203
319;318;203
319;321;240
319;322;111
320;321;161
321;319;240
321;320;161
322;319;111
322;324;134
322;325;126
323;325;197
324;322;134
324;328;180
325;322;126
325;323;197
326;329;154
327;331;181
328;324;180
328;329;139
329;326;154
329;328;139
329;333;122
330;333;306
331;327;181
331;335;107
332;335;111
333;329;122
333;330;306
333;336;283
334;338;132
335;331;107
335;332;111
335;338;160
336;333;283
336;337;459
336;339;105
337;336;459
338;334;132
338;335;160
338;339;221
338;341;288
339;336;105
339;338;221
339;340;127
340;339;127
341;338;288
341;342;381
342;341;381
342;343;167
342;344;233
342;346;185
343;342;167
344;342;233
345;348;164
345;349;314
346;342;185
346;347;193
346;350;156
347;346;193
347;351;254
348;345;164
348;350;253
349;345;314
349;352;273
350;346;156
350;348;253
350;353;286
350;354;387
351;347;254
352;349;273
352;355;179
352;356;254
353;350;286
354;350;387
355;352;179
356;352;254
356;357;262
357;356;262
357;358;336
357;361;237
358;357;336
359;360;236
360;359;236
360;363;112
361;357;237
361;363;111
361;365;453
362;365;353
363;360;112
363;361;111
363;367;310
364;367;292
365;361;453
365;362;353
366;367;279
366;369;165
367;363;310
367;364;292
367;366;279
368;371;287
369;366;165
369;371;167
369;372;259
370;372;117
370;373;118
371;368;287
371;369;167
372;369;259
372;370;117
372;375;213
373;370;118
374;377;103
375;372;213
375;376;373
375;377;143
376;375;373
377;374;103
377;375;143
377;380;181
378;381;141
379;383;359
380;377;181
380;381;134
381;378;141
381;380;134
381;382;170
381;383;339
381;385;178
382;381;170
383;379;359
383;381;339
383;384;247
383;387;212
384;383;247
385;381;178
386;388;165
386;389;246
387;383;212
387;390;321
388;386;165
388;390;110
389;386;246
390;387;321
390;388;110
390;391;263
391;390;263
391;392;281
391;395;228
392;391;281
392;393;100
393;392;100
393;396;110
393;397;292
394;396;156
394;398;287
395;391;228
396;393;110
396;394;156
397;393;292
398;394;287
398;401;159
399;400;289
400;399;289
400;403;204
401;398;159
401;404;154
402;403;201
402;406;414
403;400;204
403;402;201
403;407;187
404;401;154
404;407;177
405;408;276
405;409;185
406;402;414
407;403;187
407;404;177
407;410;257
407;411;262
408;405;276
409;405;185
409;413;366
410;407;257
410;414;339
411;407;262
411;412;364
412;411;364
412;415;106
413;409;366
413;415;299
413;417;145
414;410;339
415;412;106
415;413;299
416;418;201
417;413;145
417;420;139
417;421;195
418;416;201
418;420;107
418;422;154
419;420;101
419;423;250
420;417;139
420;418;107
420;419;101
421;417;195
422;418;154
423;419;250
423;427;142
424;427;311
425;427;158
426;427;253
426;429;251
426;430;321
427;423;142
427;424;311
427;425;158
427;426;253
428;431;294
429;426;251
430;426;321
430;431;204
430;433;287
431;428;294
431;430;204
431;432;162
432;431;162
433;430;287
433;435;304
434;435;257
435;433;304
435;434;257
435;436;258
436;435;258
436;437;115
436;438;365
437;436;115
438;436;365
438;439;385
439;438;385
439;440;403
439;443;458
440;439;403
441;443;206
442;443;235
443;439;458
443;441;206
443;442;235
443;445;239
443;446;252
444;447;227
445;443;239
446;443;252
446;450;179
447;444;227
447;451;200
448;449;175
448;451;309
449;448;175
449;450;225
449;453;105
450;446;179
450;449;225
451;447;200
451;448;309
452;455;132
453;449;105
453;454;100
453;457;113
454;453;100
455;452;132
455;456;125
455;458;105
456;455;125
456;457;107
457;453;113
457;456;107
457;461;409
458;455;105
458;459;104
459;458;104
460;462;324
461;457;409
461;462;173
462;460;324
462;461;173
462;463;199
462;464;196
462;465;329
463;462;199
464;462;196
464;466;123
465;462;329
466;464;123
466;467;575
467;466;575
467;468;320
468;467;320
468;472;343
469;470;305
470;469;305
470;472;281
471;475;548
472;468;343
472;470;281
472;474;237
472;475;291
473;474;334
473;476;334
474;472;237
474;473;334
475;471;548
475;472;291
475;477;268
476;473;334
477;475;268
477;478;100
478;477;100
478;479;189
479;478;189
479;480;104
479;481;312
480;479;104
480;482;169
480;483;179
481;479;312
482;480;169
482;486;455
483;480;179
483;484;128
483;487;375
484;483;128
485;489;371
486;482;455
486;488;307
486;490;150
487;483;375
488;486;307
488;489;162
488;492;279
489;485;371
489;488;162
490;486;150
490;494;424
491;493;336
492;488;279
493;491;336
493;494;165
494;490;424
494;493;165
494;498;111
495;497;200
496;498;165
497;495;200
497;500;229
498;494;111
498;496;165
498;500;246
499;500;206
500;497;229
500;498;246
500;499;206
500;501;182
501;500;182
501;502;198
501;505;302
502;501;198
503;507;222
504;505;228
504;506;112
504;508;139
505;501;302
505;504;228
505;507;132
506;504;112
506;509;276
507;503;222
507;505;132
507;511;234
508;504;139
509;506;276
510;512;131
510;513;213
511;507;234
511;513;316
511;515;401
512;510;131
513;510;213
513;511;316
513;514;474
513;517;546
514;513;474
514;518;190
515;511;401
516;519;188
517;513;546
518;514;190
518;520;163
519;516;188
519;521;111
520;518;163
520;521;133
520;524;267
521;519;111
521;520;133
521;522;468
521;523;153
522;521;468
523;521;153
523;525;119
524;520;267
525;523;119
525;528;268
526;527;127
527;526;127
527;528;226
527;529;263
528;525;268
528;527;226
529;527;263
529;532;100
530;532;159
531;533;105
532;529;100
532;530;159
532;533;141
532;534;111
533;531;105
533;532;141
534;532;111
534;538;259
535;538;141
536;538;257
536;539;317
537;538;176
537;540;233
538;534;259
538;535;141
538;536;257
538;537;176
538;541;335
539;536;317
540;537;233
540;542;265
541;538;335
542;540;265
542;543;236
543;542;236
543;544;204
543;546;235
544;543;204
545;546;401
546;543;235
546;545;401
546;550;135
547;549;232
547;550;128
548;552;362
549;547;232
549;551;164
549;553;161
550;546;135
550;547;128
551;549;164
552;548;362
552;553;395
552;556;166
553;549;161
553;552;395
554;557;273
555;556;415
556;552;166
556;555;415
556;557;201
556;559;172
557;554;273
557;556;201
557;558;250
558;557;250
558;560;283
559;556;172
560;558;283
560;564;202
561;562;141
561;564;138
562;561;141
563;564;211
563;565;258
564;560;202
564;561;138
564;563;211
564;566;221
565;563;258
565;569;323
566;564;221
567;568;249
568;567;249
568;569;213
568;572;112
569;565;323
569;568;213
570;574;160
571;573;347
572;568;112
572;573;358
572;574;212
573;571;347
573;572;358
574;570;160
574;572;212
574;576;148
575;576;331
576;574;148
576;575;331
576;580;113
577;579;258
578;579;115
578;582;368
579;577;258
579;578;115
579;580;155
579;583;388
580;576;113
580;579;155
580;581;147
581;580;147
582;578;368
582;584;179
583;579;388
584;582;179
584;588;163
585;589;145
586;590;191
587;588;193
588;584;163
588;587;193
588;590;129
589;585;145
589;590;183
590;586;191
590;588;129
590;589;183
590;593;215
591;593;114
592;593;172
593;590;215
593;591;114
593;592;172
593;594;327
593;596;156
594;593;327
594;597;184
595;597;148
596;593;156
596;600;430
597;594;184
597;595;148
597;598;314
598;597;314
599;600;162
599;602;318
599;603;270
600;596;430
600;599;162
601;605;294
602;599;318
603;599;270
603;604;292
603;606;276
604;603;292
604;605;106
605;601;294
605;604;106
605;607;262
606;603;276
607;605;262
607;608;224
607;610;417
608;607;224
608;611;290
609;611;162
609;613;156
610;607;417
611;608;290
611;609;162
612;614;366
613;609;156
613;617;170
614;612;366
614;618;189
615;617;160
615;618;108
616;619;303
617;613;170
617;615;160
618;614;189
618;615;108
618;620;159
619;616;303
619;623;245
620;618;159
620;623;299
621;625;295
622;623;171
622;624;172
623;619;245
623;620;299
623;622;171
624;622;172
624;625;242
624;627;234
624;628;350
625;621;295
625;624;242
626;629;358
626;630;426
627;624;234
628;624;350
628;632;232
629;626;358
629;632;132
630;626;426
631;632;118
632;628;232
632;629;132
632;631;118
632;633;173
633;632;173
633;635;228
634;637;119
635;633;228
635;636;167
635;637;229
635;638;184
636;635;167
637;634;119
637;635;229
638;635;184
638;642;340
639;640;515
639;641;439
640;639;515
641;639;439
641;642;184
641;644;175
641;645;265
642;638;340
642;641;184
643;644;264
644;641;175
644;643;264
644;648;273
645;641;265
646;647;177
646;649;339
647;646;177
648;644;273
648;651;288
648;652;310
649;646;339
649;650;193
649;653;267
650;649;193
651;648;288
652;648;310
652;656;125
653;649;267
653;656;286
654;658;252
655;656;393
656;652;125
656;653;286
656;655;393
656;659;139
657;659;135
658;654;252
658;659;211
659;656;139
659;657;135
659;658;211
659;660;175
660;659;175
660;662;108
661;664;166
662;660;108
662;664;263
663;664;219
663;665;152
664;661;166
664;662;263
664;663;219
665;663;152
665;667;295
665;669;178
666;669;340
667;665;295
668;671;237
669;665;178
669;666;340
669;672;109
670;673;220
671;668;237
671;673;285
672;669;109
672;676;103
673;670;220
673;671;285
673;677;108
674;677;137
675;677;257
676;672;103
676;680;136
677;673;108
677;674;137
677;675;257
677;678;116
677;679;130
678;677;116
678;680;162
679;677;130
679;681;144
680;676;136
680;678;162
680;682;210
680;683;105
681;679;144
682;680;210
683;680;105
683;684;182
683;685;275
683;687;205
684;683;182
685;683;275
685;688;344
686;687;219
687;683;205
687;686;219
688;685;344
688;692;100
689;690;215
690;689;215
690;691;205
691;690;205
691;693;103
691;694;402
691;695;370
692;688;100
692;696;209
693;691;103
694;691;402
695;691;370
695;698;353
696;692;209
696;698;368
696;700;295
697;701;381
698;695;353
698;696;368
699;702;303
700;696;295
700;701;351
701;697;381
701;700;351
701;705;341
702;699;303
702;704;473
702;705;425
703;706;405
704;702;473
705;701;341
705;702;425
705;706;195
705;708;217
706;703;405
706;705;195
706;710;228
707;710;198
708;705;217
708;711;224
709;711;116
709;713;121
710;706;228
710;707;198
711;708;224
711;709;116
711;714;187
712;714;189
713;709;121
713;715;142
714;711;187
714;712;189
715;713;142
715;717;187
715;719;205
716;719;462
717;715;187
718;720;130
719;715;205
719;716;462
719;721;156
720;718;130
720;721;156
721;719;156
721;720;156
721;725;146
722;723;382
723;722;382
723;724;242
723;725;165
723;726;110
724;723;242
725;721;146
725;723;165
726;723;110
726;729;109
727;728;160
728;727;160
728;732;120
729;726;109
729;731;138
730;732;253
730;733;177
731;729;138
731;735;160
732;728;120
732;730;253
732;734;105
733;730;177
734;732;105
734;735;121
735;731;160
735;734;121
735;737;399
736;740;102
737;735;399
737;739;155
738;741;409
739;737;155
739;741;204
740;736;102
740;744;174
741;738;409
741;739;204
741;743;267
742;746;373
743;741;267
743;744;355
743;747;373
744;740;174
744;743;355
744;745;272
745;744;272
745;746;331
746;742;373
746;745;331
746;748;390
747;743;373
748;746;390
748;751;131
749;752;443
750;751;125
750;753;214
751;748;131
751;750;125
751;755;107
752;749;443
752;756;292
753;750;214
753;756;111
754;756;333
755;751;107
756;752;292
756;753;111
756;754;333
756;759;189
757;759;220
757;761;135
758;761;130
759;756;189
759;757;220
760;762;173
760;764;258
761;757;135
761;758;130
761;762;169
761;763;243
762;760;173
762;761;169
763;761;243
763;765;220
763;766;223
763;767;270
764;760;258
764;768;276
765;763;220
766;763;223
767;763;270
767;769;255
767;771;239
768;764;276
769;767;255
770;772;194
771;767;239
771;773;137
771;775;125
772;770;194
772;776;192
773;771;137
773;776;168
774;778;112
775;771;125
776;772;192
776;773;168
776;777;180
776;778;100
776;779;216
777;776;180
778;774;112
778;776;100
779;776;216
779;782;278
780;782;132
781;782;262
781;783;158
782;779;278
782;780;132
782;781;262
782;784;117
783;781;158
783;785;189
784;782;117
784;788;276
785;783;189
786;787;214
787;786;214
787;788;363
788;784;276
788;787;363
788;791;195
789;790;137
790;789;137
790;793;207
791;788;195
791;795;178
792;793;117
792;795;182
793;790;207
793;792;117
793;794;159
794;793;159
795;791;178
795;792;182
795;796;333
795;797;345
795;798;418
795;799;206
796;795;333
796;800;112
797;795;345
797;801;411
798;795;418
799;795;206
800;796;112
801;797;411
801;804;135
802;803;123
803;802;123
803;804;126
803;805;152
803;806;230
804;801;135
804;803;126
805;803;152
806;803;230
806;810;351
807;808;204
807;811;302
808;807;204
809;810;104
810;806;351
810;809;104
810;813;242
811;807;302
811;812;286
811;814;226
812;811;286
813;810;242
813;814;183
814;811;226
814;813;183
814;817;226
815;817;118
816;819;265
817;814;226
817;815;118
817;821;158
818;819;115
818;820;104
819;816;265
819;818;115
819;821;194
819;822;169
819;823;271
820;818;104
821;817;158
821;819;194
822;819;169
822;824;248
822;825;224
823;819;271
824;822;248
824;826;358
825;822;224
826;824;358
826;827;303
827;826;303
827;831;231
828;829;689
829;828;689
829;830;341
829;832;104
830;829;341
831;827;231
831;832;122
831;835;168
832;829;104
832;831;122
833;837;197
834;835;186
834;836;351
835;831;168
835;834;186
835;839;374
836;834;351
836;837;335
837;833;197
837;836;335
838;839;157
838;840;143
839;835;374
839;838;157
840;838;143
840;842;140
841;844;360
842;840;140
842;843;245
842;846;306
843;842;245
843;844;124
843;845;243
844;841;360
844;843;124
844;848;322
845;843;243
846;842;306
846;847;355
846;849;324
847;846;355
848;844;322
848;852;417
849;846;324
849;850;403
850;849;403
850;853;376
851;852;273
852;848;417
852;851;273
853;850;376
853;857;406
854;856;268
854;858;231
855;859;285
856;854;268
856;860;262
857;853;406
857;859;190
857;861;242
858;854;231
859;855;285
859;857;190
860;856;262
860;861;112
860;864;183
861;857;242
861;860;112
861;863;333
862;864;369
863;861;333
863;866;460
864;860;183
864;862;369
864;867;236
865;869;355
866;863;460
866;869;321
867;864;236
868;869;328
869;865;355
869;866;321
869;868;328
869;870;242
870;869;242
870;873;150
871;875;175
872;874;203
873;870;150
873;875;204
873;877;111
874;872;203
874;877;187
875;871;175
875;873;204
875;879;142
876;880;340
877;873;111
877;874;187
878;882;201
879;875;142
879;881;196
879;882;181
880;876;340
880;881;268
881;879;196
881;880;268
881;883;268
882;878;201
882;879;181
883;881;268
883;886;187
884;885;367
884;886;292
885;884;367
885;887;152
885;889;103
886;883;187
886;884;292
887;885;152
887;888;273
888;887;273
889;885;103
889;892;221
890;891;177
891;890;177
891;894;337
892;889;221
892;894;323
893;897;254
894;891;337
894;892;323
894;896;337
894;897;283
895;898;290
896;894;337
897;893;254
897;894;283
897;899;162
898;895;290
898;901;106
899;897;162
899;900;197
899;901;234
899;903;100
900;899;197
901;898;106
901;899;234
902;906;157
903;899;100
903;905;187
904;905;238
904;907;148
905;903;187
905;904;238
906;902;157
906;907;298
906;909;148
907;904;148
907;906;298
907;910;232
908;912;202
909;906;148
909;913;406
910;907;232
910;911;284
910;912;297
911;910;284
912;908;202
912;910;297
913;909;406
913;914;226
913;916;143
914;913;226
915;916;120
916;913;143
916;915;120
916;917;114
916;918;106
916;919;131
916;920;166
917;916;114
918;916;106
919;916;131
919;921;272
919;923;149
920;916;166
921;919;272
921;924;262
922;924;165
922;925;326
923;919;149
923;926;194
923;927;320
924;921;262
924;922;165
925;922;326
926;923;194
926;928;175
927;923;320
928;926;175
928;929;254
929;928;254
929;931;118
929;932;111
930;931;183
931;929;118
931;930;183
931;934;250
932;929;111
932;936;185
933;936;109
934;931;250
935;936;112
935;937;119
935;938;159
935;939;392
936;932;185
936;933;109
936;935;112
937;935;119
938;935;159
938;941;145
939;935;392
940;944;158
941;938;145
941;944;169
942;946;180
943;944;190
944;940;158
944;941;169
944;943;190
944;946;134
944;947;192
945;949;169
946;942;180
946;944;134
946;948;214
947;944;192
948;946;214
948;951;185
948;952;176
949;945;169
949;952;151
950;952;170
950;954;162
951;948;185
951;953;275
952;948;176
952;949;151
952;950;170
953;951;275
953;955;330
953;956;220
954;950;162
955;953;330
955;958;315
956;953;220
956;960;312
957;961;255
958;955;315
959;962;106
959;963;147
960;956;312
960;963;301
961;957;255
961;962;291
962;959;106
962;961;291
962;966;254
963;959;147
963;960;301
963;965;317
964;967;294
965;963;317
965;967;177
966;962;254
966;969;305
967;964;294
967;965;177
967;968;336
967;970;280
968;967;336
968;972;158
969;966;305
969;971;105
970;967;280
970;973;239
971;969;105
972;968;158
973;970;239
973;975;145
974;978;170
975;973;145
975;977;235
976;980;529
977;975;235
977;980;204
978;974;170
978;979;122
978;981;101
979;978;122
979;982;114
979;983;102
980;976;529
980;977;204
980;981;110
981;978;101
981;980;110
982;979;114
982;985;252
983;979;102
983;984;132
984;983;132
984;987;506
985;982;252
986;988;340
986;989;468
987;984;506
987;990;266
988;986;340
989;986;468
989;993;233
990;987;266
990;991;358
990;993;226
991;990;358
992;995;214
993;989;233
993;990;226
993;997;228
994;996;287
994;997;115
994;998;172
995;992;214
995;998;113
996;994;287
997;993;228
997;994;115
998;994;172
998;995;113
998;1001;246
999;1000;361
999;1003;202
1000;999;361
1000;1001;343
1001;998;246
1001;1000;343
1002;1003;177
1002;1004;166
1003;999;202
1003;1002;177
1004;1002;166
1004;1006;167
1005;1008;279
1006;1004;167
1006;1009;340
1007;1008;272
1008;1005;279
1008;1007;272
1008;1009;115
1009;1006;340
1009;1008;115
1009;1012;176
1009;1013;257
1010;1013;292
1011;1015;356
1012;1009;176
1013;1009;257
1013;1010;292
1013;1014;145
1014;1013;145
1014;1015;265
1015;1011;356
1015;1014;265
1015;1017;126
1016;1019;130
1016;1020;128
1017;1015;126
1017;1020;225
1018;1021;105
1019;1016;130
1020;1016;128
1020;1017;225
1020;1024;266
1021;1018;105
1021;1022;210
1021;1024;342
1021;1025;177
1022;1021;210
1022;1026;195
1023;1027;260
1024;1020;266
1024;1021;342
1024;1028;164
1025;1021;177
1025;1027;176
1026;1022;195
1027;1023;260
1027;1025;176
1028;1024;164
1028;1032;287
1029;1031;232
1029;1032;339
1029;1033;534
1030;1031;332
1031;1029;232
1031;1030;332
1031;1034;184
1032;1028;287
1032;1029;339
1033;1029;534
1033;1035;224
1034;1031;184
1035;1033;224
1035;1036;136
1036;1035;136
1036;1038;188
1036;1040;140
1037;1040;274
1037;1041;242
1038;1036;188
1039;1043;157
1040;1036;140
1040;1037;274
1040;1043;194
1041;1037;242
1041;1042;147
1042;1041;147
1043;1039;157
1043;1040;194
1043;1045;294
1043;1046;221
1044;1046;248
1045;1043;294
1046;1043;221
1046;1044;248
1046;1047;333
1047;1046;333
1047;1048;203
1047;1050;137
1048;1047;203
1048;1051;138
1049;1050;255
1049;1052;292
1050;1047;137
1050;1049;255
1051;1048;138
1051;1054;451
1052;1049;292
1052;1055;280
1052;1056;215
1053;1057;276
1054;1051;451
1055;1052;280
1056;1052;215
1056;1059;252
1057;1053;276
1057;1058;233
1057;1061;347
1058;1057;233
1058;1062;207
1059;1056;252
1059;1060;297
1059;1062;230
1060;1059;297
1060;1064;399
1061;1057;347
1062;1058;207
1062;1059;230
1062;1065;411
1063;1064;157
1064;1060;399
1064;1063;157
1064;1068;242
1065;1062;411
1066;1069;350
1067;1068;178
1068;1064;242
1068;1067;178
1068;1069;124
1069;1066;350
1069;1068;124
1069;1070;153
1070;1069;153
1070;1072;269
1071;1073;104
1071;1074;115
1072;1070;269
1072;1073;306
1073;1071;104
1073;1072;306
1073;1076;105
1074;1071;115
1075;1078;242
1076;1073;105
1076;1079;113
1077;1078;217
1077;1080;403
1078;1075;242
1078;1077;217
1078;1079;158
1079;1076;113
1079;1078;158
1079;1082;371
1080;1077;403
1081;1082;155
1081;1083;123
1082;1079;371
1082;1081;155
1082;1086;225
1083;1081;123
1083;1084;300
1084;1083;300
1085;1088;222
1086;1082;225
1086;1088;111
1087;1091;389
1088;1085;222
1088;1086;111
1088;1089;487
1088;1090;339
1089;1088;487
1090;1088;339
1090;1091;164
1090;1093;184
1091;1087;389
1091;1090;164
1092;1093;170
1092;1095;167
1093;1090;184
1093;1092;170
1094;1095;128
1094;1098;144
1095;1092;167
1095;1094;128
1096;1100;119
1097;1098;146
1098;1094;144
1098;1097;146
1098;1100;136
1099;1100;159
1099;1101;169
1099;1103;152
1100;1096;119
1100;1098;136
1100;1099;159
1100;1102;261
1101;1099;169
1102;1100;261
1103;1099;152
1103;1105;267
1104;1105;144
1104;1108;110
1105;1103;267
1105;1104;144
1106;1109;345
1107;1109;162
1108;1104;110
1108;1111;244
1109;1106;345
1109;1107;162
1109;1110;202
1109;1113;244
1110;1109;202
1110;1112;107
1111;1108;244
1111;1112;269
1111;1115;216
1112;1110;107
1112;1111;269
1113;1109;244
1114;1115;130
1114;1117;117
1115;1111;216
1115;1114;130
1115;1116;138
1116;1115;138
1116;1119;175
1117;1114;117
1118;1119;166
1118;1120;225
1119;1116;175
1119;1118;166
1120;1118;225
1120;1122;159
1120;1123;486
1121;1122;178
1121;1125;376
1122;1120;159
1122;1121;178
1122;1124;350
1123;1120;486
1124;1122;350
1125;1121;376
1125;1127;233
1126;1127;528
1127;1125;233
1127;1126;528
1127;1128;119
1128;1127;119
1128;1129;164
1129;1128;164
1129;1130;130
1129;1133;257
1130;1129;130
1130;1132;395
1131;1133;225
1131;1134;274
1132;1130;395
1132;1135;506
1133;1129;257
1133;1131;225
1134;1131;274
1134;1137;294
1135;1132;506
1135;1138;469
1136;1137;377
1137;1134;294
1137;1136;377
1138;1135;469
1138;1141;350
1139;1141;270
1139;1142;267
1140;1142;139
1141;1138;350
1141;1139;270
1141;1144;255
1142;1139;267
1142;1140;139
1143;1144;221
1144;1141;255
1144;1143;221
1144;1145;143
1145;1144;143
1145;1148;232
1145;1149;171
1146;1148;247
1147;1148;144
1147;1151;170
1148;1145;232
1148;1146;247
1148;1147;144
1149;1145;171
1150;1152;497
1150;1153;427
1151;1147;170
1151;1152;307
1151;1154;137
1152;1150;497
1152;1151;307
1152;1155;456
1153;1150;427
1154;1151;137
1155;1152;456
1155;1157;331
1156;1157;318
1156;1158;257
1157;1155;331
1157;1156;318
1157;1161;207
1158;1156;257
1158;1159;181
1158;1160;216
1159;1158;181
1160;1158;216
1161;1157;207
1161;1163;246
1162;1163;127
1162;1166;234
1163;1161;246
1163;1162;127
1164;1165;237
1164;1168;124
1165;1164;237
1166;1162;234
1166;1170;132
1167;1170;186
1168;1164;124
1168;1172;251
1169;1171;191
1170;1166;132
1170;1167;186
1170;1174;123
1171;1169;191
1171;1172;118
1171;1173;330
1172;1168;251
1172;1171;118
1172;1174;229
1173;1171;330
1174;1170;123
1174;1172;229
1174;1177;152
1175;1177;163
1176;1180;175
1177;1174;152
1177;1175;163
1177;1178;262
1178;1177;262
1178;1180;189
1178;1182;104
1179;1180;155
1180;1176;175
1180;1178;189
1180;1179;155
1181;1183;549
1182;1178;104
1182;1183;122
1182;1185;183
1182;1186;280
1183;1181;549
1183;1182;122
1183;1184;264
1184;1183;264
1185;1182;183
1186;1182;280
1186;1188;185
1187;1189;351
1188;1186;185
1188;1190;230
1189;1187;351
1189;1190;285
1190;1188;230
1190;1189;285
1190;1191;191
1190;1193;504
1191;1190;191
1191;1194;165
1192;1196;168
1193;1190;504
1194;1191;165
1194;1195;122
1194;1198;148
1195;1194;122
1196;1192;168
1196;1199;129
1197;1200;260
1198;1194;148
1198;1200;179
1199;1196;129
1199;1200;279
1199;1202;145
1199;1203;236
1200;1197;260
1200;1198;179
1200;1199;279
1201;1202;291
1202;1199;145
1202;1201;291
1202;1206;241
1203;1199;236
1204;1205;114
1204;1207;118
1204;1208;123
1205;1204;114
1206;1202;241
1206;1207;185
1206;1209;192
1207;1204;118
1207;1206;185
1208;1204;123
1209;1206;192
1209;1210;287
1209;1212;301
1210;1209;287
1210;1214;119
1211;1214;332
1212;1209;301
1212;1213;394
1212;1216;370
1213;1212;394
1214;1210;119
1214;1211;332
1215;1219;314
1216;1212;370
1216;1218;104
1217;1219;352
1218;1216;104
1218;1219;257
1218;1221;201
1219;1215;314
1219;1217;352
1219;1218;257
1219;1220;251
1220;1219;251
1221;1218;201
1221;1225;122
1222;1223;157
1223;1222;157
1223;1224;341
1224;1223;341
1224;1226;104
1225;1221;122
1225;1226;271
1225;1229;158
1226;1224;104
1226;1225;271
1227;1228;326
1228;1227;326
1228;1229;243
1228;1230;565
1229;1225;158
1229;1228;243
1229;1232;184
1230;1228;565
1231;1234;236
1232;1229;184
1232;1233;158
1232;1235;273
1233;1232;158
1233;1237;181
1234;1231;236
1234;1237;252
1235;1232;273
1236;1237;126
1236;1240;133
1237;1233;181
1237;1234;252
1237;1236;126
1237;1239;120
1238;1239;277
1238;1241;258
1238;1242;213
1239;1237;120
1239;1238;277
1240;1236;133
1241;1238;258
1241;1244;166
1242;1238;213
1242;1245;321
1243;1246;360
1244;1241;166
1245;1242;321
1245;1248;122
1246;1243;360
1246;1248;126
1246;1250;149
1247;1248;128
1248;1245;122
1248;1246;126
1248;1247;128
1248;1249;126
1249;1248;126
1249;1251;103
1249;1253;387
1250;1246;149
1250;1252;125
1251;1249;103
1251;1255;119
1252;1250;125
1253;1249;387
1253;1256;233
1254;1256;193
1255;1251;119
1256;1253;233
1256;1254;193
1256;1257;108
1257;1256;108
1257;1259;166
1258;1259;122
1258;1261;127
1259;1257;166
1259;1258;122
1260;1261;177
1261;1258;127
1261;1260;177
1261;1262;166
1262;1261;166
1262;1263;128
1262;1264;136
1262;1266;173
1263;1262;128
1263;1265;237
1264;1262;136
1265;1263;237
1266;1262;173
1266;1267;130
1266;1269;261
1267;1266;130
1268;1270;214
1269;1266;261
1269;1270;147
1269;1271;261
1269;1273;292
1270;1268;214
1270;1269;147
1271;1269;261
1271;1274;298
1272;1273;276
1273;1269;292
1273;1272;276
1273;1275;185
1274;1271;298
1274;1278;300
1275;1273;185
1275;1277;144
1276;1277;194
1277;1275;144
1277;1276;194
1277;1279;169
1277;1280;178
1278;1274;300
1279;1277;169
1280;1277;178
1280;1281;129
1280;1284;252
1281;1280;129
1281;1285;114
1282;1283;163
1283;1282;163
1283;1284;317
1284;1280;252
1284;1283;317
1284;1288;162
1285;1281;114
1285;1286;347
1286;1285;347
1286;1290;234
1287;1289;323
1287;1290;332
1287;1291;317
1288;1284;162
1289;1287;323
1289;1293;430
1290;1286;234
1290;1287;332
1291;1287;317
1292;1294;233
1292;1295;242
1293;1289;430
1293;1296;266
1294;1292;233
1294;1296;176
1295;1292;242
1295;1298;297
1296;1293;266
1296;1294;176
1297;1301;311
1298;1295;297
1298;1299;346
1298;1300;164
1299;1298;346
1299;1302;243
1300;1298;164
1301;1297;311
1301;1302;247
1301;1304;256
1302;1299;243
1302;1301;247
1303;1304;143
1304;1301;256
1304;1303;143
1304;1305;183
1304;1307;263
1305;1304;183
1305;1309;194
1306;1307;230
1306;1308;234
1307;1304;263
1307;1306;230
1308;1306;234
1308;1312;117
1309;1305;194
1310;1313;261
1311;1313;416
1311;1315;178
1312;1308;117
1312;1314;306
1313;1310;261
1313;1311;416
1314;1312;306
1314;1315;117
1314;1316;354
1315;1311;178
1315;1314;117
1316;1314;354
1316;1317;203
1317;1316;203
1317;1319;125
1317;1320;196
1318;1322;231
1319;1317;125
1319;1321;113
1320;1317;196
1320;1323;314
1321;1319;113
1321;1322;284
1321;1324;279
1322;1318;231
1322;1321;284
1323;1320;314
1324;1321;279
1324;1328;393
1325;1328;145
1326;1327;279
1326;1330;353
1327;1326;279
1327;1328;118
1328;1324;393
1328;1325;145
1328;1327;118
1328;1329;102
1328;1332;227
1329;1328;102
1329;1331;225
1330;1326;353
1330;1334;272
1331;1329;225
1332;1328;227
1333;1335;148
1334;1330;272
1334;1335;261
1334;1336;380
1334;1337;219
1334;1338;111
1335;1333;148
1335;1334;261
1336;1334;380
1337;1334;219
1338;1334;111
1338;1339;250
1338;1341;228
1339;1338;250
1340;1343;126
1341;1338;228
1341;1342;181
1341;1344;138
1342;1341;181
1342;1343;180
1342;1345;300
1343;1340;126
1343;1342;180
1344;1341;138
1345;1342;300
1345;1346;108
1346;1345;108
1346;1350;394
1347;1348;363
1347;1350;355
1348;1347;363
1349;1350;246
1350;1346;394
1350;1347;355
1350;1349;246
1350;1351;318
1351;1350;318
1351;1352;135
1352;1351;135
1352;1355;245
1353;1355;313
1354;1356;228
1354;1357;153
1355;1352;245
1355;1353;313
1355;1356;158
1355;1359;175
1356;1354;228
1356;1355;158
1356;1358;303
1357;1354;153
1358;1356;303
1358;1361;279
1359;1355;175
1359;1362;167
1359;1363;197
1360;1361;100
1361;1358;279
1361;1360;100
1362;1359;167
1363;1359;197
1363;1364;214
1363;1367;109
1364;1363;214
1364;1368;240
1365;1368;207
1365;1369;210
1366;1368;104
1367;1363;109
1368;1364;240
1368;1365;207
1368;1366;104
1368;1370;165
1369;1365;210
1369;1373;204
1370;1368;165
1370;1374;375
1371;1373;165
1372;1373;419
1373;1369;204
1373;1371;165
1373;1372;419
1373;1375;464
1373;1376;110
1374;1370;375
1375;1373;464
1376;1373;110
1376;1379;252
1377;1379;232
1377;1380;243
1378;1380;300
1379;1376;252
1379;1377;232
1380;1377;243
1380;1378;300
1380;1382;188
1381;1383;141
1382;1380;188
1382;1384;165
1383;1381;141
1383;1384;164
1383;1387;304
1384;1382;165
1384;1383;164
1384;1385;164
1384;1388;174
1385;1384;164
1386;1389;348
1387;1383;304
1388;1384;174
1388;1391;363
1388;1392;206
1389;1386;348
1389;1390;246
1389;1392;221
1390;1389;246
1391;1388;363
1391;1395;224
1392;1388;206
1392;1389;221
1393;1395;106
1393;1396;182
1394;1398;212
1395;1391;224
1395;1393;106
1396;1393;182
1396;1398;153
1396;1400;120
1397;1398;215
1397;1399;518
1398;1394;212
1398;1396;153
1398;1397;215
1398;1401;117
1399;1397;518
1399;1402;101
1400;1396;120
1401;1398;117
1401;1404;305
1401;1405;502
1402;1399;101
1403;1404;525
1404;1401;305
1404;1403;525
1405;1401;502
1405;1408;419
1406;1409;117
1406;1410;154
1407;1409;408
1408;1405;419
1408;1410;224
1408;1411;192
1409;1406;117
1409;1407;408
1409;1412;120
1410;1406;154
1410;1408;224
1411;1408;192
1411;1413;230
1412;1409;120
1412;1414;169
1413;1411;230
1413;1415;302
1414;1412;169
1414;1416;294
1415;1413;302
1415;1417;182
1415;1418;174
1416;1414;294
1417;1415;182
1417;1421;123
1418;1415;174
1418;1419;199
1418;1420;186
1419;1418;199
1420;1418;186
1420;1423;308
1421;1417;123
1422;1426;491
1423;1420;308
1423;1424;253
1424;1423;253
1424;1427;248
1425;1427;378
1426;1422;491
1426;1430;267
1427;1424;248
1427;1425;378
1427;1428;216
1428;1427;216
1428;1431;220
1429;1431;229
1429;1433;101
1430;1426;267
1430;1431;288
1431;1428;220
1431;1429;229
1431;1430;288
1431;1435;226
1432;1433;155
1433;1429;101
1433;1432;155
1433;1437;318
1434;1438;255
1435;1431;226
1435;1438;160
1436;1437;270
1436;1439;238
1437;1433;318
1437;1436;270
1437;1440;151
1437;1441;107
1438;1434;255
1438;1435;160
1439;1436;238
1439;1442;245
1440;1437;151
1441;1437;107
1441;1445;199
1442;1439;245
1442;1443;224
1442;1444;108
1443;1442;224
1444;1442;108
1444;1446;258
1445;1441;199
1445;1448;292
1445;1449;130
1446;1444;258
1447;1448;262
1448;1445;292
1448;1447;262
1449;1445;130
1449;1452;219
1450;1451;111
1450;1452;103
1450;1453;171
1451;1450;111
1451;1455;285
1452;1449;219
1452;1450;103
1453;1450;171
1453;1454;100
1454;1453;100
1454;1458;157
1455;1451;285
1455;1456;118
1455;1457;319
1456;1455;118
1456;1460;338
1457;1455;319
1458;1454;157
1459;1461;190
1460;1456;338
1460;1461;132
1460;1463;213
1461;1459;190
1461;1460;132
1461;1465;396
1462;1463;243
1463;1460;213
1463;1462;243
1463;1464;123
1464;1463;123
1465;1461;396
1465;1466;350
1465;1467;119
1466;1465;350
1466;1469;106
1467;1465;119
1467;1471;125
1468;1471;172
1469;1466;106
1470;1474;186
1471;1467;125
1471;1468;172
1471;1473;139
1472;1473;174
1472;1476;336
1473;1471;139
1473;1472;174
1474;1470;186
1474;1475;136
1474;1477;345
1475;1474;136
1475;1479;184
1476;1472;336
1476;1477;128
1477;1474;345
1477;1476;128
1478;1482;383
1479;1475;184
1479;1480;135
1479;1481;341
1480;1479;135
1480;1482;147
1481;1479;341
1482;1478;383
1482;1480;147
1482;1483;159
1483;1482;159
1483;1487;239
1484;1485;137
1484;1487;200
1484;1488;232
1485;1484;137
1486;1490;376
1487;1483;239
1487;1484;200
1487;1491;134
1488;1484;232
1488;1489;363
1488;1490;109
1489;1488;363
1490;1486;376
1490;1488;109
1490;1492;201
1491;1487;134
1491;1495;137
1492;1490;201
1493;1494;224
1493;1496;329
1493;1497;231
1494;1493;224
1494;1495;160
1495;1491;137
1495;1494;160
1496;1493;329
1497;1493;231
1497;1499;373
1497;1501;122
1498;1500;327
1499;1497;373
1500;1498;327
1500;1502;201
1500;1504;312
1501;1497;122
1501;1505;177
1502;1500;201
1503;1504;171
1504;1500;312
1504;1503;171
1504;1506;187
1505;1501;177
1505;1506;217
1505;1507;222
1506;1504;187
1506;1505;217
1507;1505;222
1507;1509;332
1507;1510;196
1508;1512;200
1509;1507;332
1509;1511;291
1510;1507;196
1511;1509;291
1511;1512;128
1512;1508;200
1512;1511;128
1512;1514;112
1513;1517;133
1514;1512;112
1514;1516;195
1514;1518;237
1515;1517;290
1516;1514;195
1517;1513;133
1517;1515;290
1517;1519;274
1517;1521;253
1518;1514;237
1518;1520;106
1518;1521;157
1519;1517;274
1519;1523;218
1520;1518;106
1520;1524;303
1521;1517;253
1521;1518;157
1522;1524;419
1523;1519;218
1524;1520;303
1524;1522;419
1524;1526;188
1524;1527;176
1525;1528;119
1526;1524;188
1527;1524;176
1527;1531;381
1528;1525;119
1528;1529;141
1528;1532;312
1529;1528;141
1529;1530;146
1530;1529;146
1531;1527;381
1531;1535;111
1532;1528;312
1532;1533;171
1532;1535;228
1533;1532;171
1533;1534;103
1534;1533;103
1534;1538;141
1535;1531;111
1535;1532;228
1535;1536;122
1535;1539;129
1536;1535;122
1537;1541;159
1538;1534;141
1538;1540;213
1538;1542;230
1539;1535;129
1540;1538;213
1541;1537;159
1541;1545;219
1542;1538;230
1542;1544;349
1543;1546;258
1544;1542;349
1544;1546;248
1544;1548;277
1545;1541;219
1545;1549;273
1546;1543;258
1546;1544;248
1546;1547;104
1547;1546;104
1547;1550;156
1548;1544;277
1548;1551;147
1549;1545;273
1549;1550;285
1550;1547;156
1550;1549;285
1551;1548;147
1551;1552;283
1552;1551;283
1552;1553;368
1552;1554;114
1553;1552;368
1554;1552;114
1554;1555;170
1554;1557;301
1554;1558;168
1555;1554;170
1555;1559;242
1556;1559;228
1557;1554;301
1558;1554;168
1558;1562;146
1559;1555;242
1559;1556;228
1559;1561;165
1560;1562;106
1561;1559;165
1562;1558;146
1562;1560;106
1562;1564;165
1563;1567;249
1564;1562;165
1564;1565;256
1565;1564;256
1565;1567;120
1566;1568;216
1567;1563;249
1567;1565;120
1567;1568;168
1568;1566;216
1568;1567;168
1568;1571;230
1569;1570;125
1569;1571;135
1570;1569;125
1571;1568;230
1571;1569;135
1571;1574;186
1572;1574;297
1573;1575;249
1574;1571;186
1574;1572;297
1574;1575;102
1574;1577;231
1575;1573;249
1575;1574;102
1576;1578;164
1577;1574;231
1577;1581;333
1578;1576;164
1578;1579;449
1578;1581;360
1579;1578;449
1580;1581;228
1580;1583;217
1581;1577;333
1581;1578;360
1581;1580;228
1581;1582;134
1582;1581;134
1583;1580;217
1583;1585;304
1584;1586;285
1584;1588;107
1585;1583;304
1585;1587;294
1586;1584;285
1587;1585;294
1587;1589;103
