0;1;450
1;0;450
1;5;202
2;4;314
3;6;119
4;2;314
4;7;174
4;8;212
5;1;202
5;7;111
5;9;153
6;3;119
6;8;180
6;10;254
7;4;174
7;5;111
8;4;212
8;6;180
9;5;153
9;12;226
10;6;254
10;13;370
11;14;144
12;9;226
13;10;370
13;14;127
13;15;467
13;16;197
14;11;144
14;13;127
14;18;359
15;13;467
16;13;197
17;18;272
18;14;359
18;17;272
18;21;264
18;22;179
19;22;357
20;21;400
21;18;264
21;20;400
21;23;406
21;25;112
22;18;179
22;19;357
23;21;406
24;26;135
25;21;112
25;28;144
26;24;135
26;30;233
27;28;161
28;25;144
28;27;161
28;31;223
29;33;153
30;26;233
30;31;234
31;28;223
31;30;234
31;32;198
32;31;198
32;33;140
32;35;150
33;29;153
33;32;140
33;37;367
34;36;239
34;38;203
35;32;150
36;34;239
36;37;205
37;33;367
37;36;205
38;34;203
38;39;120
38;42;445
39;38;120
39;41;291
40;42;325
40;43;446
41;39;291
42;38;445
42;40;325
42;44;331
43;40;446
44;42;331
44;45;264
44;46;222
44;47;314
45;44;264
45;48;243
46;44;222
47;44;314
48;45;243
48;51;386
49;50;381
49;52;334
49;53;312
50;49;381
51;48;386
51;52;360
52;49;334
52;51;360
52;56;569
53;49;312
54;55;190
54;57;203
54;58;423
55;54;190
55;59;253
56;52;569
56;59;100
57;54;203
58;54;423
59;55;253
59;56;100
59;62;359
60;63;397
61;62;645
62;59;359
62;61;645
62;64;427
62;65;482
62;66;524
63;60;397
63;64;108
64;62;427
64;63;108
65;62;482
65;69;103
66;62;524
67;69;153
68;70;134
69;65;103
69;67;153
69;71;490
70;68;134
70;72;161
71;69;490
71;74;327
72;70;161
72;74;289
73;74;332
73;76;174
73;77;287
74;71;327
74;72;289
74;73;332
75;78;154
75;79;220
76;73;174
77;73;287
77;80;256
78;75;154
78;80;102
79;75;220
80;77;256
80;78;102
80;83;278
81;83;248
82;85;352
83;80;278
83;81;248
83;84;216
84;83;216
84;85;332
85;82;352
85;84;332
85;86;160
86;85;160
86;87;184
86;88;219
86;89;195
87;86;184
88;86;219
88;90;112
89;86;195
90;88;112
90;93;146
91;94;317
92;94;154
93;90;146
93;95;321
94;91;317
94;92;154
94;97;270
95;93;321
95;98;308
95;99;226
96;99;258
97;94;270
97;100;257
98;95;308
98;100;241
99;95;226
99;96;258
99;101;441
100;97;257
100;98;241
101;99;441
101;104;317
102;105;390
102;106;478
103;104;421
104;101;317
104;103;421
104;107;522
105;102;390
106;102;478
106;110;230
107;104;522
107;109;315
108;110;184
108;112;251
109;107;315
109;110;201
109;111;212
110;106;230
110;108;184
110;109;201
111;109;212
111;113;310
111;114;251
112;108;251
113;111;310
113;115;166
113;116;124
114;111;251
115;113;166
115;117;159
116;113;124
117;115;159
117;120;226
118;122;145
119;120;314
119;121;172
119;122;141
120;117;226
120;119;314
120;124;288
121;119;172
122;118;145
122;119;141
123;125;251
123;126;262
124;120;288
124;125;330
125;123;251
125;124;330
125;129;115
126;123;262
126;128;206
127;129;154
128;126;206
128;130;235
129;125;115
129;127;154
129;132;102
130;128;235
131;132;212
131;134;199
131;135;152
132;129;102
132;131;212
133;134;106
133;136;242
134;131;199
134;133;106
134;138;176
135;131;152
135;137;140
135;139;106
136;133;242
137;135;140
138;134;176
138;140;366
138;141;108
139;135;106
139;142;119
140;138;366
141;138;108
142;139;119
142;144;179
142;145;169
143;144;155
144;142;179
144;143;155
145;142;169
145;147;142
145;149;103
146;147;273
147;145;142
147;146;273
147;151;154
148;152;329
149;145;103
149;150;286
150;149;286
151;147;154
151;152;308
151;153;156
152;148;329
152;151;308
153;151;156
153;155;219
153;157;162
154;158;102
155;153;219
155;158;116
156;157;157
157;153;162
157;156;157
157;160;332
158;154;102
158;155;116
158;159;448
158;162;161
159;158;448
159;161;333
160;157;332
160;164;295
161;159;333
162;158;161
163;164;333
163;167;335
164;160;295
164;163;333
165;167;399
166;167;226
167;163;335
167;165;399
167;166;226
167;170;135
168;170;312
169;170;154
169;173;187
170;167;135
170;168;312
170;169;154
170;172;327
171;173;279
172;170;327
172;174;112
173;169;187
173;171;279
173;176;275
174;172;112
174;178;164
175;178;262
175;179;247
176;173;275
176;177;328
177;176;328
178;174;164
178;175;262
179;175;247
179;180;197
179;183;275
180;179;197
181;182;511
182;181;511
182;183;218
182;184;124
183;179;275
183;182;218
184;182;124
184;188;294
185;186;325
185;187;120
186;185;325
187;185;120
187;188;115
187;190;254
188;184;294
188;187;115
188;191;196
188;192;211
189;190;486
190;187;254
190;189;486
191;188;196
192;188;211
192;193;107
193;192;107
193;195;293
193;197;219
194;195;314
195;193;293
195;194;314
195;196;331
196;195;331
197;193;219
197;200;125
198;200;220
198;202;190
199;201;369
200;197;125
200;198;220
200;201;320
200;204;319
201;199;369
201;200;320
202;198;190
202;206;132
203;205;479
203;206;177
204;200;319
204;207;369
205;203;479
206;202;132
206;203;177
207;204;369
207;211;216
208;212;160
209;210;104
210;209;104
210;213;266
211;207;216
211;212;146
212;208;160
212;211;146
212;215;236
213;210;266
213;214;114
214;213;114
214;216;113
215;212;236
215;216;129
215;218;245
216;214;113
216;215;129
216;217;248
217;216;248
218;215;245
218;220;224
218;221;394
219;220;492
220;218;224
220;219;492
221;218;394
221;223;155
222;223;307
222;224;318
223;221;155
223;222;307
224;222;318
224;227;240
225;227;368
226;230;224
227;224;240
227;225;368
227;230;322
228;230;274
229;230;307
229;232;156
230;226;224
230;227;322
230;228;274
230;229;307
231;234;114
232;229;156
232;233;116
232;235;217
232;236;169
233;232;116
233;234;202
234;231;114
234;233;202
235;232;217
235;237;178
236;232;169
236;239;183
237;235;178
237;240;293
238;240;326
238;241;240
239;236;183
240;237;293
240;238;326
241;238;240
241;243;353
241;244;253
242;246;461
243;241;353
243;246;260
243;247;155
244;241;253
244;248;132
245;246;186
246;242;461
246;243;260
246;245;186
246;249;193
247;243;155
248;244;132
248;250;158
249;246;193
250;248;158
250;253;486
250;254;271
251;254;254
252;254;451
253;250;486
254;250;271
254;251;254
254;252;451
254;257;150
255;256;490
256;255;490
256;258;130
256;259;164
256;260;131
257;254;150
257;258;143
258;256;130
258;257;143
258;262;189
259;256;164
260;256;131
260;263;185
261;263;338
262;258;189
262;265;312
263;260;185
263;261;338
263;264;286
264;263;286
264;268;446
265;262;312
265;266;269
265;267;390
266;265;269
267;265;390
267;269;458
268;264;446
269;267;458
269;273;131
270;272;473
270;273;167
271;275;298
272;270;473
272;276;135
273;269;131
273;270;167
273;275;192
273;277;287
274;275;144
275;271;298
275;273;192
275;274;144
275;278;378
276;272;135
277;273;287
278;275;378
278;280;301
278;282;197
279;282;211
279;283;158
280;278;301
281;285;200
282;278;197
282;279;211
282;285;222
283;279;158
284;285;110
285;281;200
285;282;222
285;284;110
285;288;166
285;289;168
286;287;142
287;286;142
287;289;224
287;290;343
288;285;166
288;291;356
289;285;168
289;287;224
290;287;343
290;293;223
291;288;356
291;292;393
292;291;393
292;294;236
293;290;223
294;292;236
294;295;125
294;297;215
295;294;125
296;298;161
296;300;329
297;294;215
297;301;398
298;296;161
299;303;301
300;296;329
300;303;119
301;297;398
301;302;239
301;304;111
302;301;239
302;303;129
303;299;301
303;300;119
303;302;129
303;307;288
304;301;111
304;305;257
304;306;199
305;304;257
306;304;199
306;309;339
307;303;288
308;309;295
308;310;245
309;306;339
309;308;295
309;311;276
310;308;245
311;309;276
311;313;247
311;314;109
312;313;264
313;311;247
313;312;264
314;311;109
314;315;226
315;314;226
315;316;235
316;315;235
316;317;249
316;320;201
317;316;249
317;318;396
318;317;396
319;321;171
320;316;201
320;321;237
321;319;171
321;320;237
321;322;225
321;324;501
322;321;225
323;324;102
324;321;501
324;323;102
324;326;210
324;328;229
325;326;317
326;324;210
326;325;317
326;327;186
326;330;288
327;326;186
328;324;229
329;333;129
330;326;288
330;331;154
330;332;349
330;333;311
331;330;154
332;330;349
333;329;129
333;330;311
333;337;172
334;335;285
335;334;285
335;338;200
336;337;250
336;338;298
337;333;172
337;336;250
337;339;278
337;341;164
338;335;200
338;336;298
339;337;278
339;340;117
340;339;117
340;342;111
340;343;151
341;337;164
341;345;124
342;340;111
343;340;151
343;347;243
344;345;292
345;341;124
345;344;292
346;349;171
347;343;243
347;351;268
348;351;269
348;352;117
349;346;171
349;352;206
350;351;119
351;347;268
351;348;269
351;350;119
351;354;144
352;348;117
352;349;206
352;353;117
353;352;117
353;356;290
353;357;327
354;351;144
355;359;180
356;353;290
356;360;204
357;353;327
357;358;160
357;361;175
358;357;160
358;362;167
359;355;180
359;361;355
359;363;244
360;356;204
361;357;175
361;359;355
361;364;100
361;365;123
362;358;167
363;359;244
363;367;111
364;361;100
364;368;403
365;361;123
366;367;162
366;370;126
367;363;111
367;366;162
368;364;403
369;370;325
370;366;126
370;369;325
370;374;118
371;375;104
372;374;299
372;375;243
373;375;317
374;370;118
374;372;299
374;378;359
375;371;104
375;372;243
375;373;317
376;378;225
377;381;330
378;374;359
378;376;225
378;381;234
379;380;151
379;381;100
380;379;151
380;384;107
381;377;330
381;378;234
381;379;100
381;385;156
382;383;254
382;385;111
383;382;254
384;380;107
385;381;156
385;382;111
385;386;309
386;385;309
386;388;353
387;390;244
387;391;165
388;386;353
388;392;165
389;393;255
390;387;244
391;387;165
391;393;144
392;388;165
392;393;238
392;394;212
392;396;353
393;389;255
393;391;144
393;392;238
393;395;293
394;392;212
395;393;293
396;392;353
396;398;287
397;401;140
398;396;287
398;399;233
399;398;233
399;402;171
399;403;210
400;402;217
401;397;140
401;402;167
402;399;171
402;400;217
402;401;167
402;405;300
403;399;210
404;406;289
405;402;300
405;406;422
406;404;289
406;405;422
406;407;108
406;409;225
407;406;108
407;408;285
408;407;285
408;411;165
409;406;225
409;412;157
409;413;380
410;414;241
411;408;165
411;415;503
412;409;157
413;409;380
414;410;241
414;415;385
414;418;232
415;411;503
415;414;385
415;416;182
416;415;182
416;419;200
417;419;170
418;414;232
418;420;331
418;422;350
419;416;200
419;417;170
420;418;331
420;424;188
421;424;246
422;418;350
422;426;416
423;424;152
423;425;231
424;420;188
424;421;246
424;423;152
425;423;231
426;422;416
426;429;460
427;431;158
428;432;456
429;426;460
429;431;287
430;431;106
430;432;262
431;427;158
431;429;287
431;430;106
432;428;456
432;430;262
432;433;174
433;432;174
433;435;176
434;435;240
434;436;150
435;433;176
435;434;240
436;434;150
436;439;338
437;440;199
438;442;109
439;436;338
439;440;204
439;441;217
440;437;199
440;439;204
440;444;129
441;439;217
441;442;102
442;438;109
442;441;102
442;445;331
443;445;128
443;447;104
444;440;129
444;446;245
445;442;331
445;443;128
446;444;245
447;443;104
447;451;325
448;449;215
449;448;215
449;450;177
449;452;113
450;449;177
451;447;325
451;452;312
451;453;300
452;449;113
452;451;312
453;451;300
453;455;129
453;456;149
454;455;343
455;453;129
455;454;343
456;453;149
456;460;382
457;459;243
457;461;419
458;459;159
458;460;159
459;457;243
459;458;159
459;462;434
459;463;350
460;456;382
460;458;159
461;457;419
462;459;434
463;459;350
463;466;314
464;467;353
465;466;247
465;468;166
465;469;300
466;463;314
466;465;247
466;467;316
467;464;353
467;466;316
468;465;166
468;472;523
469;465;300
469;473;401
470;471;305
470;473;427
471;470;305
472;468;523
473;469;401
473;470;427
473;476;280
474;475;144
475;474;144
475;476;383
476;473;280
476;475;383
476;478;333
476;479;168
477;478;468
478;476;333
478;477;468
478;481;352
479;476;168
480;483;275
481;478;352
481;482;314
481;483;187
481;485;184
482;481;314
482;484;239
483;480;275
483;481;187
484;482;239
485;481;184
485;487;221
485;489;169
486;488;349
486;489;287
487;485;221
488;486;349
488;491;163
489;485;169
489;486;287
489;492;323
490;491;236
491;488;163
491;490;236
492;489;323
492;493;158
493;492;158
493;494;299
493;496;188
493;497;277
494;493;299
495;498;432
496;493;188
497;493;277
497;498;337
498;495;432
498;497;337
498;501;564
499;501;482
500;501;409
500;502;119
500;503;436
501;498;564
501;499;482
501;500;409
502;500;119
502;504;331
503;500;436
504;502;331
504;507;484
505;508;161
505;509;159
506;507;124
507;504;484
507;506;124
507;508;113
508;505;161
508;507;113
509;505;159
509;512;120
510;512;190
510;513;139
511;515;192
512;509;120
512;510;190
512;516;198
513;510;139
513;515;201
514;517;260
515;511;192
515;513;201
515;519;204
516;512;198
516;518;171
517;514;260
517;518;132
518;516;171
518;517;132
519;515;204
519;520;277
519;521;164
520;519;277
521;519;164
521;522;194
522;521;194
522;524;282
522;525;407
523;526;340
524;522;282
525;522;407
525;526;154
526;523;340
526;525;154
526;527;298
526;530;184
527;526;298
527;528;291
528;527;291
528;529;283
529;528;283
529;533;165
530;526;184
531;532;275
532;531;275
532;533;119
532;535;252
533;529;165
533;532;119
533;536;136
534;535;166
535;532;252
535;534;166
535;539;283
536;533;136
536;537;176
537;536;176
537;538;316
538;537;316
539;535;283
539;542;285
540;541;202
540;542;266
540;543;348
540;544;246
541;540;202
542;539;285
542;540;266
543;540;348
544;540;246
544;546;127
544;547;146
545;549;245
546;544;127
546;549;152
547;544;146
548;552;169
549;545;245
549;546;152
549;550;154
549;551;158
550;549;154
550;552;269
551;549;158
552;548;169
552;550;269
552;553;115
552;554;102
553;552;115
553;557;234
554;552;102
554;556;153
555;559;339
556;554;153
556;560;119
557;553;234
558;562;118
559;555;339
559;560;310
559;561;306
559;562;157
559;563;229
560;556;119
560;559;310
561;559;306
562;558;118
562;559;157
562;564;109
563;559;229
564;562;109
564;566;307
565;566;278
565;569;149
566;564;307
566;565;278
567;568;102
568;567;102
568;570;217
568;572;331
569;565;149
569;571;352
570;568;217
570;571;359
571;569;352
571;570;359
571;573;450
571;574;212
572;568;331
572;575;281
573;571;450
574;571;212
574;577;252
575;572;281
575;578;163
576;580;510
577;574;252
577;581;241
578;575;163
579;582;146
579;583;141
580;576;510
580;582;147
581;577;241
581;583;170
582;579;146
582;580;147
583;579;141
583;581;170
583;584;104
583;586;183
584;583;104
584;585;201
584;587;100
585;584;201
586;583;183
586;590;105
587;584;100
587;589;166
588;589;116
589;587;166
589;588;116
590;586;105
590;594;235
591;595;549
592;595;260
593;597;340
594;590;235
594;596;152
594;597;350
595;591;549
595;592;260
595;596;149
595;598;434
595;599;327
596;594;152
596;595;149
596;600;221
597;593;340
597;594;350
598;595;434
599;595;327
599;601;150
600;596;221
601;599;150
601;603;217
601;604;316
602;604;276
603;601;217
604;601;316
604;602;276
604;605;257
604;606;367
604;608;297
605;604;257
606;604;367
606;610;272
607;608;130
608;604;297
608;607;130
609;612;232
610;606;272
610;612;113
611;612;306
611;613;224
612;609;232
612;610;113
612;611;306
612;615;124
613;611;224
614;615;438
615;612;124
615;614;438
615;617;395
616;618;159
617;615;395
617;618;343
617;620;117
618;616;159
618;617;343
619;621;115
620;617;117
620;622;186
620;623;279
621;619;115
621;624;101
621;625;322
622;620;186
622;624;410
623;620;279
624;621;101
624;622;410
624;627;231
625;621;322
625;626;179
625;628;110
626;625;179
626;629;329
627;624;231
628;625;110
629;626;329
629;632;177
630;631;142
630;633;109
630;634;161
631;630;142
631;635;192
632;629;177
632;636;236
633;630;109
633;637;128
634;630;161
635;631;192
636;632;236
636;638;115
636;639;100
637;633;128
637;641;104
638;636;115
638;640;109
638;641;222
638;642;285
639;636;100
640;638;109
641;637;104
641;638;222
642;638;285
642;646;247
643;644;350
644;643;350
644;646;280
644;647;417
645;648;291
646;642;247
646;644;280
646;650;289
647;644;417
647;649;430
648;645;291
648;650;131
648;651;265
649;647;430
649;652;259
650;646;289
650;648;131
651;648;265
651;653;191
652;649;259
653;651;191
653;656;328
654;657;349
654;658;340
655;658;242
656;653;328
656;658;370
657;654;349
658;654;340
658;655;242
658;656;370
658;659;172
658;662;142
659;658;172
659;660;237
659;663;231
660;659;237
660;661;306
661;660;306
662;658;142
663;659;231
663;664;119
663;667;263
664;663;119
664;665;233
664;668;128
665;664;233
665;669;180
666;667;158
667;663;263
667;666;158
667;671;178
668;664;128
668;670;380
669;665;180
669;673;132
670;668;380
671;667;178
672;673;137
672;674;276
672;676;101
673;669;132
673;672;137
674;672;276
674;675;269
675;674;269
676;672;101
676;677;138
676;679;197
677;676;138
677;680;161
677;681;201
678;681;112
679;676;197
679;683;268
680;677;161
681;677;201
681;678;112
682;684;174
683;679;268
683;684;167
684;682;174
684;683;167
684;686;193
684;688;163
685;687;312
686;684;193
686;687;233
686;689;578
687;685;312
687;686;233
687;690;448
688;684;163
688;691;339
689;686;578
690;687;448
691;688;339
691;693;402
692;693;205
693;691;402
693;692;205
693;695;218
693;696;355
694;697;383
695;693;218
695;698;275
696;693;355
697;694;383
697;699;437
698;695;275
698;700;359
699;697;437
699;702;282
700;698;359
700;703;240
701;702;169
701;705;257
702;699;282
702;701;169
702;704;379
703;700;240
703;706;171
704;702;379
705;701;257
705;709;243
706;703;171
706;707;238
707;706;238
707;709;100
708;711;107
709;705;243
709;707;100
709;711;293
710;713;147
711;708;107
711;709;293
711;714;322
712;714;362
712;715;267
713;710;147
713;716;244
714;711;322
714;712;362
715;712;267
715;719;333
716;713;244
716;717;310
717;716;310
717;718;262
718;717;262
718;719;286
718;720;234
719;715;333
719;718;286
720;718;234
720;721;187
720;724;123
721;720;187
722;725;119
723;727;123
724;720;123
724;726;276
724;727;222
725;722;119
725;727;220
726;724;276
726;729;247
727;723;123
727;724;222
727;725;220
727;731;237
728;731;220
729;726;247
729;732;396
730;733;147
731;727;237
731;728;220
731;733;246
732;729;396
733;730;147
733;731;246
733;734;395
733;737;196
734;733;395
735;737;221
735;739;418
736;740;410
737;733;196
737;735;221
737;740;369
738;739;413
739;735;418
739;738;413
740;736;410
740;737;369
740;744;319
741;745;148
742;745;157
743;745;137
744;740;319
744;747;287
745;741;148
745;742;157
745;743;137
745;748;104
746;747;180
746;748;246
746;749;125
747;744;287
747;746;180
747;750;414
748;745;104
748;746;246
748;751;398
749;746;125
750;747;414
750;754;530
751;748;398
752;754;196
753;756;281
754;750;530
754;752;196
754;755;133
754;756;382
755;754;133
755;759;103
756;753;281
756;754;382
757;760;226
757;761;148
758;761;306
759;755;103
759;760;250
760;757;226
760;759;250
761;757;148
761;758;306
761;762;202
761;763;142
762;761;202
762;764;190
762;765;311
763;761;142
764;762;190
764;767;207
764;768;161
765;762;311
766;768;178
766;770;415
767;764;207
768;764;161
768;766;178
768;769;303
768;772;157
769;768;303
770;766;415
771;772;517
772;768;157
772;771;517
772;775;215
773;776;478
774;777;128
775;772;215
775;776;143
775;777;281
776;773;478
776;775;143
776;780;230
777;774;128
777;775;281
778;779;186
778;781;205
779;778;186
779;782;361
780;776;230
780;781;126
780;783;266
781;778;205
781;780;126
782;779;361
782;785;187
783;780;266
783;786;217
784;786;135
784;788;159
785;782;187
786;783;217
786;784;135
787;788;185
788;784;159
788;787;185
788;792;185
789;791;118
790;792;242
791;789;118
791;795;258
792;788;185
792;790;242
792;795;147
793;794;377
793;795;117
794;793;377
795;791;258
795;792;147
795;793;117
795;796;484
795;797;170
796;795;484
797;795;170
797;800;352
797;801;291
798;799;194
799;798;194
799;800;126
800;797;352
800;799;126
800;803;211
801;797;291
801;805;342
802;803;113
802;804;158
803;800;211
803;802;113
803;806;267
804;802;158
804;808;344
805;801;342
806;803;267
806;809;146
807;809;401
808;804;344
809;806;146
809;807;401
809;810;102
809;812;229
810;809;102
811;812;116
811;813;158
812;809;229
812;811;116
813;811;158
813;817;134
814;815;382
814;817;171
814;818;161
815;814;382
816;818;104
817;813;134
817;814;171
817;821;176
818;814;161
818;816;104
818;819;238
819;818;238
819;823;364
820;824;364
821;817;176
822;825;278
822;826;231
823;819;364
823;824;126
823;827;264
824;820;364
824;823;126
825;822;278
826;822;231
826;827;169
826;830;213
827;823;264
827;826;169
827;828;156
827;831;164
828;827;156
828;829;142
829;828;142
830;826;213
830;834;312
831;827;164
831;832;124
832;831;124
832;835;377
833;834;188
833;836;294
834;830;312
834;833;188
835;832;377
836;833;294
836;837;244
836;839;156
837;836;244
838;840;210
839;836;156
839;840;175
839;842;175
839;843;138
840;838;210
840;839;175
841;845;221
842;839;175
842;845;169
843;839;138
844;846;117
845;841;221
845;842;169
845;846;282
845;849;273
846;844;117
846;845;282
846;850;261
847;850;187
848;849;285
849;845;273
849;848;285
850;846;261
850;847;187
850;852;100
851;852;115
851;853;316
852;850;100
852;851;115
852;854;201
852;855;103
853;851;316
854;852;201
854;858;108
855;852;103
856;859;207
856;860;198
857;860;183
857;861;154
858;854;108
858;862;215
859;856;207
860;856;198
860;857;183
860;863;220
861;857;154
862;858;215
862;864;171
863;860;220
863;864;119
864;862;171
864;863;119
864;866;168
865;868;113
866;864;168
866;867;125
866;868;151
866;870;179
867;866;125
867;869;166
868;865;113
868;866;151
868;871;218
869;867;166
870;866;179
870;873;211
870;874;140
871;868;218
871;872;139
872;871;139
873;870;211
873;875;292
873;876;201
874;870;140
874;877;273
875;873;292
876;873;201
877;874;273
877;879;276
878;879;137
879;877;276
879;878;137
879;881;212
879;882;122
880;881;216
881;879;212
881;880;216
882;879;122
882;884;352
882;885;116
883;885;145
884;882;352
884;888;335
885;882;116
885;883;145
885;886;296
886;885;296
886;889;292
886;890;340
887;888;158
888;884;335
888;887;158
888;891;307
889;886;292
890;886;340
890;893;131
890;894;204
891;888;307
892;895;407
892;896;393
893;890;131
893;897;410
894;890;204
894;896;318
895;892;407
896;892;393
896;894;318
896;900;203
897;893;410
898;902;448
899;900;124
900;896;203
900;899;124
900;904;116
901;903;415
901;905;267
902;898;448
902;904;210
903;901;415
903;906;325
904;900;116
904;902;210
904;907;398
905;901;267
906;903;325
906;909;255
907;904;398
907;911;336
908;912;124
909;906;255
909;910;117
909;913;335
910;909;117
910;911;175
911;907;336
911;910;175
911;915;282
912;908;124
912;915;193
912;916;104
913;909;335
914;918;435
915;911;282
915;912;193
916;912;104
916;920;105
917;918;110
918;914;435
918;917;110
918;921;207
918;922;249
919;922;343
920;916;105
920;921;228
920;924;163
921;918;207
921;920;228
922;918;249
922;919;343
923;927;371
924;920;163
924;926;150
924;927;404
924;928;113
925;926;497
926;924;150
926;925;497
927;923;371
927;924;404
928;924;113
928;929;230
929;928;230
929;931;206
929;932;217
930;933;215
931;929;206
932;929;217
932;935;167
933;930;215
933;935;165
933;936;257
934;936;129
935;932;167
935;933;165
935;938;133
936;933;257
936;934;129
937;938;189
938;935;133
938;937;189
938;939;325
938;941;319
939;938;325
939;943;302
940;942;189
940;943;352
941;938;319
942;940;189
942;945;205
942;946;252
943;939;302
943;940;352
943;947;144
944;945;134
945;942;205
945;944;134
946;942;252
947;943;144
947;948;162
947;949;284
948;947;162
948;951;307
949;947;284
950;952;293
951;948;307
951;953;218
951;955;232
952;950;293
952;956;219
953;951;218
953;957;254
954;958;272
955;951;232
956;952;219
956;958;119
957;953;254
957;958;176
958;954;272
958;956;119
958;957;176
958;960;239
959;962;124
960;958;239
960;964;386
961;963;257
962;959;124
962;964;133
963;961;257
963;965;190
964;960;386
964;962;133
964;966;131
964;968;165
965;963;190
965;969;190
966;964;131
966;969;131
967;969;278
967;971;261
968;964;165
969;965;190
969;966;131
969;967;278
970;973;280
971;967;261
971;975;345
972;973;322
973;970;280
973;972;322
973;976;162
974;975;244
975;971;345
975;974;244
975;976;193
975;979;171
976;973;162
976;975;193
977;979;383
977;981;463
978;982;291
979;975;171
979;977;383
980;982;331
981;977;463
981;984;480
982;978;291
982;980;331
982;984;315
982;986;104
983;986;357
984;981;480
984;982;315
985;987;279
986;982;104
986;983;357
986;988;321
987;985;279
987;988;364
987;991;285
988;986;321
988;987;364
989;991;410
989;993;154
990;992;236
990;993;329
991;987;285
991;989;410
992;990;236
992;994;176
993;989;154
993;990;329
994;992;176
994;996;171
994;998;181
995;998;240
996;994;171
996;997;171
997;996;171
998;994;181
998;995;240
998;1000;126
998;1002;196
999;1003;244
1000;998;126
1000;1004;409
1001;1005;147
1002;998;196
1002;1006;185
1003;999;244
1003;1005;179
1004;1000;409
1005;1001;147
1005;1003;179
1005;1007;310
1006;1002;185
1006;1007;195
1006;1009;346
1007;1005;310
1007;1006;195
1007;1008;200
1007;1010;187
1008;1007;200
1008;1011;111
1009;1006;346
1010;1007;187
1010;1012;136
1011;1008;111
1012;1010;136
1012;1013;445
1012;1014;280
1013;1012;445
1014;1012;280
1014;1017;207
1015;1016;149
1016;1015;149
1016;1017;262
1017;1014;207
1017;1016;262
1017;1019;130
1017;1021;112
1018;1019;177
1019;1017;130
1019;1018;177
1020;1021;164
1021;1017;112
1021;1020;164
1021;1022;198
1021;1024;202
1022;1021;198
1022;1025;290
1023;1026;284
1023;1027;199
1024;1021;202
1024;1027;198
1025;1022;290
1026;1023;284
1026;1028;249
1026;1029;106
1027;1023;199
1027;1024;198
1028;1026;249
1028;1031;436
1029;1026;106
1029;1030;301
1029;1032;189
1029;1033;211
1030;1029;301
1031;1028;436
1032;1029;189
1032;1036;159
1033;1029;211
1034;1038;429
1035;1038;293
1035;1039;246
1036;1032;159
1036;1038;442
1037;1039;273
1038;1034;429
1038;1035;293
1038;1036;442
1038;1040;382
1039;1035;246
1039;1037;273
1040;1038;382
1040;1043;225
1041;1043;437
1042;1046;265
1043;1040;225
1043;1041;437
1043;1046;228
1044;1046;199
1045;1046;282
1046;1042;265
1046;1043;228
1046;1044;199
1046;1045;282
1046;1048;211
1047;1048;229
1048;1046;211
1048;1047;229
1048;1049;521
1048;1051;342
1048;1052;327
1049;1048;521
1050;1052;182
1051;1048;342
1051;1055;182
1052;1048;327
1052;1050;182
1053;1056;125
1054;1056;157
1054;1058;275
1055;1051;182
1055;1059;407
1056;1053;125
1056;1054;157
1057;1061;145
1058;1054;275
1058;1062;155
1059;1055;407
1059;1063;202
1060;1064;151
1061;1057;145
1061;1063;100
1061;1064;206
1062;1058;155
1062;1066;216
1063;1059;202
1063;1061;100
1063;1067;302
1064;1060;151
1064;1061;206
1064;1068;158
1065;1069;465
1066;1062;216
1066;1069;123
1067;1063;302
1068;1064;158
1068;1071;292
1069;1065;465
1069;1066;123
1069;1071;106
1070;1072;254
1070;1073;207
1071;1068;292
1071;1069;106
1071;1072;172
1072;1070;254
1072;1071;172
1072;1074;188
1072;1076;235
1073;1070;207
1074;1072;188
1075;1076;140
1075;1078;131
1076;1072;235
1076;1075;140
1077;1081;115
1078;1075;131
1078;1079;152
1079;1078;152
1079;1082;138
1079;1083;228
1080;1081;120
1080;1082;121
1081;1077;115
1081;1080;120
1081;1084;130
1081;1085;335
1082;1079;138
1082;1080;121
1083;1079;228
1083;1086;205
1083;1087;108
1084;1081;130
1085;1081;335
1085;1088;415
1085;1089;141
1086;1083;205
1086;1090;399
1087;1083;108
1088;1085;415
1089;1085;141
1090;1086;399
1090;1091;237
1090;1093;117
1091;1090;237
1091;1094;117
1092;1095;423
1093;1090;117
1094;1091;117
1094;1096;189
1095;1092;423
1095;1096;118
1095;1098;119
1096;1094;189
1096;1095;118
1097;1099;297
1098;1095;119
1098;1100;166
1098;1101;231
1098;1102;183
1099;1097;297
1099;1103;282
1100;1098;166
1101;1098;231
1101;1103;247
1101;1104;377
1101;1105;240
1102;1098;183
1102;1106;226
1103;1099;282
1103;1101;247
1104;1101;377
1105;1101;240
1106;1102;226
1106;1108;242
1107;1108;278
1107;1109;127
1107;1110;356
1108;1106;242
1108;1107;278
1109;1107;127
1109;1111;375
1110;1107;356
1111;1109;375
1111;1113;218
1112;1115;101
1113;1111;218
1113;1115;392
1114;1118;264
1115;1112;101
1115;1113;392
1115;1117;285
1116;1118;244
1117;1115;285
1117;1118;283
1117;1119;113
1118;1114;264
1118;1116;244
1118;1117;283
1119;1117;113
1119;1121;137
1120;1123;304
1121;1119;137
1121;1124;199
1122;1126;184
1123;1120;304
1123;1125;263
1123;1127;246
1124;1121;199
1124;1125;159
1125;1123;263
1125;1124;159
1126;1122;184
1126;1129;195
1127;1123;246
1127;1130;217
1128;1132;191
1129;1126;195
1129;1132;104
1130;1127;217
1130;1132;235
1131;1135;244
1132;1128;191
1132;1129;104
1132;1130;235
1132;1133;114
1132;1135;112
1133;1132;114
1133;1136;118
1134;1136;300
1135;1131;244
1135;1132;112
1135;1137;187
1135;1138;197
1136;1133;118
1136;1134;300
1136;1139;119
1137;1135;187
1138;1135;197
1139;1136;119
1139;1141;138
1139;1143;336
1140;1142;316
1141;1139;138
1142;1140;316
1142;1145;380
1143;1139;336
1143;1145;372
1143;1146;270
1144;1145;166
1145;1142;380
1145;1143;372
1145;1144;166
1145;1149;389
1146;1143;270
1146;1147;155
1147;1146;155
1147;1148;145
1148;1147;145
1149;1145;389
1149;1150;136
1150;1149;136
1150;1154;212
1151;1153;287
1152;1154;351
1153;1151;287
1153;1154;175
1153;1157;326
1154;1150;212
1154;1152;351
1154;1153;175
1155;1158;168
1156;1159;241
1157;1153;326
1157;1159;118
1157;1160;251
1157;1161;171
1158;1155;168
1158;1162;279
1159;1156;241
1159;1157;118
1160;1157;251
1161;1157;171
1161;1162;251
1161;1163;110
1162;1158;279
1162;1161;251
1163;1161;110
1163;1165;183
1164;1166;105
1164;1167;241
1165;1163;183
1165;1167;211
1166;1164;105
1166;1169;223
1167;1164;241
1167;1165;211
1167;1170;226
1168;1170;224
1168;1172;291
1169;1166;223
1169;1173;222
1170;1167;226
1170;1168;224
1171;1174;412
1171;1175;253
1172;1168;291
1173;1169;222
1173;1175;221
1173;1176;254
1174;1171;412
1175;1171;253
1175;1173;221
1175;1179;172
1176;1173;254
1177;1180;189
1178;1181;133
1179;1175;172
1179;1180;138
1179;1181;369
1180;1177;189
1180;1179;138
1180;1183;350
1181;1178;133
1181;1179;369
1181;1184;426
1182;1183;264
1182;1186;193
1183;1180;350
1183;1182;264
1184;1181;426
1185;1187;285
1186;1182;193
1186;1187;228
1186;1190;236
1187;1185;285
1187;1186;228
1188;1189;285
1188;1190;175
1189;1188;285
1190;1186;236
1190;1188;175
1190;1191;290
1191;1190;290
1191;1195;249
1192;1193;127
1193;1192;127
1193;1196;115
1194;1195;187
1194;1196;190
1194;1198;182
1195;1191;249
1195;1194;187
1196;1193;115
1196;1194;190
1197;1201;136
1198;1194;182
1198;1199;211
1199;1198;211
1199;1200;214
1199;1202;206
1200;1199;214
1201;1197;136
1201;1202;167
1201;1203;243
1201;1205;232
1202;1199;206
1202;1201;167
1202;1204;171
1203;1201;243
1204;1202;171
1205;1201;232
1205;1207;271
1205;1209;177
1206;1209;228
1206;1210;187
1207;1205;271
1208;1209;173
1209;1205;177
1209;1206;228
1209;1208;173
1209;1212;185
1210;1206;187
1210;1213;202
1211;1214;305
1212;1209;185
1212;1215;471
1212;1216;202
1213;1210;202
1214;1211;305
1214;1218;166
1215;1212;471
1216;1212;202
1216;1219;304
1217;1219;125
1218;1214;166
1218;1219;328
1218;1221;160
1219;1216;304
1219;1217;125
1219;1218;328
1220;1221;323
1220;1222;321
1221;1218;160
1221;1220;323
1221;1224;238
1222;1220;321
1222;1223;359
1223;1222;359
1223;1226;354
1224;1221;238
1225;1227;152
1225;1229;208
1226;1223;354
1226;1229;117
1227;1225;152
1227;1231;194
1228;1230;280
1229;1225;208
1229;1226;117
1230;1228;280
1230;1233;308
1231;1227;194
1231;1232;122
1232;1231;122
1232;1233;155
1232;1235;138
1233;1230;308
1233;1232;155
1233;1234;161
1234;1233;161
1234;1238;176
1235;1232;138
1235;1236;307
1236;1235;307
1236;1237;305
1236;1240;232
1237;1236;305
1238;1234;176
1238;1239;253
1239;1238;253
1240;1236;232
1240;1241;165
1240;1244;183
1241;1240;165
1241;1242;162
1241;1245;149
1242;1241;162
1243;1245;164
1244;1240;183
1245;1241;149
1245;1243;164
1245;1247;226
1246;1249;229
1247;1245;226
1247;1250;242
1248;1249;165
1249;1246;229
1249;1248;165
1249;1251;277
1250;1247;242
1250;1251;180
1251;1249;277
1251;1250;180
1251;1254;326
1252;1255;266
1253;1254;289
1253;1256;159
1254;1251;326
1254;1253;289
1255;1252;266
1255;1257;242
1255;1258;252
1256;1253;159
1256;1258;130
1257;1255;242
1257;1259;415
1258;1255;252
1258;1256;130
1258;1261;307
1259;1257;415
1260;1263;464
1261;1258;307
1261;1264;492
1262;1265;432
1263;1260;464
1263;1264;431
1264;1261;492
1264;1263;431
1264;1267;520
1265;1262;432
1265;1268;299
1266;1268;116
1266;1270;173
1267;1264;520
1267;1271;385
1268;1265;299
1268;1266;116
1269;1270;129
1270;1266;173
1270;1269;129
1270;1271;210
1270;1273;230
1271;1267;385
1271;1270;210
1271;1274;133
1271;1275;243
1272;1274;330
1273;1270;230
1273;1276;187
1274;1271;133
1274;1272;330
1274;1278;252
1275;1271;243
1276;1273;187
1276;1279;204
1277;1279;183
1278;1274;252
1279;1276;204
1279;1277;183
1279;1280;268
1280;1279;268
1280;1281;218
1280;1282;165
1281;1280;218
1281;1283;119
1282;1280;165
1282;1286;175
1283;1281;119
1284;1288;213
1285;1288;171
1285;1289;109
1286;1282;175
1286;1287;164
1286;1289;115
1287;1286;164
1287;1290;203
1288;1284;213
1288;1285;171
1289;1285;109
1289;1286;115
1289;1291;268
1290;1287;203
1291;1289;268
1291;1292;525
1292;1291;525
1292;1294;286
1292;1295;155
1293;1296;255
1294;1292;286
1294;1298;398
1295;1292;155
1295;1297;273
1296;1293;255
1296;1300;218
1297;1295;273
1297;1300;119
1298;1294;398
1299;1300;263
1299;1301;173
1300;1296;218
1300;1297;119
1300;1299;263
1300;1302;121
1301;1299;173
1302;1300;121
1302;1306;264
1303;1304;207
1303;1307;217
1304;1303;207
1304;1305;386
1304;1306;115
1305;1304;386
1305;1308;167
1306;1302;264
1306;1304;115
1307;1303;217
1307;1310;276
1308;1305;167
1309;1311;118
1310;1307;276
1310;1311;126
1311;1309;118
1311;1310;126
1311;1315;263
1312;1313;207
1312;1314;196
1313;1312;207
1314;1312;196
1314;1318;195
1315;1311;263
1315;1319;139
1316;1317;182
1317;1316;182
1317;1318;256
1317;1321;208
1318;1314;195
1318;1317;256
1318;1322;101
1319;1315;139
1319;1321;240
1320;1324;404
1321;1317;208
1321;1319;240
1321;1324;178
1321;1325;124
1322;1318;101
1323;1325;246
1323;1326;215
1324;1320;404
1324;1321;178
1325;1321;124
1325;1323;246
1326;1323;215
1326;1330;333
1327;1329;119
1327;1331;193
1328;1329;145
1328;1332;261
1329;1327;119
1329;1328;145
1330;1326;333
1330;1332;101
1331;1327;193
1332;1328;261
1332;1330;101
1332;1333;299
1333;1332;299
1333;1335;349
1334;1336;283
1335;1333;349
1335;1336;238
1335;1339;100
1336;1334;283
1336;1335;238
1336;1337;166
1337;1336;166
1338;1341;212
1338;1342;185
1339;1335;100
1339;1340;137
1340;1339;137
1340;1342;216
1341;1338;212
1342;1338;185
1342;1340;216
1342;1343;330
1343;1342;330
1343;1345;363
1344;1345;187
1345;1343;363
1345;1344;187
1345;1346;298
1346;1345;298
1346;1347;322
1347;1346;322
1347;1348;245
1347;1351;201
1348;1347;245
1348;1349;368
1348;1350;287
1349;1348;368
1350;1348;287
1350;1352;376
1350;1354;287
1351;1347;201
1351;1355;292
1352;1350;376
1353;1356;141
1354;1350;287
1355;1351;292
1355;1356;166
1356;1353;141
1356;1355;166
1356;1357;257
1357;1356;257
1357;1359;154
1357;1361;297
1358;1361;395
1359;1357;154
1359;1363;338
1360;1363;216
1361;1357;297
1361;1358;395
1361;1362;129
1362;1361;129
1362;1364;145
1363;1359;338
1363;1360;216
1364;1362;145
1364;1365;172
1364;1366;516
1364;1367;320
1365;1364;172
1366;1364;516
1367;1364;320
1367;1368;211
1367;1369;720
1368;1367;211
1369;1367;720
1369;1373;425
1370;1372;151
1371;1374;435
1372;1370;151
1372;1374;243
1372;1376;225
1373;1369;425
1373;1374;174
1374;1371;435
1374;1372;243
1374;1373;174
1374;1378;281
1375;1379;231
1376;1372;225
1377;1379;220
1377;1380;233
1378;1374;281
1378;1381;225
1379;1375;231
1379;1377;220
1380;1377;233
1380;1381;188
1380;1382;117
1381;1378;225
1381;1380;188
1382;1380;117
1382;1383;390
1383;1382;390
1383;1385;181
1384;1387;153
1384;1388;256
1385;1383;181
1385;1387;106
1386;1388;261
1387;1384;153
1387;1385;106
1387;1389;157
1388;1384;256
1388;1386;261
1388;1392;340
1389;1387;157
1389;1390;152
1390;1389;152
1390;1393;239
1391;1394;327
1391;1395;381
1392;1388;340
1393;1390;239
1393;1396;116
1393;1397;339
1394;1391;327
1394;1397;280
1395;1391;381
1396;1393;116
1397;1393;339
1397;1394;280
1397;1400;220
1398;1401;212
1399;1400;176
1399;1402;370
1400;1397;220
1400;1399;176
1400;1401;172
1401;1398;212
1401;1400;172
1401;1404;382
1402;1399;370
1403;1405;158
1404;1401;382
1404;1406;117
1405;1403;158
1405;1406;116
1405;1407;106
1405;1408;139
1405;1409;263
1406;1404;117
1406;1405;116
1407;1405;106
1407;1411;272
1408;1405;139
1409;1405;263
1410;1413;234
1410;1414;132
1411;1407;272
1411;1412;321
1411;1415;209
1412;1411;321
1413;1410;234
1413;1415;146
1414;1410;132
1415;1411;209
1415;1413;146
1415;1417;114
1416;1417;167
1416;1419;266
1417;1415;114
1417;1416;167
1418;1419;136
1419;1416;266
1419;1418;136
1419;1420;213
1419;1421;211
1420;1419;213
1421;1419;211
1421;1422;184
1421;1423;141
1422;1421;184
1423;1421;141
1423;1424;153
1424;1423;153
1424;1425;205
1425;1424;205
1425;1426;204
1425;1429;516
1426;1425;204
1426;1428;280
1427;1428;298
1428;1426;280
1428;1427;298
1428;1430;276
1429;1425;516
1430;1428;276
1430;1431;158
1430;1432;251
1431;1430;158
1432;1430;251
1432;1435;521
1433;1437;366
1434;1436;354
1435;1432;521
1435;1437;268
1435;1439;109
1436;1434;354
1436;1437;179
1437;1433;366
1437;1435;268
1437;1436;179
1437;1438;189
1438;1437;189
1438;1441;120
1438;1442;298
1439;1435;109
1440;1441;143
1441;1438;120
1441;1440;143
1442;1438;298
1442;1443;165
1442;1444;363
1442;1445;433
1442;1446;303
1443;1442;165
1444;1442;363
1445;1442;433
1445;1448;374
1446;1442;303
1447;1451;594
1448;1445;374
1448;1449;389
1449;1448;389
1449;1450;293
1449;1452;230
1449;1453;143
1450;1449;293
1451;1447;594
1451;1453;224
1451;1454;201
1452;1449;230
1452;1456;302
1453;1449;143
1453;1451;224
1454;1451;201
1454;1455;108
1455;1454;108
1455;1458;171
1456;1452;302
1457;1459;233
1457;1460;139
1457;1461;128
1458;1455;171
1458;1459;366
1459;1457;233
1459;1458;366
1460;1457;139
1461;1457;128
1461;1465;270
1462;1466;149
1463;1464;389
1464;1463;389
1464;1466;269
1465;1461;270
1465;1466;249
1465;1468;123
1466;1462;149
1466;1464;269
1466;1465;249
1466;1467;130
1467;1466;130
1467;1470;139
1467;1471;339
1468;1465;123
1469;1470;157
1470;1467;139
1470;1469;157
1470;1474;323
1471;1467;339
1472;1473;184
1472;1474;253
1473;1472;184
1473;1477;200
1474;1470;323
1474;1472;253
1475;1476;200
1476;1475;200
1476;1477;111
1477;1473;200
1477;1476;111
1477;1478;304
1477;1480;423
1478;1477;304
1478;1481;381
1478;1482;315
1479;1483;519
1480;1477;423
1480;1483;133
1481;1478;381
1482;1478;315
1482;1486;384
1483;1479;519
1483;1480;133
1484;1487;191
1485;1488;272
1486;1482;384
1486;1488;239
1486;1490;276
1487;1484;191
1487;1490;312
1488;1485;272
1488;1486;239
1488;1492;198
1489;1491;250
1489;1492;284
1489;1493;391
1490;1486;276
1490;1487;312
1491;1489;250
1491;1495;211
1492;1488;198
1492;1489;284
1493;1489;391
1494;1498;410
1495;1491;211
1495;1498;435
1496;1498;487
1497;1500;575
1498;1494;410
1498;1495;435
1498;1496;487
1498;1499;411
1498;1501;452
1499;1498;411
1500;1497;575
1500;1503;194
1501;1498;452
1501;1503;296
1502;1506;164
1503;1500;194
1503;1501;296
1503;1505;212
1504;1508;330
1505;1503;212
1505;1508;106
1505;1509;165
1506;1502;164
1506;1507;137
1507;1506;137
1507;1511;283
1508;1504;330
1508;1505;106
1509;1505;165
1509;1510;200
1509;1513;107
1510;1509;200
1511;1507;283
1511;1514;151
1512;1513;128
1513;1509;107
1513;1512;128
1513;1514;238
1513;1517;346
1514;1511;151
1514;1513;238
1514;1516;446
1515;1519;178
1516;1514;446
1516;1518;127
1517;1513;346
1518;1516;127
1518;1520;116
1518;1521;140
1519;1515;178
1519;1521;147
1520;1518;116
1520;1522;322
1520;1524;112
1521;1518;140
1521;1519;147
1522;1520;322
1523;1524;130
1523;1527;243
1524;1520;112
1524;1523;130
1525;1526;262
1525;1529;245
1526;1525;262
1527;1523;243
1527;1528;121
1528;1527;121
1528;1531;109
1528;1532;105
1529;1525;245
1529;1531;356
1530;1531;270
1531;1528;109
1531;1529;356
1531;1530;270
1532;1528;105
1532;1536;233
1533;1534;235
1533;1537;245
1534;1533;235
1534;1535;369
1535;1534;369
1536;1532;233
1536;1537;159
1537;1533;245
1537;1536;159
1537;1538;103
1537;1539;115
1537;1541;448
1538;1537;103
1539;1537;115
1539;1540;231
1540;1539;231
1540;1543;303
1540;1544;241
1541;1537;448
1542;1544;171
1542;1546;498
1543;1540;303
1544;1540;241
1544;1542;171
1545;1548;161
1546;1542;498
1546;1550;275
1547;1548;341
1548;1545;161
1548;1547;341
1548;1549;349
1548;1550;254
1549;1548;349
1549;1552;468
1549;1553;364
1550;1546;275
1550;1548;254
1550;1551;354
1551;1550;354
1552;1549;468
1553;1549;364
1553;1554;400
1553;1557;125
1554;1553;400
1555;1556;446
1555;1559;397
1556;1555;446
1557;1553;125
1557;1560;343
1558;1559;139
1558;1562;122
1559;1555;397
1559;1558;139
1559;1560;265
1560;1557;343
1560;1559;265
1560;1561;290
1560;1563;103
1560;1564;140
1561;1560;290
1562;1558;122
1562;1566;201
1563;1560;103
1564;1560;140
1564;1565;119
1565;1564;119
1566;1562;201
1566;1567;320
1567;1566;320
1567;1571;186
1568;1571;139
1568;1572;259
1569;1570;126
1570;1569;126
1570;1571;201
1571;1567;186
1571;1568;139
1571;1570;201
1572;1568;259
1572;1574;303
1572;1575;330
1572;1576;323
1573;1575;159
1574;1572;303
1575;1572;330
1575;1573;159
1575;1577;154
1575;1578;295
1575;1579;191
1576;1572;323
1577;1575;154
1578;1575;295
1579;1575;191
1579;1580;218
1580;1579;218
1580;1581;102
1580;1584;264
1581;1580;102
1581;1582;295
1582;1581;295
1582;1583;307
1583;1582;307
1584;1580;264
1584;1585;192
1585;1584;192
1585;1589;217
1586;1589;253
1587;1591;108
1588;1591;209
