0;4;351
1;3;303
1;4;138
2;3;179
2;6;184
3;1;303
3;2;179
4;0;351
4;1;138
4;7;331
5;7;252
5;9;203
6;2;184
7;4;331
7;5;252
8;10;156
9;5;203
9;13;104
10;8;156
10;13;103
11;13;118
11;14;276
12;15;186
13;9;104
13;10;103
13;11;118
13;17;175
14;11;276
15;12;186
15;16;246
16;15;246
16;17;203
16;19;324
17;13;175
17;16;203
17;18;175
17;21;166
18;17;175
19;16;324
19;23;164
20;21;501
21;17;166
21;20;501
22;26;280
23;19;164
23;25;101
23;27;215
24;28;354
25;23;101
25;26;198
26;22;280
26;25;198
26;29;283
27;23;215
28;24;354
28;29;177
29;26;283
29;28;177
29;30;274
30;29;274
30;32;141
31;33;164
31;34;138
32;30;141
32;33;225
33;31;164
33;32;225
33;35;164
34;31;138
35;33;164
35;36;376
35;39;119
36;35;376
37;40;238
38;42;222
39;35;119
39;42;471
40;37;238
40;42;292
41;42;202
41;44;133
42;38;222
42;39;471
42;40;292
42;41;202
43;44;354
44;41;133
44;43;354
44;47;342
44;48;498
45;48;243
46;49;385
47;44;342
47;50;304
48;44;498
48;45;243
49;46;385
49;50;240
50;47;304
50;49;240
50;53;356
51;52;416
51;53;163
51;54;338
52;51;416
53;50;356
53;51;163
53;57;249
54;51;338
55;59;116
56;60;206
57;53;249
57;60;150
58;59;122
59;55;116
59;58;122
59;60;127
59;62;134
60;56;206
60;57;150
60;59;127
61;62;256
61;63;347
62;59;134
62;61;256
63;61;347
63;66;475
64;66;149
64;68;430
65;67;132
66;63;475
66;64;149
66;67;402
67;65;132
67;66;402
67;69;240
68;64;430
68;71;355
69;67;240
69;73;391
70;71;371
71;68;355
71;70;371
71;75;382
72;76;284
73;69;391
74;76;190
75;71;382
75;77;198
75;78;222
76;72;284
76;74;190
76;78;304
76;79;430
76;80;212
77;75;198
77;81;199
78;75;222
78;76;304
79;76;430
80;76;212
80;84;187
81;77;199
82;85;338
83;86;239
84;80;187
84;88;322
85;82;338
85;88;257
85;89;213
86;83;239
86;88;198
87;89;141
88;84;322
88;85;257
88;86;198
89;85;213
89;87;141
89;92;103
89;93;125
90;94;181
91;92;172
92;89;103
92;91;172
93;89;125
93;96;216
94;90;181
94;95;332
94;97;145
95;94;332
95;96;170
95;99;145
96;93;216
96;95;170
97;94;145
97;100;247
97;101;302
98;102;286
99;95;145
100;97;247
101;97;302
101;103;279
101;104;207
102;98;286
102;103;152
102;106;161
103;101;279
103;102;152
103;107;161
104;101;207
105;109;353
106;102;161
107;103;161
107;108;291
107;110;338
108;107;291
108;111;395
109;105;353
109;111;115
110;107;338
110;112;435
111;108;395
111;109;115
112;110;435
112;115;166
113;114;302
113;116;112
113;117;123
114;113;302
114;118;202
115;112;166
115;116;112
116;113;112
116;115;112
117;113;123
117;120;236
118;114;202
119;120;152
119;121;160
120;117;236
120;119;152
120;124;151
121;119;160
121;122;202
122;121;202
122;125;238
123;124;194
124;120;151
124;123;194
125;122;238
125;127;167
126;127;199
126;129;275
127;125;167
127;126;199
128;130;436
129;126;275
129;133;134
130;128;436
130;133;347
131;135;262
132;134;176
133;129;134
133;130;347
133;137;185
134;132;176
134;136;164
135;131;262
135;138;258
136;134;164
136;138;250
137;133;185
137;141;257
138;135;258
138;136;250
138;140;103
138;141;181
139;142;269
139;143;253
140;138;103
141;137;257
141;138;181
141;144;111
141;145;178
142;139;269
143;139;253
143;145;100
143;146;277
144;141;111
145;141;178
145;143;100
146;143;277
146;150;288
147;150;472
148;149;296
148;150;270
148;151;241
149;148;296
149;152;146
150;146;288
150;147;472
150;148;270
151;148;241
151;154;247
152;149;146
152;153;265
153;152;265
154;151;247
154;156;263
155;158;182
156;154;263
156;159;249
157;160;214
158;155;182
158;160;185
158;161;206
159;156;249
159;160;201
160;157;214
160;158;185
160;159;201
160;163;189
161;158;206
162;164;144
163;160;189
163;164;171
163;165;146
163;166;292
163;167;131
164;162;144
164;163;171
165;163;146
165;168;194
166;163;292
167;163;131
168;165;194
168;169;491
168;172;152
169;168;491
169;171;296
170;172;112
171;169;296
171;175;101
172;168;152
172;170;112
173;174;160
174;173;160
174;175;135
174;177;274
175;171;101
175;174;135
176;177;310
176;179;406
176;180;201
177;174;274
177;176;310
177;178;385
178;177;385
178;181;460
179;176;406
180;176;201
180;184;490
181;178;460
182;186;558
183;184;343
183;187;117
184;180;490
184;183;343
185;188;231
186;182;558
186;189;291
186;190;118
187;183;117
187;188;164
188;185;231
188;187;164
188;190;221
188;192;182
189;186;291
190;186;118
190;188;221
190;191;471
191;190;471
192;188;182
192;194;102
193;195;287
194;192;102
194;196;108
194;197;408
195;193;287
195;197;483
195;198;137
195;199;246
196;194;108
196;200;267
197;194;408
197;195;483
198;195;137
199;195;246
200;196;267
200;203;330
201;205;212
202;206;144
203;200;330
203;204;180
203;206;282
203;207;248
204;203;180
205;201;212
205;207;190
205;209;176
206;202;144
206;203;282
207;203;248
207;205;190
207;208;283
207;210;192
208;207;283
209;205;176
209;212;127
210;207;192
210;214;162
211;215;206
212;209;127
212;215;131
213;215;148
214;210;162
214;216;113
215;211;206
215;212;131
215;213;148
215;217;225
216;214;113
216;219;313
216;220;365
217;215;225
217;218;314
217;221;320
218;217;314
219;216;313
220;216;365
220;223;397
221;217;320
221;225;200
222;223;468
223;220;397
223;222;468
224;225;162
224;226;202
225;221;200
225;224;162
225;227;178
225;228;235
226;224;202
227;225;178
228;225;235
228;229;203
228;231;182
228;232;194
229;228;203
230;233;200
231;228;182
231;234;227
232;228;194
232;233;204
232;235;379
232;236;252
233;230;200
233;232;204
234;231;227
235;232;379
236;232;252
236;240;191
237;241;105
238;239;288
239;238;288
239;241;134
239;242;230
240;236;191
240;241;263
241;237;105
241;239;134
241;240;263
241;243;351
242;239;230
242;244;350
243;241;351
244;242;350
244;245;259
245;244;259
245;247;456
246;249;363
247;245;456
247;250;104
248;249;351
249;246;363
249;248;351
249;252;333
250;247;104
250;254;204
251;252;406
252;249;333
252;251;406
252;253;177
253;252;177
253;254;161
253;256;229
254;250;204
254;253;161
254;257;137
255;256;236
256;253;229
256;255;236
257;254;137
257;258;300
258;257;300
258;261;183
259;260;217
259;261;260
260;259;217
260;263;111
261;258;183
261;259;260
262;263;128
263;260;111
263;262;128
263;265;183
263;266;362
264;265;230
265;263;183
265;264;230
265;267;284
266;263;362
266;270;359
267;265;284
268;271;343
269;272;256
270;266;359
270;271;159
271;268;343
271;270;159
271;273;243
271;274;219
272;269;256
272;274;234
272;275;370
273;271;243
274;271;219
274;272;234
274;277;312
275;272;370
276;277;311
276;278;366
276;279;420
277;274;312
277;276;311
277;280;430
278;276;366
278;281;206
278;282;476
279;276;420
280;277;430
281;278;206
282;278;476
282;283;275
282;286;106
283;282;275
284;286;172
284;287;135
285;289;311
286;282;106
286;284;172
286;288;213
287;284;135
287;291;278
288;286;213
289;285;311
289;292;295
290;291;149
291;287;278
291;290;149
291;295;262
292;289;295
292;293;278
292;295;153
293;292;278
294;298;180
295;291;262
295;292;153
295;296;269
295;298;260
296;295;269
296;297;195
297;296;195
297;300;253
298;294;180
298;295;260
299;300;281
299;303;228
300;297;253
300;299;281
301;302;385
301;305;342
302;301;385
302;303;311
302;304;100
303;299;228
303;302;311
304;302;100
305;301;342
305;308;532
306;309;244
307;308;418
307;310;247
308;305;532
308;307;418
308;309;204
309;306;244
309;308;204
310;307;247
310;311;113
310;312;299
311;310;113
311;314;246
312;310;299
312;316;186
313;317;217
314;311;246
315;316;335
315;317;404
316;312;186
316;315;335
317;313;217
317;315;404
317;318;201
317;321;258
318;317;201
318;320;124
318;322;317
319;322;113
320;318;124
321;317;258
322;318;317
322;319;113
322;323;410
322;325;385
323;322;410
324;327;173
325;322;385
325;326;115
325;329;119
326;325;115
326;327;149
326;328;213
327;324;173
327;326;149
328;326;213
328;330;203
328;331;177
329;325;119
330;328;203
330;334;235
331;328;177
331;333;121
331;335;357
332;335;229
333;331;121
333;336;462
334;330;235
335;331;357
335;332;229
335;338;179
336;333;462
336;340;387
337;338;421
338;335;179
338;337;421
338;339;468
339;338;468
340;336;387
340;343;167
341;344;330
341;345;172
342;343;186
343;340;167
343;342;186
343;345;176
344;341;330
344;348;271
345;341;172
345;343;176
345;346;144
346;345;144
347;348;127
347;351;116
348;344;271
348;347;127
348;352;248
349;350;479
349;351;248
350;349;479
350;354;141
351;347;116
351;349;248
352;348;248
353;354;192
353;356;503
353;357;315
354;350;141
354;353;192
355;357;117
355;359;331
356;353;503
357;353;315
357;355;117
358;359;302
359;355;331
359;358;302
359;362;117
360;363;545
361;363;205
362;359;117
362;363;147
362;364;160
363;360;545
363;361;205
363;362;147
363;365;310
364;362;160
364;368;310
365;363;310
366;368;144
367;369;191
368;364;310
368;366;144
368;370;288
368;371;223
369;367;191
369;370;234
370;368;288
370;369;234
370;373;107
370;374;221
371;368;223
372;374;304
373;370;107
374;370;221
374;372;304
374;376;197
375;377;420
376;374;197
376;380;214
377;375;420
377;380;178
378;380;222
378;381;137
378;382;128
379;380;164
380;376;214
380;377;178
380;378;222
380;379;164
381;378;137
382;378;128
382;383;323
382;384;154
383;382;323
384;382;154
384;385;184
385;384;184
385;386;143
385;388;134
385;389;155
386;385;143
387;391;278
388;385;134
389;385;155
389;390;156
390;389;156
390;391;131
391;387;278
391;390;131
391;392;202
391;395;383
392;391;202
392;394;329
392;396;162
393;396;154
394;392;329
395;391;383
395;399;190
396;392;162
396;393;154
397;399;358
398;402;522
399;395;190
399;397;358
399;402;121
400;402;207
400;403;110
401;404;237
402;398;522
402;399;121
402;400;207
402;405;175
402;406;198
403;400;110
404;401;237
404;407;389
405;402;175
406;402;198
406;407;256
406;410;270
407;404;389
407;406;256
408;412;165
409;413;368
410;406;270
410;414;234
411;413;279
412;408;165
412;413;138
412;415;235
413;409;368
413;411;279
413;412;138
413;416;133
413;417;129
414;410;234
414;416;208
415;412;235
415;419;254
416;413;133
416;414;208
417;413;129
418;419;246
418;420;353
419;415;254
419;418;246
419;423;324
420;418;353
421;422;205
422;421;205
422;424;119
422;426;243
423;419;324
423;424;271
424;422;119
424;423;271
424;425;373
425;424;373
425;429;143
426;422;243
427;431;389
428;430;303
429;425;143
429;433;181
430;428;303
430;431;158
430;433;176
431;427;389
431;430;158
432;436;229
433;429;181
433;430;176
433;436;258
433;437;239
434;435;480
435;434;480
435;436;256
436;432;229
436;433;258
436;435;256
436;440;230
437;433;239
438;440;295
438;442;259
439;440;399
440;436;230
440;438;295
440;439;399
440;443;129
441;442;134
442;438;259
442;441;134
442;446;354
443;440;129
443;445;125
443;447;149
444;446;174
445;443;125
445;448;323
446;442;354
446;444;174
446;450;141
447;443;149
448;445;323
449;450;215
449;452;185
450;446;141
450;449;215
450;451;350
451;450;350
452;449;185
452;455;385
453;455;174
454;458;139
455;452;385
455;453;174
455;457;498
456;458;271
457;455;498
457;460;153
458;454;139
458;456;271
458;459;100
458;460;173
459;458;100
460;457;153
460;458;173
460;461;103
460;463;113
461;460;103
462;466;171
463;460;113
463;466;128
464;466;255
464;467;215
465;466;295
465;468;442
466;462;171
466;463;128
466;464;255
466;465;295
467;464;215
467;469;108
468;465;442
469;467;108
469;470;292
469;472;204
470;469;292
471;475;296
472;469;204
472;474;147
472;475;207
473;476;172
473;477;203
474;472;147
475;471;296
475;472;207
475;476;148
475;479;137
476;473;172
476;475;148
477;473;203
478;480;226
479;475;137
479;480;316
480;478;226
480;479;316
480;482;116
480;483;246
481;484;327
482;480;116
482;484;357
483;480;246
484;481;327
484;482;357
484;488;209
485;488;295
486;488;278
486;489;208
487;489;381
487;491;247
488;484;209
488;485;295
488;486;278
488;492;424
489;486;208
489;487;381
490;491;424
491;487;247
491;490;424
492;488;424
492;493;184
493;492;184
493;497;160
494;497;139
495;496;115
495;497;164
496;495;115
496;500;170
497;493;160
497;494;139
497;495;164
497;499;168
498;502;235
499;497;168
499;501;178
500;496;170
501;499;178
501;502;118
502;498;235
502;501;118
502;503;352
503;502;352
503;505;245
504;505;256
504;506;175
505;503;245
505;504;256
506;504;175
506;509;252
507;511;232
508;511;234
509;506;252
509;510;342
509;511;253
510;509;342
511;507;232
511;508;234
511;509;253
511;514;336
512;513;428
513;512;428
513;516;108
514;511;336
514;515;191
515;514;191
515;519;115
516;513;108
516;519;141
517;519;123
517;520;153
518;520;237
519;515;115
519;516;141
519;517;123
519;522;139
520;517;153
520;518;237
520;521;125
520;524;167
521;520;125
522;519;139
522;523;401
523;522;401
523;525;294
524;520;167
525;523;294
525;526;261
526;525;261
526;527;277
527;526;277
527;529;118
528;530;198
529;527;118
529;530;132
529;532;223
530;528;198
530;529;132
531;533;282
531;535;270
532;529;223
532;534;337
533;531;282
533;536;112
533;537;254
534;532;337
534;537;181
535;531;270
536;533;112
536;540;255
537;533;254
537;534;181
538;539;222
539;538;222
539;540;201
540;536;255
540;539;201
540;542;187
541;544;182
541;545;208
542;540;187
542;544;481
543;544;401
544;541;182
544;542;481
544;543;401
544;548;185
545;541;208
545;546;349
545;547;260
545;549;463
546;545;349
547;545;260
548;544;185
548;550;130
549;545;463
549;552;124
550;548;130
551;554;135
552;549;124
552;556;250
553;556;377
553;557;376
554;551;135
554;555;322
555;554;322
555;558;274
556;552;250
556;553;377
556;558;293
557;553;376
557;560;392
558;555;274
558;556;293
558;561;389
559;562;134
559;563;286
560;557;392
561;558;389
561;565;377
562;559;134
562;565;264
562;566;181
563;559;286
563;567;393
564;565;123
565;561;377
565;562;264
565;564;123
565;568;179
566;562;181
567;563;393
568;565;179
568;569;235
569;568;235
569;571;106
570;573;220
571;569;106
571;573;255
572;573;186
573;570;220
573;571;255
573;572;186
573;576;399
574;578;125
575;577;322
575;578;177
576;573;399
576;577;181
577;575;322
577;576;181
578;574;125
578;575;177
578;581;385
579;581;252
580;581;174
580;584;115
581;578;385
581;579;252
581;580;174
581;582;189
582;581;189
582;586;144
583;584;245
584;580;115
584;583;245
584;587;353
585;587;132
585;589;304
586;582;144
587;584;353
587;585;132
588;589;193
588;591;112
589;585;304
589;588;193
589;592;284
590;592;560
591;588;112
591;595;207
592;589;284
592;590;560
592;596;123
593;595;672
594;597;250
595;591;207
595;593;672
596;592;123
596;598;222
597;594;250
597;598;123
597;600;168
598;596;222
598;597;123
598;601;194
599;602;292
600;597;168
601;598;194
601;604;115
602;599;292
602;603;172
602;604;311
603;602;172
604;601;115
604;602;311
604;608;299
605;608;179
606;608;359
606;609;276
607;611;306
608;604;299
608;605;179
608;606;359
608;610;127
609;606;276
609;613;147
610;608;127
611;607;306
611;613;119
611;615;170
612;613;194
612;616;260
613;609;147
613;611;119
613;612;194
613;614;173
614;613;173
615;611;170
615;617;213
616;612;260
616;618;163
616;619;105
617;615;213
617;620;166
618;616;163
618;622;125
619;616;105
620;617;166
620;621;303
620;623;208
621;620;303
622;618;125
623;620;208
623;627;274
624;625;276
624;628;264
625;624;276
625;627;143
626;627;204
627;623;274
627;625;143
627;626;204
628;624;264
628;631;189
628;632;180
629;632;107
629;633;311
630;632;155
631;628;189
632;628;180
632;629;107
632;630;155
633;629;311
633;634;188
633;635;243
634;633;188
634;638;253
635;633;243
635;636;147
635;637;138
636;635;147
637;635;138
638;634;253
638;639;209
638;640;197
639;638;209
639;641;103
639;642;244
640;638;197
641;639;103
642;639;244
642;644;155
643;645;147
644;642;155
644;647;224
645;643;147
645;648;170
646;647;278
647;644;224
647;646;278
647;650;112
648;645;170
648;650;155
648;651;349
649;650;112
649;653;316
650;647;112
650;648;155
650;649;112
651;648;349
652;653;193
652;654;358
653;649;316
653;652;193
653;655;155
654;652;358
654;656;272
655;653;155
656;654;272
656;659;284
657;659;348
658;661;136
658;662;657
659;656;284
659;657;348
659;660;389
660;659;389
660;661;279
660;664;668
661;658;136
661;660;279
662;658;657
663;665;201
664;660;668
664;665;157
664;668;107
665;663;201
665;664;157
666;667;161
666;668;102
667;666;161
668;664;107
668;666;102
668;670;130
669;670;400
670;668;130
670;669;400
670;672;281
671;672;193
671;673;110
672;670;281
672;671;193
672;674;185
673;671;110
673;675;284
674;672;185
674;676;212
675;673;284
675;679;356
676;674;212
677;681;227
678;679;184
678;681;249
679;675;356
679;678;184
679;682;255
680;681;228
681;677;227
681;678;249
681;680;228
681;684;167
681;685;177
682;679;255
682;683;199
682;686;232
683;682;199
684;681;167
685;681;177
686;682;232
686;688;168
687;689;374
688;686;168
688;689;146
689;687;374
689;688;146
689;691;191
689;692;116
690;694;254
691;689;191
692;689;116
692;693;117
692;696;163
693;692;117
693;694;389
694;690;254
694;693;389
695;696;351
696;692;163
696;695;351
696;697;102
696;700;304
697;696;102
697;699;120
698;699;517
699;697;120
699;698;517
699;703;369
700;696;304
700;701;205
701;700;205
702;703;341
703;699;369
703;702;341
703;705;182
704;707;122
705;703;182
705;707;210
706;707;180
706;709;193
707;704;122
707;705;210
707;706;180
707;708;315
708;707;315
709;706;193
709;711;123
709;712;146
709;713;396
710;711;171
710;714;321
711;709;123
711;710;171
712;709;146
712;716;142
713;709;396
713;715;314
714;710;321
715;713;314
716;712;142
716;718;153
716;720;205
717;719;171
717;721;214
718;716;153
719;717;171
720;716;205
720;724;270
721;717;214
721;722;281
722;721;281
722;724;228
722;726;319
723;727;256
724;720;270
724;722;228
724;727;326
725;727;368
726;722;319
727;723;256
727;724;326
727;725;368
727;729;210
728;732;514
729;727;210
729;731;480
730;731;256
730;733;118
731;729;480
731;730;256
731;735;195
732;728;514
732;733;102
733;730;118
733;732;102
734;735;226
734;737;317
735;731;195
735;734;226
736;737;343
737;734;317
737;736;343
737;739;326
737;740;252
738;742;341
739;737;326
739;741;163
739;743;247
740;737;252
741;739;163
742;738;341
742;743;361
743;739;247
743;742;361
743;744;132
744;743;132
744;746;344
745;749;146
746;744;344
746;747;217
747;746;217
747;749;490
747;751;287
748;751;233
749;745;146
749;747;490
749;750;544
749;753;454
750;749;544
751;747;287
751;748;233
751;752;136
752;751;136
752;756;215
753;749;454
754;755;239
755;754;239
755;757;295
756;752;215
756;760;200
757;755;295
757;759;160
757;760;284
758;760;401
758;762;355
759;757;160
760;756;200
760;757;284
760;758;401
761;765;434
762;758;355
762;764;331
762;765;187
763;767;149
764;762;331
764;767;288
765;761;434
765;762;187
766;768;208
766;769;119
767;763;149
767;764;288
767;770;240
768;766;208
768;770;182
769;766;119
770;767;240
770;768;182
770;772;182
771;773;119
772;770;182
772;776;188
773;771;119
773;777;190
774;775;199
775;774;199
775;776;153
776;772;188
776;775;153
776;777;158
776;778;203
777;773;190
777;776;158
778;776;203
778;779;274
779;778;274
779;783;249
780;782;126
780;783;231
781;783;224
782;780;126
782;785;137
783;779;249
783;780;231
783;781;224
783;787;310
784;785;124
785;782;137
785;784;124
785;786;123
785;788;365
786;785;123
787;783;310
787;789;106
787;790;216
788;785;365
789;787;106
789;792;337
789;793;144
790;787;216
790;794;112
791;793;321
792;789;337
793;789;144
793;791;321
793;795;558
794;790;112
794;797;245
795;793;558
796;797;466
796;798;250
797;794;245
797;796;466
798;796;250
798;799;261
798;802;259
799;798;261
800;804;340
801;803;330
802;798;259
802;804;148
803;801;330
803;807;484
804;800;340
804;802;148
804;807;266
805;806;268
806;805;268
806;809;318
806;810;234
807;803;484
807;804;266
807;809;187
808;811;434
809;806;318
809;807;187
809;811;346
810;806;234
811;808;434
811;809;346
811;813;341
812;813;301
812;814;136
813;811;341
813;812;301
814;812;136
814;816;267
815;818;126
815;819;238
816;814;267
816;819;199
817;819;190
817;820;240
818;815;126
818;821;222
819;815;238
819;816;199
819;817;190
820;817;240
821;818;222
821;822;156
821;825;143
822;821;156
823;825;295
824;828;307
825;821;143
825;823;295
825;828;314
826;827;404
827;826;404
827;831;339
828;824;307
828;825;314
828;831;140
829;832;114
829;833;103
830;832;107
831;827;339
831;828;140
831;835;101
832;829;114
832;830;107
833;829;103
833;835;118
833;836;123
834;836;114
834;837;174
835;831;101
835;833;118
835;838;235
836;833;123
836;834;114
836;839;171
837;834;174
838;835;235
839;836;171
839;841;184
840;841;140
841;839;184
841;840;140
841;844;136
842;845;209
842;846;184
843;844;370
843;847;183
844;841;136
844;843;370
844;845;207
845;842;209
845;844;207
846;842;184
847;843;183
847;848;358
847;849;194
848;847;358
848;850;151
849;847;194
849;853;284
850;848;151
850;852;133
851;854;128
852;850;133
853;849;284
853;856;162
854;851;128
854;857;343
855;856;158
855;859;323
856;853;162
856;855;158
856;860;299
857;854;343
857;858;308
858;857;308
858;860;101
858;861;191
859;855;323
860;856;299
860;858;101
861;858;191
861;862;165
862;861;165
862;866;241
863;864;112
863;865;171
864;863;112
864;867;234
865;863;171
865;869;148
866;862;241
866;867;114
867;864;234
867;866;114
868;869;139
868;871;272
868;872;270
869;865;148
869;868;139
870;872;201
871;868;272
871;874;125
872;868;270
872;870;201
872;873;111
873;872;111
873;875;214
873;876;144
874;871;125
875;873;214
875;879;360
876;873;144
876;880;360
877;879;234
878;880;430
878;882;133
879;875;360
879;877;234
880;876;360
880;878;430
880;883;265
881;885;161
882;878;133
883;880;265
883;886;173
884;885;235
885;881;161
885;884;235
885;889;405
886;883;173
886;889;281
887;889;155
888;889;149
888;890;145
889;885;405
889;886;281
889;887;155
889;888;149
890;888;145
890;891;153
891;890;153
891;893;147
891;895;106
892;896;202
893;891;147
894;897;136
895;891;106
895;896;228
895;898;175
896;892;202
896;895;228
897;894;136
897;898;133
897;899;158
897;900;287
898;895;175
898;897;133
898;902;213
899;897;158
900;897;287
900;901;161
901;900;161
901;904;360
902;898;213
902;905;194
903;907;186
904;901;360
905;902;194
905;909;278
906;909;108
906;910;143
907;903;186
907;910;120
908;909;188
909;905;278
909;906;108
909;908;188
909;913;397
910;906;143
910;907;120
911;912;248
912;911;248
912;914;257
912;915;441
913;909;397
913;917;286
914;912;257
914;918;233
915;912;441
916;920;110
917;913;286
917;918;184
917;921;135
918;914;233
918;917;184
918;922;122
919;921;265
920;916;110
920;922;262
921;917;135
921;919;265
921;923;158
921;924;192
922;918;122
922;920;262
923;921;158
923;926;302
924;921;192
925;927;260
926;923;302
926;929;120
926;930;163
927;925;260
927;929;299
928;931;289
929;926;120
929;927;299
929;931;269
929;933;193
930;926;163
931;928;289
931;929;269
932;934;154
933;929;193
933;936;102
934;932;154
934;936;129
935;936;102
935;938;188
935;939;398
936;933;102
936;934;129
936;935;102
937;938;217
938;935;188
938;937;217
938;940;158
938;941;106
939;935;398
939;943;365
940;938;158
940;942;272
940;944;378
941;938;106
941;945;346
942;940;272
943;939;365
944;940;378
945;941;346
945;948;258
946;948;241
946;949;127
947;949;506
948;945;258
948;946;241
948;951;128
949;946;127
949;947;506
949;953;176
950;951;154
951;948;128
951;950;154
952;955;411
953;949;176
953;956;257
953;957;245
954;958;297
955;952;411
955;958;114
956;953;257
956;959;298
956;960;197
957;953;245
957;958;237
958;954;297
958;955;114
958;957;237
958;961;229
959;956;298
960;956;197
960;964;126
961;958;229
961;962;212
961;963;190
962;961;212
962;965;289
963;961;190
963;967;152
964;960;126
965;962;289
965;966;252
966;965;252
966;968;270
967;963;152
967;970;336
967;971;254
968;966;270
968;972;318
969;973;360
970;967;336
971;967;254
972;968;318
972;973;173
972;974;151
973;969;360
973;972;173
974;972;151
974;976;260
974;977;156
975;978;111
975;979;173
976;974;260
976;979;127
977;974;156
977;980;181
978;975;111
979;975;173
979;976;127
980;977;181
980;981;178
980;983;220
981;980;178
982;983;108
982;986;412
983;980;220
983;982;108
984;986;194
984;987;285
985;986;199
985;989;113
986;982;412
986;984;194
986;985;199
986;988;189
987;984;285
988;986;189
989;985;113
989;992;145
989;993;172
990;994;340
991;992;332
992;989;145
992;991;332
992;995;214
992;996;181
993;989;172
994;990;340
994;996;343
995;992;214
996;992;181
996;994;343
996;998;363
996;999;333
997;998;334
998;996;363
998;997;334
999;996;333
999;1000;274
999;1002;309
1000;999;274
1000;1004;344
1001;1004;152
1002;999;309
1003;1004;129
1003;1005;138
1004;1000;344
1004;1001;152
1004;1003;129
1005;1003;138
1005;1006;290
1005;1007;126
1006;1005;290
1006;1009;246
1007;1005;126
1007;1008;230
1007;1010;290
1008;1007;230
1009;1006;246
1010;1007;290
1010;1011;113
1011;1010;113
1011;1012;158
1012;1011;158
1012;1013;227
1013;1012;227
1013;1015;475
1014;1018;432
1015;1013;475
1015;1016;401
1016;1015;401
1016;1019;312
1017;1018;166
1017;1020;390
1017;1021;116
1018;1014;432
1018;1017;166
1019;1016;312
1019;1023;470
1020;1017;390
1020;1023;314
1021;1017;116
1022;1023;252
1022;1024;124
1022;1025;193
1022;1026;119
1023;1019;470
1023;1020;314
1023;1022;252
1023;1027;116
1024;1022;124
1024;1028;220
1025;1022;193
1026;1022;119
1027;1023;116
1028;1024;220
1028;1029;267
1028;1031;115
1029;1028;267
1029;1032;361
1030;1032;106
1031;1028;115
1032;1029;361
1032;1030;106
1032;1034;154
1032;1035;141
1033;1036;195
1033;1037;211
1034;1032;154
1034;1037;158
1034;1038;253
1035;1032;141
1036;1033;195
1037;1033;211
1037;1034;158
1037;1041;513
1038;1034;253
1038;1039;284
1039;1038;284
1039;1040;265
1040;1039;265
1041;1037;513
1041;1043;321
1042;1045;197
1043;1041;321
1043;1044;312
1044;1043;312
1044;1045;299
1045;1042;197
1045;1044;299
1045;1049;441
1046;1048;417
1047;1049;124
1048;1046;417
1048;1049;167
1048;1051;241
1049;1045;441
1049;1047;124
1049;1048;167
1050;1052;222
1050;1053;117
1051;1048;241
1051;1055;285
1052;1050;222
1052;1055;158
1052;1056;145
1053;1050;117
1054;1055;170
1055;1051;285
1055;1052;158
1055;1054;170
1055;1058;137
1056;1052;145
1056;1060;393
1057;1060;185
1058;1055;137
1058;1059;200
1059;1058;200
1059;1063;260
1060;1056;393
1060;1057;185
1060;1061;194
1060;1064;420
1061;1060;194
1062;1065;165
1062;1066;342
1063;1059;260
1063;1066;165
1064;1060;420
1065;1062;165
1065;1068;282
1066;1062;342
1066;1063;165
1066;1067;245
1067;1066;245
1068;1065;282
1068;1070;134
1068;1072;162
1069;1073;115
1070;1068;134
1070;1073;134
1071;1074;198
1072;1068;162
1072;1076;204
1073;1069;115
1073;1070;134
1073;1074;172
1074;1071;198
1074;1073;172
1074;1077;101
1075;1077;299
1076;1072;204
1076;1078;210
1076;1079;156
1077;1074;101
1077;1075;299
1077;1081;211
1078;1076;210
1078;1082;102
1079;1076;156
1080;1084;266
1081;1077;211
1082;1078;102
1082;1085;196
1082;1086;109
1083;1084;303
1083;1085;123
1084;1080;266
1084;1083;303
1084;1088;130
1085;1082;196
1085;1083;123
1086;1082;109
1087;1088;359
1088;1084;130
1088;1087;359
1088;1090;194
1089;1090;228
1090;1088;194
1090;1089;228
1090;1093;165
1090;1094;211
1091;1095;275
1092;1093;172
1093;1090;165
1093;1092;172
1093;1097;338
1094;1090;211
1094;1095;182
1094;1098;164
1095;1091;275
1095;1094;182
1096;1098;180
1097;1093;338
1098;1094;164
1098;1096;180
1098;1099;314
1098;1102;352
1099;1098;314
1100;1102;140
1100;1103;187
1101;1102;219
1102;1098;352
1102;1100;140
1102;1101;219
1102;1106;430
1103;1100;187
1104;1108;242
1105;1108;144
1105;1109;240
1106;1102;430
1106;1110;116
1107;1109;175
1107;1110;213
1107;1111;105
1108;1104;242
1108;1105;144
1109;1105;240
1109;1107;175
1110;1106;116
1110;1107;213
1111;1107;105
1111;1115;212
1112;1115;220
1112;1116;154
1113;1115;261
1114;1116;172
1115;1111;212
1115;1112;220
1115;1113;261
1115;1117;371
1116;1112;154
1116;1114;172
1116;1118;245
1117;1115;371
1117;1121;123
1118;1116;245
1119;1122;138
1119;1123;246
1120;1124;340
1121;1117;123
1121;1122;177
1121;1125;275
1122;1119;138
1122;1121;177
1123;1119;246
1124;1120;340
1124;1128;230
1125;1121;275
1125;1128;103
1125;1129;266
1126;1127;600
1127;1126;600
1127;1128;293
1128;1124;230
1128;1125;103
1128;1127;293
1128;1130;208
1129;1125;266
1130;1128;208
1130;1134;124
1131;1135;316
1132;1134;257
1133;1135;155
1134;1130;124
1134;1132;257
1134;1136;142
1135;1131;316
1135;1133;155
1135;1137;221
1136;1134;142
1136;1138;274
1136;1140;301
1137;1135;221
1137;1139;243
1138;1136;274
1138;1141;241
1139;1137;243
1139;1140;339
1139;1143;225
1140;1136;301
1140;1139;339
1140;1142;492
1140;1144;473
1141;1138;241
1142;1140;492
1143;1139;225
1143;1146;229
1144;1140;473
1145;1147;229
1146;1143;229
1146;1148;241
1147;1145;229
1147;1148;224
1147;1149;266
1148;1146;241
1148;1147;224
1148;1151;373
1149;1147;266
1150;1153;279
1150;1154;218
1151;1148;373
1151;1152;230
1152;1151;230
1152;1153;172
1153;1150;279
1153;1152;172
1154;1150;218
1154;1155;175
1155;1154;175
1155;1157;245
1155;1159;240
1156;1157;316
1157;1155;245
1157;1156;316
1157;1158;265
1157;1160;229
1158;1157;265
1158;1162;391
1159;1155;240
1159;1161;113
1160;1157;229
1161;1159;113
1161;1163;486
1162;1158;391
1163;1161;486
1163;1165;223
1163;1166;193
1164;1166;244
1165;1163;223
1165;1168;234
1166;1163;193
1166;1164;244
1167;1168;390
1168;1165;234
1168;1167;390
1168;1171;250
1168;1172;238
1169;1170;256
1169;1173;126
1170;1169;256
1171;1168;250
1172;1168;238
1172;1174;159
1173;1169;126
1173;1175;141
1174;1172;159
1174;1176;218
1175;1173;141
1175;1176;112
1176;1174;218
1176;1175;112
1176;1178;269
1176;1180;229
1177;1180;313
1178;1176;269
1178;1182;224
1179;1181;554
1180;1176;229
1180;1177;313
1180;1184;131
1181;1179;554
1181;1183;144
1181;1184;125
1182;1178;224
1182;1185;238
1183;1181;144
1184;1180;131
1184;1181;125
1184;1187;102
1185;1182;238
1185;1186;258
1186;1185;258
1187;1184;102
1187;1188;142
1188;1187;142
1188;1192;190
1189;1190;128
1189;1191;278
1189;1193;109
1190;1189;128
1191;1189;278
1192;1188;190
1192;1194;142
1193;1189;109
1193;1195;146
1194;1192;142
1194;1196;145
1194;1197;177
1195;1193;146
1195;1196;102
1196;1194;145
1196;1195;102
1197;1194;177
1197;1198;158
1197;1200;330
1198;1197;158
1199;1202;252
1200;1197;330
1200;1201;412
1200;1204;245
1201;1200;412
1202;1199;252
1202;1205;323
1203;1205;155
1204;1200;245
1204;1207;164
1205;1202;323
1205;1203;155
1205;1209;263
1206;1207;186
1206;1208;323
1207;1204;164
1207;1206;186
1207;1210;136
1207;1211;275
1208;1206;323
1209;1205;263
1209;1212;109
1210;1207;136
1211;1207;275
1211;1213;218
1212;1209;109
1212;1213;121
1212;1216;250
1213;1211;218
1213;1212;121
1213;1215;131
1213;1217;282
1214;1217;175
1215;1213;131
1216;1212;250
1216;1220;412
1217;1213;282
1217;1214;175
1217;1219;187
1218;1221;363
1219;1217;187
1220;1216;412
1220;1222;325
1220;1224;222
1221;1218;363
1221;1224;102
1222;1220;325
1222;1223;295
1223;1222;295
1223;1227;146
1224;1220;222
1224;1221;102
1224;1226;442
1225;1227;258
1225;1228;433
1226;1224;442
1226;1229;225
1226;1230;254
1227;1223;146
1227;1225;258
1228;1225;433
1228;1231;287
1228;1232;382
1229;1226;225
1230;1226;254
1230;1234;402
1231;1228;287
1231;1235;375
1232;1228;382
1233;1235;120
1234;1230;402
1234;1237;246
1235;1231;375
1235;1233;120
1236;1237;144
1236;1240;353
1237;1234;246
1237;1236;144
1237;1239;334
1237;1241;354
1238;1239;489
1239;1237;334
1239;1238;489
1240;1236;353
1241;1237;354
1241;1244;449
1242;1245;298
1243;1244;112
1244;1241;449
1244;1243;112
1244;1245;163
1245;1242;298
1245;1244;163
1245;1248;248
1245;1249;108
1246;1248;198
1246;1250;278
1247;1249;117
1248;1245;248
1248;1246;198
1249;1245;108
1249;1247;117
1249;1252;208
1250;1246;278
1250;1251;115
1251;1250;115
1252;1249;208
1252;1255;120
1253;1254;142
1253;1255;231
1253;1256;422
1253;1257;127
1254;1253;142
1255;1252;120
1255;1253;231
1255;1258;169
1256;1253;422
1257;1253;127
1258;1255;169
1258;1259;253
1258;1261;132
1259;1258;253
1260;1263;319
1260;1264;279
1261;1258;132
1261;1263;367
1262;1265;460
1263;1260;319
1263;1261;367
1264;1260;279
1264;1267;278
1265;1262;460
1265;1268;225
1266;1269;310
1267;1264;278
1267;1268;195
1267;1269;302
1268;1265;225
1268;1267;195
1269;1266;310
1269;1267;302
1269;1270;106
1269;1272;161
1270;1269;106
1270;1271;156
1271;1270;156
1271;1273;201
1271;1274;155
1272;1269;161
1273;1271;201
1273;1277;185
1274;1271;155
1274;1276;238
1274;1278;181
1275;1277;202
1276;1274;238
1277;1273;185
1277;1275;202
1278;1274;181
1278;1279;213
1279;1278;213
1279;1281;276
1279;1282;140
1280;1282;213
1281;1279;276
1282;1279;140
1282;1280;213
1282;1284;196
1283;1286;421
1284;1282;196
1284;1286;412
1285;1286;423
1285;1289;240
1286;1283;421
1286;1284;412
1286;1285;423
1286;1287;321
1286;1290;230
1287;1286;321
1287;1288;525
1288;1287;525
1289;1285;240
1289;1293;100
1290;1286;230
1291;1294;319
1292;1295;132
1293;1289;100
1293;1297;311
1294;1291;319
1294;1295;206
1295;1292;132
1295;1294;206
1295;1298;382
1296;1297;104
1296;1300;221
1297;1293;311
1297;1296;104
1298;1295;382
1298;1299;209
1298;1301;259
1299;1298;209
1300;1296;221
1300;1303;306
1301;1298;259
1301;1304;104
1302;1305;413
1303;1300;306
1303;1305;125
1303;1307;152
1304;1301;104
1304;1307;104
1305;1302;413
1305;1303;125
1306;1309;348
1307;1303;152
1307;1304;104
1307;1309;157
1307;1311;174
1308;1310;224
1309;1306;348
1309;1307;157
1310;1308;224
1310;1311;250
1310;1312;254
1311;1307;174
1311;1310;250
1312;1310;254
1312;1314;162
1313;1317;220
1314;1312;162
1314;1315;474
1314;1316;246
1315;1314;474
1316;1314;246
1316;1319;347
1317;1313;220
1317;1320;363
1318;1322;406
1319;1316;347
1319;1321;186
1319;1323;325
1320;1317;363
1320;1324;189
1321;1319;186
1321;1325;130
1322;1318;406
1322;1324;323
1323;1319;325
1323;1327;474
1324;1320;189
1324;1322;323
1324;1325;148
1325;1321;130
1325;1324;148
1326;1327;190
1326;1328;535
1327;1323;474
1327;1326;190
1327;1330;183
1327;1331;105
1328;1326;535
1329;1331;122
1330;1327;183
1331;1327;105
1331;1329;122
1331;1333;216
1332;1333;436
1333;1331;216
1333;1332;436
1333;1335;126
1334;1336;217
1335;1333;126
1335;1336;265
1335;1338;165
1336;1334;217
1336;1335;265
1336;1340;277
1337;1338;174
1338;1335;165
1338;1337;174
1338;1341;182
1339;1340;190
1340;1336;277
1340;1339;190
1341;1338;182
1341;1344;336
1342;1343;273
1343;1342;273
1343;1347;426
1344;1341;336
1344;1346;143
1345;1346;308
1346;1344;143
1346;1345;308
1346;1348;339
1347;1343;426
1347;1349;262
1347;1351;249
1348;1346;339
1348;1349;132
1349;1347;262
1349;1348;132
1350;1353;343
1351;1347;249
1351;1354;368
1352;1355;427
1353;1350;343
1353;1356;200
1353;1357;221
1354;1351;368
1354;1355;143
1354;1358;317
1355;1352;427
1355;1354;143
1355;1357;284
1356;1353;200
1357;1353;221
1357;1355;284
1357;1361;193
1358;1354;317
1358;1359;517
1359;1358;517
1359;1360;322
1360;1359;322
1360;1363;159
1361;1357;193
1362;1365;256
1362;1366;348
1363;1360;159
1363;1364;504
1363;1366;254
1364;1363;504
1365;1362;256
1365;1367;166
1366;1362;348
1366;1363;254
1366;1369;302
1367;1365;166
1367;1368;205
1367;1370;288
1368;1367;205
1369;1366;302
1370;1367;288
1370;1371;251
1370;1372;240
1371;1370;251
1372;1370;240
1372;1373;197
1372;1374;298
1372;1376;285
1373;1372;197
1374;1372;298
1375;1376;362
1376;1372;285
1376;1375;362
1376;1379;140
1377;1380;331
1378;1379;179
1378;1381;210
1378;1382;194
1379;1376;140
1379;1378;179
1380;1377;331
1380;1382;381
1380;1383;373
1381;1378;210
1381;1385;104
1382;1378;194
1382;1380;381
1383;1380;373
1384;1388;172
1385;1381;104
1385;1388;234
1385;1389;233
1386;1389;190
1386;1390;199
1387;1389;234
1387;1391;175
1388;1384;172
1388;1385;234
1389;1385;233
1389;1386;190
1389;1387;234
1389;1393;200
1390;1386;199
1391;1387;175
1392;1396;442
1393;1389;200
1393;1397;144
1394;1396;277
1394;1397;112
1395;1397;428
1396;1392;442
1396;1394;277
1396;1400;141
1397;1393;144
1397;1394;112
1397;1395;428
1398;1400;348
1399;1401;210
1399;1402;164
1400;1396;141
1400;1398;348
1400;1403;121
1400;1404;173
1401;1399;210
1401;1403;135
1402;1399;164
1403;1400;121
1403;1401;135
1404;1400;173
1404;1405;129
1405;1404;129
1405;1406;112
1406;1405;112
1406;1409;155
1407;1409;198
1407;1410;397
1408;1411;172
1409;1406;155
1409;1407;198
1409;1411;250
1409;1412;129
1410;1407;397
1411;1408;172
1411;1409;250
1412;1409;129
1412;1413;440
1413;1412;440
1413;1416;291
1414;1415;196
1415;1414;196
1415;1418;242
1415;1419;163
1416;1413;291
1416;1417;181
1417;1416;181
1417;1420;233
1418;1415;242
1418;1420;135
1418;1421;223
1419;1415;163
1419;1423;174
1420;1417;233
1420;1418;135
1420;1424;205
1421;1418;223
1422;1424;152
1423;1419;174
1423;1425;279
1424;1420;205
1424;1422;152
1424;1426;136
1425;1423;279
1426;1424;136
1426;1429;186
1427;1429;270
1428;1430;113
1429;1426;186
1429;1427;270
1429;1430;220
1429;1432;207
1430;1428;113
1430;1429;220
1431;1434;167
1432;1429;207
1432;1434;226
1433;1435;281
1434;1431;167
1434;1432;226
1434;1436;159
1435;1433;281
1435;1438;345
1435;1439;139
1436;1434;159
1436;1439;138
1437;1439;291
1438;1435;345
1439;1435;139
1439;1436;138
1439;1437;291
1439;1442;315
1439;1443;161
1440;1442;104
1441;1444;286
1442;1439;315
1442;1440;104
1442;1445;332
1443;1439;161
1443;1447;186
1444;1441;286
1444;1445;307
1445;1442;332
1445;1444;307
1445;1446;145
1446;1445;145
1447;1443;186
1447;1448;223
1447;1449;299
1448;1447;223
1448;1452;261
1449;1447;299
1450;1451;158
1450;1452;136
1450;1454;175
1451;1450;158
1452;1448;261
1452;1450;136
1453;1456;348
1454;1450;175
1454;1455;263
1454;1458;288
1455;1454;263
1455;1457;187
1456;1453;348
1456;1458;296
1457;1455;187
1458;1454;288
1458;1456;296
1458;1459;278
1458;1461;285
1459;1458;278
1460;1462;181
1461;1458;285
1461;1462;356
1461;1465;361
1462;1460;181
1462;1461;356
1463;1465;324
1463;1466;276
1464;1465;256
1465;1461;361
1465;1463;324
1465;1464;256
1466;1463;276
1466;1467;354
1466;1469;173
1467;1466;354
1467;1468;369
1467;1471;315
1468;1467;369
1468;1470;328
1468;1472;374
1469;1466;173
1470;1468;328
1471;1467;315
1472;1468;374
1472;1474;372
1473;1475;315
1474;1472;372
1474;1478;218
1475;1473;315
1475;1478;216
1476;1478;146
1476;1480;381
1477;1481;357
1478;1474;218
1478;1475;216
1478;1476;146
1479;1483;119
1480;1476;381
1480;1481;167
1480;1484;249
1481;1477;357
1481;1480;167
1481;1483;343
1481;1485;206
1482;1485;169
1483;1479;119
1483;1481;343
1484;1480;249
1484;1487;193
1485;1481;206
1485;1482;169
1485;1486;264
1486;1485;264
1487;1484;193
1487;1488;210
1488;1487;210
1488;1489;122
1489;1488;122
1489;1491;193
1489;1492;186
1490;1493;363
1491;1489;193
1492;1489;186
1492;1493;262
1492;1495;233
1493;1490;363
1493;1492;262
1494;1496;290
1495;1492;233
1495;1496;236
1495;1497;108
1496;1494;290
1496;1495;236
1497;1495;108
1497;1499;197
1498;1500;362
1499;1497;197
1499;1500;147
1499;1501;102
1499;1502;160
1500;1498;362
1500;1499;147
1501;1499;102
1502;1499;160
1502;1504;368
1502;1506;429
1503;1505;197
1504;1502;368
1505;1503;197
1505;1508;105
1506;1502;429
1506;1507;171
1506;1508;237
1507;1506;171
1508;1505;105
1508;1506;237
1508;1509;211
1508;1511;159
1508;1512;190
1509;1508;211
1510;1512;219
1511;1508;159
1512;1508;190
1512;1510;219
1512;1516;200
1513;1516;477
1514;1515;396
1515;1514;396
1515;1519;250
1516;1512;200
1516;1513;477
1516;1517;132
1516;1520;295
1517;1516;132
1518;1522;336
1519;1515;250
1519;1523;286
1520;1516;295
1520;1524;127
1521;1525;426
1522;1518;336
1522;1526;287
1523;1519;286
1523;1527;172
1524;1520;127
1524;1527;177
1524;1528;399
1525;1521;426
1525;1526;205
1526;1522;287
1526;1525;205
1526;1527;113
1527;1523;172
1527;1524;177
1527;1526;113
1527;1530;179
1528;1524;399
1528;1529;154
1528;1532;347
1529;1528;154
1530;1527;179
1531;1535;238
1532;1528;347
1532;1536;297
1533;1534;146
1533;1536;274
1534;1533;146
1534;1535;238
1535;1531;238
1535;1534;238
1535;1537;226
1536;1532;297
1536;1533;274
1537;1535;226
1537;1539;171
1538;1539;118
1538;1540;100
1539;1537;171
1539;1538;118
1539;1543;114
1540;1538;100
1541;1542;518
1541;1543;241
1542;1541;518
1543;1539;114
1543;1541;241
1543;1545;118
1543;1546;214
1544;1545;140
1545;1543;118
1545;1544;140
1545;1548;438
1545;1549;443
1546;1543;214
1547;1548;194
1548;1545;438
1548;1547;194
1549;1545;443
1549;1551;215
1550;1553;104
1551;1549;215
1551;1552;396
1551;1555;273
1552;1551;396
1553;1550;104
1553;1556;284
1554;1555;276
1554;1558;259
1555;1551;273
1555;1554;276
1555;1557;171
1556;1553;284
1556;1557;236
1556;1560;251
1557;1555;171
1557;1556;236
1558;1554;259
1559;1563;354
1560;1556;251
1560;1561;193
1560;1564;111
1561;1560;193
1562;1564;331
1563;1559;354
1563;1565;154
1564;1560;111
1564;1562;331
1564;1565;116
1565;1563;154
1565;1564;116
1565;1569;175
1566;1567;154
1567;1566;154
1567;1569;252
1568;1569;138
1568;1570;237
1569;1565;175
1569;1567;252
1569;1568;138
1570;1568;237
1570;1574;124
1571;1572;225
1572;1571;225
1572;1574;267
1572;1575;164
1573;1577;473
1574;1570;124
1574;1572;267
1575;1572;164
1575;1576;171
1576;1575;171
1576;1577;111
1577;1573;473
1577;1576;111
1577;1579;390
1578;1579;403
1578;1580;163
1578;1582;353
1579;1577;390
1579;1578;403
1580;1578;163
1581;1584;174
1582;1578;353
1582;1586;245
1583;1587;174
1584;1581;174
1584;1587;179
1584;1588;208
1585;1588;145
1586;1582;245
1586;1587;206
1587;1583;174
1587;1584;179
