0;3;276
1;5;317
2;6;185
3;0;276
3;4;321
3;7;103
4;3;321
5;1;317
5;6;227
5;8;283
6;2;185
6;5;227
6;10;138
7;3;103
7;10;134
8;5;283
9;10;166
9;11;316
10;6;138
10;7;134
10;9;166
10;12;256
11;9;316
12;10;256
12;14;115
12;15;321
13;17;408
14;12;115
15;12;321
15;17;248
16;17;207
17;13;408
17;15;248
17;16;207
17;18;410
17;21;155
18;17;410
18;19;101
19;18;101
20;24;390
21;17;155
21;23;157
21;25;310
22;24;109
23;21;157
23;24;231
23;26;144
23;27;336
24;20;390
24;22;109
24;23;231
25;21;310
26;23;144
26;28;478
27;23;336
28;26;478
28;31;284
29;33;211
30;31;115
31;28;284
31;30;115
31;33;177
31;34;186
31;35;121
32;34;424
33;29;211
33;31;177
33;37;134
34;31;186
34;32;424
35;31;121
36;37;225
36;38;367
37;33;134
37;36;225
38;36;367
38;39;238
38;41;131
39;38;238
40;41;133
41;38;131
41;40;133
41;42;298
42;41;298
42;43;168
43;42;168
43;44;180
44;43;180
44;46;169
44;47;220
45;49;342
46;44;169
46;50;118
47;44;220
47;51;244
48;51;252
49;45;342
49;52;210
49;53;232
50;46;118
50;53;133
51;47;244
51;48;252
52;49;210
53;49;232
53;50;133
53;54;172
54;53;172
54;55;290
55;54;290
55;56;380
56;55;380
56;57;377
56;58;267
56;60;155
57;56;377
57;59;413
58;56;267
59;57;413
59;62;422
60;56;155
60;63;503
61;62;136
61;65;476
62;59;422
62;61;136
63;60;503
64;68;106
65;61;476
65;68;139
66;68;417
67;70;169
68;64;106
68;65;139
68;66;417
68;69;206
69;68;206
69;70;126
69;71;199
70;67;169
70;69;126
70;72;316
70;73;217
71;69;199
71;74;245
72;70;316
73;70;217
73;76;168
73;77;140
74;71;245
75;79;319
76;73;168
77;73;140
77;79;233
78;79;477
79;75;319
79;77;233
79;78;477
79;82;378
80;83;190
81;84;152
81;85;271
82;79;378
82;85;415
83;80;190
83;85;184
83;86;336
84;81;152
85;81;271
85;82;415
85;83;184
85;87;184
85;89;289
86;83;336
87;85;184
87;88;317
87;90;230
88;87;317
88;92;400
89;85;289
89;91;211
90;87;230
90;93;247
91;89;211
92;88;400
93;90;247
93;94;128
94;93;128
94;97;134
94;98;126
95;97;188
96;99;427
97;94;134
97;95;188
98;94;126
98;102;217
99;96;427
99;103;395
100;101;122
100;102;190
101;100;122
101;103;199
101;104;229
102;98;217
102;100;190
102;106;265
103;99;395
103;101;199
104;101;229
105;106;315
105;107;159
105;108;167
106;102;265
106;105;315
107;105;159
108;105;167
108;110;327
109;110;221
109;113;183
110;108;327
110;109;221
111;112;339
112;111;339
112;115;188
113;109;183
113;114;114
114;113;114
114;115;296
114;116;131
114;118;152
115;112;188
115;114;296
116;114;131
116;117;322
116;120;102
117;116;322
118;114;152
118;119;212
118;121;271
119;118;212
119;122;214
120;116;102
120;123;183
121;118;271
122;119;214
123;120;183
123;126;218
124;128;189
125;129;352
126;123;218
126;127;114
127;126;114
127;129;110
128;124;189
128;129;118
128;131;138
129;125;352
129;127;110
129;128;118
130;133;296
131;128;138
131;133;316
132;136;396
133;130;296
133;131;316
133;137;480
134;137;128
135;139;320
136;132;396
136;137;226
137;133;480
137;134;128
137;136;226
137;138;166
137;140;181
138;137;166
139;135;320
139;140;110
139;142;297
139;143;336
140;137;181
140;139;110
141;144;194
142;139;297
142;144;422
142;146;400
143;139;336
144;141;194
144;142;422
145;146;275
145;147;461
145;149;337
146;142;400
146;145;275
147;145;461
148;150;253
148;152;171
149;145;337
149;151;278
150;148;253
150;151;155
151;149;278
151;150;155
151;154;137
152;148;171
152;153;186
153;152;186
153;156;195
153;157;330
154;151;137
155;157;157
156;153;195
156;160;325
157;153;330
157;155;157
158;162;124
159;160;160
159;161;171
160;156;325
160;159;160
160;162;224
161;159;171
161;163;307
161;164;177
162;158;124
162;160;224
162;166;275
163;161;307
163;165;261
164;161;177
165;163;261
166;162;275
166;170;324
167;171;300
168;171;254
169;170;460
170;166;324
170;169;460
170;173;102
171;167;300
171;168;254
171;173;186
172;176;244
173;170;102
173;171;186
173;174;128
174;173;128
174;175;175
175;174;175
175;176;150
176;172;244
176;175;150
176;179;208
177;179;151
177;180;171
178;179;356
179;176;208
179;177;151
179;178;356
180;177;171
180;182;362
181;185;164
182;180;362
182;183;149
183;182;149
183;184;192
184;183;192
184;185;244
185;181;164
185;184;244
185;187;107
186;190;136
187;185;107
187;190;240
188;189;185
188;190;245
189;188;185
189;191;161
189;193;102
190;186;136
190;187;240
190;188;245
190;192;300
191;189;161
191;195;177
192;190;300
193;189;102
193;197;134
194;196;159
195;191;177
195;198;341
196;194;159
196;197;161
197;193;134
197;196;161
197;200;236
197;201;333
198;195;341
199;200;204
200;197;236
200;199;204
200;203;111
201;197;333
202;203;142
202;204;205
203;200;111
203;202;142
204;202;205
204;207;328
205;208;317
206;209;206
207;204;328
207;210;215
208;205;317
208;210;134
208;211;174
209;206;206
209;211;138
210;207;215
210;208;134
210;212;508
210;213;228
211;208;174
211;209;138
212;210;508
213;210;228
213;216;153
213;217;169
214;216;259
215;219;253
216;213;153
216;214;259
216;219;230
217;213;169
217;220;175
218;220;103
218;222;212
219;215;253
219;216;230
220;217;175
220;218;103
220;221;192
221;220;192
221;225;107
222;218;212
222;223;138
223;222;138
224;225;279
224;227;619
225;221;107
225;224;279
226;229;295
227;224;619
227;228;172
228;227;172
228;229;302
229;226;295
229;228;302
229;233;163
230;233;309
231;232;155
232;231;155
232;234;449
233;229;163
233;230;309
233;235;378
234;232;449
234;235;337
234;237;221
234;238;360
235;233;378
235;234;337
236;237;152
237;234;221
237;236;152
238;234;360
238;240;354
238;241;373
239;241;285
240;238;354
241;238;373
241;239;285
241;243;317
242;245;118
242;246;104
243;241;317
243;244;447
244;243;447
244;248;275
245;242;118
245;248;308
246;242;104
247;250;352
248;244;275
248;245;308
248;251;387
248;252;207
249;252;141
250;247;352
250;253;260
251;248;387
251;254;144
252;248;207
252;249;141
252;253;257
253;250;260
253;252;257
254;251;144
254;257;121
255;256;360
255;257;100
256;255;360
257;254;121
257;255;100
257;258;208
257;260;311
258;257;208
258;259;126
259;258;126
260;257;311
260;262;195
260;264;311
261;264;367
262;260;195
263;264;208
263;265;272
263;267;475
264;260;311
264;261;367
264;263;208
265;263;272
266;269;195
267;263;475
267;270;145
268;269;137
269;266;195
269;268;137
269;270;163
269;271;171
270;267;145
270;269;163
271;269;171
271;275;253
272;275;268
273;277;230
274;275;132
274;278;231
275;271;253
275;272;268
275;274;132
276;279;129
276;280;285
277;273;230
277;278;317
278;274;231
278;277;317
278;281;143
279;276;129
279;281;101
279;283;140
280;276;285
281;278;143
281;279;101
282;286;162
283;279;140
283;286;259
284;285;270
285;284;270
285;288;253
286;282;162
286;283;259
286;288;254
287;290;133
287;291;190
288;285;253
288;286;254
288;289;208
288;291;178
289;288;208
290;287;133
290;292;214
291;287;190
291;288;178
291;294;258
292;290;214
292;295;220
292;296;270
293;295;190
294;291;258
295;292;220
295;293;190
296;292;270
296;299;277
297;301;186
298;299;101
298;300;446
299;296;277
299;298;101
299;302;488
300;298;446
301;297;186
301;303;158
302;299;488
302;305;346
303;301;158
303;304;191
304;303;191
304;305;215
304;306;337
305;302;346
305;304;215
306;304;337
306;309;222
307;308;227
307;310;153
308;307;227
309;306;222
309;310;182
309;311;136
310;307;153
310;309;182
311;309;136
311;313;108
311;314;357
312;313;311
313;311;108
313;312;311
313;316;142
314;311;357
315;317;216
316;313;142
316;318;127
316;319;197
317;315;216
317;319;203
318;316;127
319;316;197
319;317;203
319;320;173
320;319;173
320;324;284
321;325;125
322;323;338
323;322;338
323;324;287
324;320;284
324;323;287
324;325;266
324;326;104
325;321;125
325;324;266
325;327;114
326;324;104
327;325;114
327;328;169
328;327;169
328;329;256
329;328;256
329;330;246
329;331;241
330;329;246
330;333;181
331;329;241
331;335;221
332;333;238
333;330;181
333;332;238
333;336;248
334;336;161
334;338;179
335;331;221
335;337;239
335;339;102
336;333;248
336;334;161
337;335;239
338;334;179
338;342;353
339;335;102
340;341;213
341;340;213
341;342;269
341;345;307
342;338;353
342;341;269
343;346;135
343;347;255
344;347;275
345;341;307
345;346;261
345;348;261
346;343;135
346;345;261
346;349;187
347;343;255
347;344;275
348;345;261
349;346;187
349;353;293
350;351;318
351;350;318
351;353;286
352;353;297
353;349;293
353;351;286
353;352;297
353;356;212
354;357;249
354;358;230
355;357;178
356;353;212
356;359;283
356;360;283
357;354;249
357;355;178
357;361;338
358;354;230
359;356;283
360;356;283
360;361;161
360;363;272
361;357;338
361;360;161
361;364;299
362;363;336
362;365;263
363;360;272
363;362;336
364;361;299
364;367;484
364;368;315
365;362;263
366;368;151
367;364;484
368;364;315
368;366;151
368;371;192
368;372;147
369;373;150
370;374;301
371;368;192
372;368;147
372;374;139
373;369;150
373;375;121
374;370;301
374;372;139
374;378;124
375;373;121
375;376;175
375;378;156
376;375;175
377;379;209
377;380;221
378;374;124
378;375;156
378;380;371
379;377;209
379;381;250
380;377;221
380;378;371
380;383;236
380;384;113
381;379;250
381;382;338
382;381;338
383;380;236
383;385;418
384;380;113
384;387;407
385;383;418
385;386;409
386;385;409
387;384;407
387;391;213
388;389;163
389;388;163
389;390;338
389;391;212
389;393;417
390;389;338
390;392;189
391;387;213
391;389;212
391;395;191
392;390;189
393;389;417
394;395;132
394;398;438
395;391;191
395;394;132
396;397;121
396;398;250
397;396;121
397;401;115
398;394;438
398;396;250
398;400;314
399;402;148
400;398;314
401;397;115
401;402;157
401;403;326
402;399;148
402;401;157
403;401;326
403;405;346
403;406;379
403;407;250
404;408;119
405;403;346
406;403;379
407;403;250
407;408;305
407;411;143
408;404;119
408;407;305
409;411;273
410;411;403
411;407;143
411;409;273
411;410;403
411;413;380
412;415;281
413;411;380
413;414;330
413;415;328
414;413;330
415;412;281
415;413;328
415;416;295
416;415;295
416;418;244
417;418;144
417;420;256
418;416;244
418;417;144
418;421;312
419;422;127
420;417;256
420;422;306
421;418;312
421;424;172
422;419;127
422;420;306
422;423;238
423;422;238
423;427;290
424;421;172
425;427;348
426;428;313
427;423;290
427;425;348
427;429;184
428;426;313
428;431;103
428;432;220
429;427;184
429;430;316
429;432;186
430;429;316
431;428;103
431;435;509
432;428;220
432;429;186
432;436;216
433;436;184
434;436;131
435;431;509
435;437;132
436;432;216
436;433;184
436;434;131
437;435;132
437;439;213
438;441;218
439;437;213
439;441;256
439;442;140
440;441;227
441;438;218
441;439;256
441;440;227
441;443;207
442;439;140
442;445;258
443;441;207
443;444;197
444;443;197
444;446;183
445;442;258
446;444;183
446;447;160
446;448;111
447;446;160
447;449;289
447;451;237
448;446;111
449;447;289
450;454;217
451;447;237
451;452;357
451;455;134
452;451;357
453;456;111
454;450;217
454;456;182
454;458;211
455;451;134
455;457;306
455;459;167
456;453;111
456;454;182
457;455;306
458;454;211
458;459;154
459;455;167
459;458;154
459;460;299
459;462;376
459;463;113
460;459;299
461;462;190
462;459;376
462;461;190
463;459;113
463;467;288
464;468;131
465;466;295
465;467;272
465;468;120
466;465;295
466;470;406
467;463;288
467;465;272
467;471;160
468;464;131
468;465;120
469;471;303
469;473;355
470;466;406
471;467;160
471;469;303
472;473;138
473;469;355
473;472;138
473;474;541
474;473;541
474;475;307
474;476;342
474;477;361
475;474;307
476;474;342
477;474;361
477;480;420
478;480;372
479;483;200
480;477;420
480;478;372
480;482;109
481;483;105
481;484;131
481;485;233
482;480;109
482;485;121
483;479;200
483;481;105
484;481;131
484;488;176
485;481;233
485;482;121
485;487;124
486;489;149
487;485;124
488;484;176
488;492;155
489;486;149
489;491;165
489;492;116
490;491;119
491;489;165
491;490;119
491;493;113
492;488;155
492;489;116
492;495;180
493;491;113
494;495;257
495;492;180
495;494;257
495;496;249
495;499;109
496;495;249
497;499;130
497;501;102
498;500;286
499;495;109
499;497;130
500;498;286
500;501;183
500;503;247
500;504;421
501;497;102
501;500;183
502;504;205
502;506;326
503;500;247
503;507;178
504;500;421
504;502;205
505;508;293
506;502;326
506;510;282
507;503;178
507;508;197
508;505;293
508;507;197
508;511;176
509;511;298
509;513;422
510;506;282
510;512;390
511;508;176
511;509;298
512;510;390
512;515;195
513;509;422
514;517;107
515;512;195
515;517;359
515;518;381
516;517;376
517;514;107
517;515;359
517;516;376
517;521;327
518;515;381
518;519;182
519;518;182
519;522;471
520;521;231
520;523;317
520;524;296
521;517;327
521;520;231
522;519;471
523;520;317
524;520;296
524;525;263
524;527;219
525;524;263
526;530;101
527;524;219
527;530;184
528;529;213
528;532;238
529;528;213
529;533;213
530;526;101
530;527;184
530;534;273
531;533;296
532;528;238
532;536;251
533;529;213
533;531;296
533;537;226
534;530;273
534;536;267
535;536;203
535;539;255
536;532;251
536;534;267
536;535;203
536;540;243
537;533;226
537;538;316
538;537;316
538;541;108
539;535;255
540;536;243
541;538;108
541;544;216
542;543;244
543;542;244
543;546;289
544;541;216
544;545;488
544;546;377
545;544;488
546;543;289
546;544;377
546;547;175
546;549;180
547;546;175
548;552;182
549;546;180
549;550;334
550;549;334
550;554;105
551;554;105
552;548;182
552;554;114
552;556;362
553;555;232
554;550;105
554;551;105
554;552;114
555;553;232
555;557;255
555;558;275
556;552;362
556;557;111
557;555;255
557;556;111
557;559;124
558;555;275
558;560;236
558;562;192
559;557;124
559;561;189
560;558;236
560;563;382
561;559;189
562;558;192
562;564;307
563;560;382
563;567;289
564;562;307
565;566;181
566;565;181
566;569;313
567;563;289
567;569;313
568;572;314
569;566;313
569;567;313
569;572;253
570;572;297
571;573;183
572;568;314
572;569;253
572;570;297
572;574;241
572;575;371
573;571;183
573;574;146
574;572;241
574;573;146
574;578;227
575;572;371
576;580;349
577;578;162
577;579;251
578;574;227
578;577;162
578;581;158
578;582;143
579;577;251
580;576;349
580;584;187
581;578;158
582;578;143
582;584;312
582;585;296
583;586;102
584;580;187
584;582;312
585;582;296
585;586;130
585;587;157
585;589;128
586;583;102
586;585;130
586;590;418
587;585;157
588;592;208
589;585;128
589;593;279
590;586;418
591;592;222
592;588;208
592;591;222
592;593;204
592;596;141
593;589;279
593;592;204
593;595;200
594;596;244
594;598;327
595;593;200
596;592;141
596;594;244
597;601;163
598;594;327
598;602;481
599;600;215
599;602;302
600;599;215
601;597;163
601;603;304
602;598;481
602;599;302
602;606;363
603;601;304
603;607;245
604;608;251
605;609;211
606;602;363
606;609;124
607;603;245
607;609;257
608;604;251
608;610;110
609;605;211
609;606;124
609;607;257
609;611;280
609;612;229
610;608;110
610;612;108
610;613;147
611;609;280
612;609;229
612;610;108
612;616;204
613;610;147
613;614;189
614;613;189
615;617;192
616;612;204
616;620;310
617;615;192
617;618;309
617;621;218
618;617;309
619;622;347
620;616;310
620;621;141
621;617;218
621;620;141
621;622;185
622;619;347
622;621;185
622;623;339
623;622;339
623;626;334
624;625;119
625;624;119
625;627;226
626;623;334
626;630;252
627;625;226
627;630;179
628;630;391
629;630;324
629;633;323
630;626;252
630;627;179
630;628;391
630;629;324
631;633;389
632;635;210
633;629;323
633;631;389
633;637;127
634;636;522
635;632;210
635;636;100
635;639;133
636;634;522
636;635;100
636;640;316
637;633;127
637;640;322
638;642;332
639;635;133
640;636;316
640;637;322
640;643;176
641;642;149
642;638;332
642;641;149
642;643;102
642;645;270
643;640;176
643;642;102
644;646;459
645;642;270
645;646;154
646;644;459
646;645;154
646;649;144
647;649;331
647;651;135
648;652;139
649;646;144
649;647;331
650;651;150
650;653;226
651;647;135
651;650;150
651;652;102
652;648;139
652;651;102
653;650;226
653;654;114
654;653;114
654;655;488
654;657;306
655;654;488
656;658;409
657;654;306
657;660;290
658;656;409
658;659;157
658;661;106
659;658;157
659;663;154
660;657;290
660;664;178
661;658;106
661;662;170
662;661;170
662;666;397
663;659;154
663;664;160
663;665;177
664;660;178
664;663;160
665;663;177
665;669;380
666;662;397
667;668;217
667;669;379
667;670;226
668;667;217
669;665;380
669;667;379
670;667;226
670;673;206
671;672;194
671;673;128
671;675;275
672;671;194
673;670;206
673;671;128
673;674;249
674;673;249
675;671;275
675;676;381
675;678;382
675;679;442
676;675;381
677;681;477
678;675;382
679;675;442
679;681;362
680;683;108
681;677;477
681;679;362
681;684;386
682;685;340
683;680;108
683;685;277
684;681;386
684;688;383
685;682;340
685;683;277
685;687;488
686;687;149
686;689;342
687;685;488
687;686;149
688;684;383
688;689;421
689;686;342
689;688;421
689;690;129
690;689;129
690;691;382
690;693;255
691;690;382
691;692;480
691;694;205
692;691;480
693;690;255
694;691;205
694;698;354
695;698;214
696;700;120
697;700;286
697;701;218
698;694;354
698;695;214
698;700;148
698;702;288
699;700;203
700;696;120
700;697;286
700;698;148
700;699;203
701;697;218
702;698;288
702;706;388
703;706;126
704;707;464
705;709;143
706;702;388
706;703;126
706;708;210
706;709;271
707;704;464
707;708;153
708;706;210
708;707;153
708;711;192
709;705;143
709;706;271
709;712;132
710;711;161
710;713;495
711;708;192
711;710;161
711;715;126
712;709;132
713;710;495
714;715;229
714;718;105
715;711;126
715;714;229
716;718;149
717;718;171
718;714;105
718;716;149
718;717;171
718;719;378
718;720;165
719;718;378
720;718;165
720;724;331
721;725;363
722;724;241
723;724;228
723;726;103
724;720;331
724;722;241
724;723;228
724;727;172
725;721;363
725;727;340
726;723;103
726;729;133
727;724;172
727;725;340
727;730;253
728;731;108
729;726;133
730;727;253
730;732;536
730;734;153
731;728;108
731;734;374
732;730;536
732;733;350
733;732;350
733;735;444
734;730;153
734;731;374
735;733;444
735;736;120
735;739;297
736;735;120
737;741;222
738;741;131
739;735;297
739;742;116
739;743;137
740;743;161
740;744;264
741;737;222
741;738;131
741;742;309
742;739;116
742;741;309
743;739;137
743;740;161
743;745;349
744;740;264
745;743;349
745;746;149
746;745;149
746;747;281
746;750;111
747;746;281
747;751;166
748;751;106
748;752;140
749;752;244
750;746;111
751;747;166
751;748;106
752;748;140
752;749;244
752;756;173
753;756;121
753;757;175
754;756;195
754;758;209
755;757;219
755;759;152
756;752;173
756;753;121
756;754;195
757;753;175
757;755;219
758;754;209
759;755;152
759;763;254
760;763;175
761;763;214
762;763;512
763;759;254
763;760;175
763;761;214
763;762;512
763;765;340
763;767;118
764;767;159
765;763;340
766;767;352
766;768;294
767;763;118
767;764;159
767;766;352
768;766;294
768;769;185
768;771;281
769;768;185
769;773;343
770;772;125
771;768;281
772;770;125
772;774;101
772;775;137
773;769;343
773;774;207
774;772;101
774;773;207
774;777;130
775;772;137
776;777;110
777;774;130
777;776;110
777;780;448
777;781;177
778;781;177
779;783;637
780;777;448
781;777;177
781;778;177
781;784;371
781;785;355
782;786;355
783;779;637
783;787;101
784;781;371
784;786;263
785;781;355
786;782;355
786;784;263
786;790;235
787;783;101
787;791;289
788;789;440
788;792;157
789;788;440
790;786;235
790;792;257
791;787;289
791;793;174
792;788;157
792;790;257
792;793;132
792;796;153
793;791;174
793;792;132
793;794;180
794;793;180
795;797;173
796;792;153
796;797;185
796;798;111
797;795;173
797;796;185
797;799;212
798;796;111
798;800;127
799;797;212
800;798;127
800;803;510
801;803;188
801;804;113
802;804;372
803;800;510
803;801;188
804;801;113
804;802;372
804;807;107
805;808;395
806;809;457
807;804;107
807;808;394
808;805;395
808;807;394
808;812;355
809;806;457
809;810;151
809;812;337
810;809;151
811;815;130
812;808;355
812;809;337
812;813;292
812;814;157
813;812;292
814;812;157
814;816;174
815;811;130
815;816;130
815;819;352
816;814;174
816;815;130
816;820;139
817;820;314
818;820;153
818;822;312
819;815;352
820;816;139
820;817;314
820;818;153
820;821;237
821;820;237
822;818;312
822;825;395
823;825;286
824;826;310
825;822;395
825;823;286
825;828;112
826;824;310
826;827;184
827;826;184
827;828;290
828;825;112
828;827;290
828;830;277
828;832;281
829;833;363
830;828;277
831;835;198
832;828;281
832;833;209
832;835;397
833;829;363
833;832;209
833;836;131
834;835;274
834;838;279
835;831;198
835;832;397
835;834;274
835;837;122
836;833;131
837;835;122
837;841;219
838;834;279
838;842;287
839;840;177
839;843;350
840;839;177
841;837;219
841;843;390
841;845;280
842;838;287
843;839;350
843;841;390
843;844;220
844;843;220
844;846;139
845;841;280
845;848;191
845;849;177
846;844;139
847;849;125
848;845;191
848;850;401
849;845;177
849;847;125
849;851;224
849;853;152
850;848;401
851;849;224
851;852;210
852;851;210
853;849;152
853;856;158
853;857;177
854;855;292
855;854;292
855;857;306
855;858;122
856;853;158
857;853;177
857;855;306
857;859;407
858;855;122
859;857;407
859;863;382
860;864;128
861;862;306
861;863;205
862;861;306
863;859;382
863;861;205
863;864;138
863;867;262
864;860;128
864;863;138
865;867;186
865;868;162
866;867;292
866;870;199
867;863;262
867;865;186
867;866;292
868;865;162
868;869;208
869;868;208
870;866;199
870;872;186
871;872;374
872;870;186
872;871;374
872;874;155
873;874;406
874;872;155
874;873;406
Total cost: 209637
