0;1;473
1;0;473
1;5;340
2;3;231
3;2;231
3;4;256
3;7;105
4;3;256
4;5;254
5;1;340
5;4;254
5;8;282
6;8;314
7;3;105
8;5;282
8;6;314
8;10;263
9;10;188
10;8;263
10;9;188
10;12;117
11;15;228
12;10;117
12;14;111
13;14;125
13;15;230
14;12;111
14;13;125
15;11;228
15;13;230
15;16;114
16;15;114
16;18;308
17;21;180
18;16;308
18;22;154
19;21;144
20;21;190
21;17;180
21;19;144
21;20;190
21;25;207
22;18;154
22;24;195
23;26;179
23;27;155
24;22;195
24;25;168
25;21;207
25;24;168
25;29;185
26;23;179
27;23;155
27;29;159
28;30;201
29;25;185
29;27;159
29;30;131
30;28;201
30;29;131
30;31;430
31;30;430
31;32;395
32;31;395
32;33;342
33;32;342
33;35;187
34;35;177
35;33;187
35;34;177
35;36;117
35;39;121
36;35;117
36;38;108
37;40;383
38;36;108
38;41;185
39;35;121
39;43;149
40;37;383
40;41;104
41;38;185
41;40;104
42;43;211
43;39;149
43;42;211
43;45;171
43;47;177
44;45;562
45;43;171
45;44;562
46;50;247
47;43;177
47;48;125
47;51;186
48;47;125
48;49;161
49;48;161
49;52;153
49;53;157
50;46;247
50;51;211
50;54;185
51;47;186
51;50;211
52;49;153
53;49;157
53;56;110
53;57;279
54;50;185
55;57;117
56;53;110
56;60;217
57;53;279
57;55;117
58;61;142
59;61;113
60;56;217
60;64;144
61;58;142
61;59;113
61;63;103
61;64;249
61;65;214
62;66;128
63;61;103
64;60;144
64;61;249
65;61;214
65;68;123
65;69;103
66;62;128
66;67;271
67;66;271
67;68;131
68;65;123
68;67;131
68;70;296
68;72;363
69;65;103
70;68;296
70;71;325
70;73;180
71;70;325
72;68;363
73;70;180
73;76;217
74;77;299
75;77;436
76;73;217
76;78;307
76;79;288
77;74;299
77;75;436
77;81;226
78;76;307
79;76;288
79;81;207
80;83;318
81;77;226
81;79;207
81;82;229
81;83;320
82;81;229
82;85;402
83;80;318
83;81;320
84;88;405
85;82;402
85;86;353
86;85;353
86;88;119
87;91;134
88;84;405
88;86;119
88;89;211
88;90;225
89;88;211
90;88;225
90;92;269
90;93;253
91;87;134
91;94;112
92;90;269
92;94;297
93;90;253
94;91;112
94;92;297
94;97;225
94;98;330
95;99;303
96;98;311
97;94;225
97;99;232
98;94;330
98;96;311
98;101;170
98;102;109
99;95;303
99;97;232
99;103;175
100;102;314
101;98;170
101;104;174
102;98;109
102;100;314
102;106;224
103;99;175
104;101;174
105;108;101
106;102;224
106;107;267
106;108;109
106;109;245
107;106;267
108;105;101
108;106;109
109;106;245
109;110;375
110;109;375
110;113;165
111;114;199
112;113;256
112;116;179
113;110;165
113;112;256
114;111;199
114;116;216
115;117;363
116;112;179
116;114;216
116;117;244
116;118;117
116;120;128
117;115;363
117;116;244
117;121;317
118;116;117
118;119;331
119;118;331
120;116;128
121;117;317
121;122;222
122;121;222
122;125;163
123;126;254
124;126;295
125;122;163
125;126;102
126;123;254
126;124;295
126;125;102
126;128;469
127;128;177
127;129;114
128;126;469
128;127;177
128;130;217
129;127;114
129;131;206
130;128;217
131;129;206
131;133;131
132;134;258
133;131;131
133;134;299
133;135;339
134;132;258
134;133;299
134;137;222
135;133;339
136;140;243
137;134;222
137;140;186
138;139;276
138;141;291
138;142;103
139;138;276
139;140;192
140;136;243
140;137;186
140;139;192
141;138;291
141;145;135
142;138;103
143;144;159
144;143;159
144;147;240
145;141;135
145;146;130
145;149;276
146;145;130
146;147;167
147;144;240
147;146;167
147;150;343
148;151;166
149;145;276
149;153;297
150;147;343
151;148;166
151;153;176
151;155;275
152;155;182
153;149;297
153;151;176
154;158;274
155;151;275
155;152;182
155;156;571
155;159;210
156;155;571
157;160;140
157;161;148
158;154;274
158;161;142
159;155;210
159;163;143
160;157;140
160;164;181
161;157;148
161;158;142
162;166;239
163;159;143
163;164;125
163;166;366
163;167;109
164;160;181
164;163;125
165;166;339
165;169;378
166;162;239
166;163;366
166;165;339
167;163;109
168;169;326
169;165;378
169;168;326
169;170;348
170;169;348
170;171;307
170;172;138
171;170;307
171;173;114
172;170;138
172;174;122
173;171;114
174;172;122
174;175;145
175;174;145
175;176;180
175;178;436
176;175;180
176;179;346
177;179;314
178;175;436
179;176;346
179;177;314
179;182;164
180;182;371
181;183;445
182;179;164
182;180;371
182;186;115
183;181;445
183;185;175
183;186;253
184;188;242
185;183;175
186;182;115
186;183;253
186;187;184
186;189;185
187;186;184
187;191;293
188;184;242
188;189;229
189;186;185
189;188;229
190;193;152
191;187;293
191;195;110
192;196;186
193;190;152
193;195;276
193;196;226
194;196;266
195;191;110
195;193;276
195;197;159
195;199;262
196;192;186
196;193;226
196;194;266
196;198;198
197;195;159
197;201;151
198;196;198
198;202;333
199;195;262
200;202;174
201;197;151
202;198;333
202;200;174
202;203;124
203;202;124
203;205;174
204;208;421
205;203;174
205;208;105
206;210;347
207;210;107
207;211;225
208;204;421
208;205;105
208;211;130
209;213;142
210;206;347
210;207;107
210;214;171
211;207;225
211;208;130
211;212;152
212;211;152
212;213;169
212;216;287
213;209;142
213;212;169
214;210;171
215;216;338
216;212;287
216;215;338
216;219;275
216;220;406
217;219;215
218;219;368
219;216;275
219;217;215
219;218;368
219;221;123
220;216;406
221;219;123
221;223;477
221;224;158
222;226;149
223;221;477
223;226;354
224;221;158
224;225;157
225;224;157
225;227;166
226;222;149
226;223;354
227;225;166
227;228;164
228;227;164
228;230;394
229;231;108
229;233;279
230;228;394
230;231;421
231;229;108
231;230;421
232;236;197
233;229;279
233;236;316
234;235;379
234;237;338
235;234;379
235;238;212
236;232;197
236;233;316
236;237;194
237;234;338
237;236;194
238;235;212
238;241;421
239;243;123
240;241;389
241;238;421
241;240;389
241;242;314
242;241;314
242;243;248
243;239;123
243;242;248
243;247;313
244;245;352
244;248;395
245;244;352
245;246;350
246;245;350
246;247;383
247;243;313
247;246;383
247;250;123
248;244;395
249;250;323
249;253;316
250;247;123
250;249;323
251;252;183
252;251;183
252;254;336
252;255;201
253;249;316
253;256;129
254;252;336
254;258;242
255;252;201
256;253;129
256;258;190
257;261;378
258;254;242
258;256;190
258;259;236
259;258;236
259;261;199
260;261;320
261;257;378
261;259;199
261;260;320
261;265;393
262;264;404
263;267;251
264;262;404
264;265;110
265;261;393
265;264;110
265;266;316
265;267;251
266;265;316
267;263;251
267;265;251
267;268;227
267;270;383
268;267;227
269;270;190
269;272;412
270;267;383
270;269;190
271;275;349
272;269;412
272;274;156
272;276;145
273;276;218
274;272;156
275;271;349
275;276;162
275;279;138
276;272;145
276;273;218
276;275;162
276;277;143
277;276;143
278;279;137
278;280;338
279;275;138
279;278;137
280;278;338
280;282;263
280;284;130
281;284;155
282;280;263
283;286;295
284;280;130
284;281;155
284;285;298
284;287;350
285;284;298
285;289;173
286;283;295
286;289;331
287;284;350
287;290;168
288;291;271
288;292;268
289;285;173
289;286;331
290;287;168
290;292;150
290;293;281
291;288;271
292;288;268
292;290;150
293;290;281
293;295;145
293;297;109
294;296;206
295;293;145
295;296;150
296;294;206
296;295;150
297;293;109
297;300;378
297;301;164
298;299;152
299;298;152
299;301;182
300;297;378
301;297;164
301;299;182
301;303;160
302;303;209
302;305;311
303;301;160
303;302;209
304;308;245
305;302;311
305;309;236
306;309;278
307;311;438
308;304;245
308;309;238
309;305;236
309;306;278
309;308;238
309;312;395
310;311;141
310;313;133
311;307;438
311;310;141
312;309;395
312;313;272
313;310;133
313;312;272
313;314;108
314;313;108
314;315;202
315;314;202
315;316;192
315;317;214
316;315;192
316;319;227
317;315;214
317;318;152
318;317;152
318;320;113
319;316;227
319;322;136
320;318;113
321;322;191
322;319;136
322;321;191
322;323;277
323;322;277
323;325;399
324;327;436
325;323;399
325;329;120
326;329;160
327;324;436
327;329;262
327;330;196
328;329;173
329;325;120
329;326;160
329;327;262
329;328;173
330;327;196
330;334;254
331;333;252
332;335;418
333;331;252
333;336;178
334;330;254
334;335;109
334;336;117
334;338;242
335;332;418
335;334;109
336;333;178
336;334;117
337;341;203
338;334;242
338;339;228
339;338;228
339;341;154
340;341;269
340;343;230
341;337;203
341;339;154
341;340;269
341;342;220
341;344;380
341;345;442
342;341;220
343;340;230
343;346;268
344;341;380
345;341;442
346;343;268
346;350;276
347;348;243
348;347;243
348;350;216
348;352;179
349;351;411
350;346;276
350;348;216
351;349;411
351;355;416
352;348;179
352;355;153
353;357;308
354;358;148
355;351;416
355;352;153
355;357;100
356;357;166
356;359;148
357;353;308
357;355;100
357;356;166
358;354;148
358;362;126
359;356;148
359;362;117
359;363;117
360;364;283
361;362;108
361;365;160
362;358;126
362;359;117
362;361;108
362;366;169
363;359;117
364;360;283
364;366;143
365;361;160
365;368;122
366;362;169
366;364;143
367;368;129
368;365;122
368;367;129
368;370;352
369;370;126
370;368;352
370;369;126
370;372;177
370;373;316
371;373;136
371;375;179
372;370;177
373;370;316
373;371;136
373;377;354
374;378;322
375;371;179
375;376;423
375;378;380
376;375;423
377;373;354
378;374;322
378;375;380
378;379;228
378;380;151
378;381;127
379;378;228
380;378;151
381;378;127
381;382;152
381;383;317
381;385;447
382;381;152
382;386;107
383;381;317
384;387;311
384;388;254
385;381;447
386;382;107
386;387;331
387;384;311
387;386;331
387;389;301
387;391;332
388;384;254
389;387;301
389;390;204
389;392;369
390;389;204
390;394;248
391;387;332
391;395;188
392;389;369
393;395;324
394;390;248
394;396;356
394;398;131
395;391;188
395;393;324
396;394;356
396;397;253
396;400;300
397;396;253
398;394;131
398;402;246
399;400;358
400;396;300
400;399;358
400;401;198
401;400;198
401;404;299
402;398;246
402;403;115
403;402;115
404;401;299
404;407;177
405;407;301
406;409;249
407;404;177
407;405;301
407;408;139
407;409;239
408;407;139
408;412;305
409;406;249
409;407;239
410;413;187
411;412;218
411;414;163
411;415;124
412;408;305
412;411;218
412;413;195
412;416;266
413;410;187
413;412;195
413;417;129
414;411;163
414;418;114
415;411;124
416;412;266
417;413;129
417;420;412
418;414;114
419;421;107
419;422;187
420;417;412
420;422;169
420;424;294
421;419;107
422;419;187
422;420;169
422;425;120
423;425;140
424;420;294
425;422;120
425;423;140
425;429;159
426;430;265
427;431;246
428;430;384
429;425;159
429;431;294
430;426;265
430;428;384
430;432;135
430;433;177
431;427;246
431;429;294
431;433;285
432;430;135
432;434;224
433;430;177
433;431;285
433;435;122
434;432;224
434;436;323
435;433;122
435;438;152
436;434;323
437;439;319
438;435;152
438;440;287
439;437;319
439;440;256
439;441;122
440;438;287
440;439;256
440;443;149
440;444;148
441;439;122
442;443;247
443;440;149
443;442;247
443;447;126
444;440;148
444;446;188
445;446;103
446;444;188
446;445;103
447;443;126
447;448;182
447;449;416
448;447;182
449;447;416
449;450;327
449;451;177
449;452;182
450;449;327
451;449;177
451;453;198
452;449;182
452;454;292
453;451;198
454;452;292
454;455;226
454;456;337
455;454;226
456;454;337
456;457;106
456;460;115
457;456;106
458;460;343
458;462;169
459;463;363
460;456;115
460;458;343
460;464;326
461;465;156
462;458;169
463;459;363
463;467;223
464;460;326
464;465;277
465;461;156
465;464;277
465;466;270
465;467;165
466;465;270
467;463;223
467;465;165
467;468;151
468;467;151
468;472;229
469;472;355
470;471;125
471;470;125
471;474;311
472;468;229
472;469;355
472;476;320
473;475;250
473;477;218
474;471;311
474;475;108
474;478;276
475;473;250
475;474;108
476;472;320
476;477;123
476;479;428
477;473;218
477;476;123
477;481;301
478;474;276
479;476;428
480;481;373
481;477;301
481;480;373
481;485;417
482;485;284
483;484;129
483;485;327
483;487;115
484;483;129
485;481;417
485;482;284
485;483;327
486;487;190
486;488;102
487;483;115
487;486;190
487;489;190
488;486;102
489;487;190
489;490;154
490;489;154
490;491;185
491;490;185
491;492;332
491;494;317
491;495;107
492;491;332
492;493;288
492;496;225
493;492;288
494;491;317
495;491;107
496;492;225
496;497;297
496;498;237
497;496;297
498;496;237
498;501;188
499;503;161
500;502;310
501;498;188
501;505;186
502;500;310
502;503;169
503;499;161
503;502;169
503;504;178
503;505;164
504;503;178
505;501;186
505;503;164
505;508;126
506;508;170
506;509;402
506;510;105
507;508;178
507;511;257
508;505;126
508;506;170
508;507;178
509;506;402
509;512;289
510;506;105
511;507;257
512;509;289
512;513;372
512;514;230
513;512;372
514;512;230
514;515;238
514;517;161
515;514;238
516;517;356
517;514;161
517;516;356
517;518;140
517;520;170
518;517;140
519;520;379
520;517;170
520;519;379
520;521;232
520;524;168
521;520;232
521;522;222
522;521;222
522;525;216
523;524;154
523;527;290
524;520;168
524;523;154
525;522;216
525;528;235
526;528;120
527;523;290
528;525;235
528;526;120
528;531;127
529;530;146
529;531;124
529;532;234
529;533;281
530;529;146
531;528;127
531;529;124
532;529;234
532;536;417
533;529;281
534;537;194
534;538;365
535;536;406
536;532;417
536;535;406
536;540;336
537;534;194
537;539;257
537;541;154
538;534;365
539;537;257
539;540;279
539;543;266
540;536;336
540;539;279
541;537;154
541;545;518
542;543;191
542;544;385
542;546;299
543;539;266
543;542;191
544;542;385
544;547;390
545;541;518
546;542;299
547;544;390
547;548;300
548;547;300
548;550;215
549;550;296
549;552;289
550;548;215
550;549;296
550;551;123
551;550;123
551;555;196
552;549;289
552;553;466
553;552;466
554;557;172
554;558;242
555;551;196
555;558;144
556;557;216
556;559;154
556;560;121
557;554;172
557;556;216
558;554;242
558;555;144
559;556;154
559;561;275
559;562;336
560;556;121
561;559;275
562;559;336
562;566;323
563;567;181
564;567;171
565;568;279
566;562;323
566;567;127
566;568;112
567;563;181
567;564;171
567;566;127
567;570;516
568;565;279
568;566;112
568;569;204
569;568;204
569;571;420
569;572;374
569;573;399
570;567;516
571;569;420
572;569;374
572;576;415
573;569;399
574;576;278
575;576;180
576;572;415
576;574;278
576;575;180
576;578;104
576;579;125
577;579;188
578;576;104
579;576;125
579;577;188
579;580;248
579;581;129
580;579;248
581;579;129
581;582;147
582;581;147
582;583;229
582;584;204
583;582;229
583;585;212
584;582;204
584;586;105
585;583;212
585;587;384
585;589;161
586;584;105
587;585;384
587;590;243
588;590;127
589;585;161
590;587;243
590;588;127
590;593;210
591;592;200
591;595;259
592;591;200
592;593;203
592;594;119
593;590;210
593;592;203
593;596;158
594;592;119
594;597;145
595;591;259
596;593;158
597;594;145
597;599;161
598;599;168
599;597;161
599;598;168
599;601;142
599;602;225
600;601;188
601;599;142
601;600;188
601;605;247
602;599;225
603;604;231
603;606;231
604;603;231
605;601;247
605;606;180
605;607;342
605;608;202
606;603;231
606;605;180
607;605;342
607;609;383
608;605;202
608;611;319
609;607;383
609;613;184
610;612;133
611;608;319
612;610;133
612;613;366
612;615;184
612;616;316
613;609;184
613;612;366
614;616;116
614;617;125
615;612;184
616;612;316
616;614;116
616;620;285
617;614;125
617;619;291
618;620;212
619;617;291
620;616;285
620;618;212
620;622;143
620;624;145
621;624;184
622;620;143
623;625;126
624;620;145
624;621;184
624;625;332
624;628;124
625;623;126
625;624;332
625;626;264
626;625;264
627;628;327
628;624;124
628;627;327
628;632;233
629;631;109
630;631;329
631;629;109
631;630;329
631;635;198
632;628;233
632;635;136
632;636;224
633;634;372
634;633;372
634;636;239
635;631;198
635;632;136
635;639;235
636;632;224
636;634;239
637;638;160
638;637;160
638;639;213
639;635;235
639;638;213
639;640;120
640;639;120
640;641;149
640;642;223
641;640;149
642;640;223
642;643;118
642;644;351
643;642;118
644;642;351
644;646;107
645;647;313
646;644;107
646;647;164
646;650;289
647;645;313
647;646;164
648;649;291
648;650;399
649;648;291
649;652;296
650;646;289
650;648;399
651;652;305
651;655;120
652;649;296
652;651;305
652;656;206
653;655;136
653;657;301
654;657;449
655;651;120
655;653;136
656;652;206
657;653;301
657;654;449
657;661;429
658;660;222
659;660;305
660;658;222
660;659;305
660;663;230
661;657;429
661;663;102
662;663;136
663;660;230
663;661;102
663;662;136
663;665;143
663;666;134
664;665;186
665;663;143
665;664;186
665;668;251
666;663;134
667;671;169
668;665;251
668;669;123
668;670;343
669;668;123
669;671;216
670;668;343
670;672;279
670;674;196
671;667;169
671;669;216
672;670;279
673;674;196
673;675;187
673;676;126
674;670;196
674;673;196
675;673;187
676;673;126
676;678;166
677;681;281
678;676;166
678;680;136
679;682;367
680;678;136
680;684;253
681;677;281
681;684;234
682;679;367
682;684;391
683;684;388
684;680;253
684;681;234
684;682;391
684;683;388
684;685;267
685;684;267
685;686;343
686;685;343
686;687;258
687;686;258
687;689;175
688;689;357
688;690;158
688;692;167
689;687;175
689;688;357
690;688;158
690;691;413
691;690;413
692;688;167
692;696;228
693;697;465
694;695;229
694;697;260
695;694;229
695;698;206
695;699;106
696;692;228
696;698;177
697;693;465
697;694;260
698;695;206
698;696;177
699;695;106
699;701;331
699;703;337
700;701;251
701;699;331
701;700;251
702;706;110
703;699;337
703;706;337
704;706;198
705;708;208
705;709;255
706;702;110
706;703;337
706;704;198
706;708;251
707;711;229
708;705;208
708;706;251
709;705;255
709;711;247
710;711;169
711;707;229
711;709;247
711;710;169
711;713;342
712;713;131
713;711;342
713;712;131
713;714;265
714;713;265
714;718;269
715;716;165
716;715;165
716;718;292
716;720;279
717;719;226
717;720;324
718;714;269
718;716;292
719;717;226
719;721;358
719;722;296
720;716;279
720;717;324
721;719;358
722;719;296
722;723;308
722;725;263
722;726;189
723;722;308
724;725;176
724;728;266
725;722;263
725;724;176
726;722;189
726;730;164
727;728;329
727;729;393
727;731;364
728;724;266
728;727;329
729;727;393
730;726;164
731;727;364
731;734;103
732;733;175
732;735;123
732;736;238
733;732;175
734;731;103
734;736;119
734;737;101
735;732;123
736;732;238
736;734;119
737;734;101
737;740;395
738;739;261
738;740;118
739;738;261
740;737;395
740;738;118
740;742;109
741;742;199
741;743;156
741;745;161
742;740;109
742;741;199
743;741;156
744;745;198
744;746;152
744;748;108
745;741;161
745;744;198
746;744;152
746;749;332
747;748;122
747;751;213
748;744;108
748;747;122
748;750;128
749;746;332
749;752;371
749;753;174
750;748;128
751;747;213
751;755;152
752;749;371
752;754;462
753;749;174
754;752;462
755;751;152
755;759;173
756;758;269
756;759;338
757;760;372
757;761;227
758;756;269
758;761;310
759;755;173
759;756;338
760;757;372
760;762;337
761;757;227
761;758;310
762;760;337
762;763;365
762;765;351
763;762;365
763;766;466
764;767;108
765;762;351
765;769;407
766;763;466
767;764;108
767;769;188
767;771;283
768;770;274
769;765;407
769;767;188
770;768;274
770;773;307
771;767;283
771;772;195
771;773;257
772;771;195
772;776;203
773;770;307
773;771;257
774;776;252
775;776;316
775;778;135
776;772;203
776;774;252
776;775;316
776;779;356
776;780;182
777;780;263
778;775;135
779;776;356
780;776;182
780;777;263
780;782;115
780;784;261
781;783;375
781;785;114
782;780;115
783;781;375
784;780;261
784;785;125
785;781;114
785;784;125
785;789;112
786;790;130
787;789;127
788;792;112
789;785;112
789;787;127
789;791;101
789;793;218
790;786;130
790;792;166
791;789;101
791;792;119
791;795;155
792;788;112
792;790;166
792;791;119
792;796;122
793;789;218
793;797;398
794;796;142
795;791;155
796;792;122
796;794;142
796;800;147
797;793;398
798;799;141
798;800;141
798;801;271
799;798;141
800;796;147
800;798;141
800;804;192
801;798;271
801;802;180
802;801;180
802;803;219
803;802;219
804;800;192
804;805;156
805;804;156
805;806;112
805;808;214
806;805;112
806;810;149
807;810;126
808;805;214
808;809;212
809;808;212
810;806;149
810;807;126
810;814;117
811;813;302
811;814;178
812;813;169
812;816;234
813;811;302
813;812;169
814;810;117
814;811;178
814;817;135
815;818;137
816;812;234
816;820;181
817;814;135
818;815;137
818;821;114
819;820;144
819;821;101
820;816;181
820;819;144
821;818;114
821;819;101
821;823;320
821;824;247
822;824;154
823;821;320
824;821;247
824;822;154
824;828;234
825;826;225
826;825;225
826;830;234
827;828;229
828;824;234
828;827;229
828;831;266
829;830;158
829;831;224
830;826;234
830;829;158
831;828;266
831;829;224
831;833;232
831;835;203
832;833;193
833;831;232
833;832;193
834;837;240
835;831;203
835;837;138
836;839;309
837;834;240
837;835;138
837;838;216
837;841;142
838;837;216
839;836;309
839;840;292
840;839;292
840;841;131
840;842;157
840;844;163
841;837;142
841;840;131
841;843;119
842;840;157
842;846;502
843;841;119
844;840;163
844;847;449
845;849;115
846;842;502
846;848;207
846;849;242
847;844;449
848;846;207
848;850;160
849;845;115
849;846;242
850;848;160
850;851;147
850;853;129
850;854;219
851;850;147
852;856;282
853;850;129
853;857;284
854;850;219
855;856;158
855;858;246
855;859;162
856;852;282
856;855;158
857;853;284
857;861;244
858;855;246
859;855;162
859;863;190
860;861;283
861;857;244
861;860;283
861;862;170
861;863;245
862;861;170
862;865;327
863;859;190
863;861;245
864;867;216
865;862;327
865;868;144
866;867;530
867;864;216
867;866;530
867;870;215
868;865;144
868;870;255
869;870;379
870;867;215
870;868;255
870;869;379
870;874;337
871;873;198
871;874;184
872;874;410
873;871;198
873;875;264
873;877;197
874;870;337
874;871;184
874;872;410
874;878;168
875;873;264
876;878;175
877;873;197
877;879;247
878;874;168
878;876;175
878;881;330
879;877;247
879;882;581
879;883;193
880;881;444
881;878;330
881;880;444
881;884;325
882;879;581
883;879;193
883;886;283
884;881;325
885;889;527
886;883;283
886;890;297
887;889;167
888;892;198
889;885;527
889;887;167
889;890;285
890;886;297
890;889;285
890;892;120
891;894;269
892;888;198
892;890;120
892;893;264
893;892;264
893;896;102
893;897;257
894;891;269
894;897;122
895;899;151
896;893;102
896;898;267
897;893;257
897;894;122
898;896;267
898;900;270
899;895;151
899;901;184
900;898;270
900;904;192
901;899;184
901;904;133
902;905;109
903;907;161
904;900;192
904;901;133
904;905;192
904;907;125
905;902;109
905;904;192
905;908;145
905;909;220
906;910;288
907;903;161
907;904;125
908;905;145
908;910;109
909;905;220
909;913;146
910;906;288
910;908;109
911;915;191
912;913;244
913;909;146
913;912;244
913;915;136
913;917;181
914;916;304
915;911;191
915;913;136
915;916;164
916;914;304
916;915;164
917;913;181
917;919;201
918;919;125
919;917;201
919;918;125
919;922;337
920;923;243
921;924;194
922;919;337
922;926;390
923;920;243
923;925;134
923;926;134
923;927;172
924;921;194
924;927;174
925;923;134
926;922;390
926;923;134
926;928;158
926;929;262
927;923;172
927;924;174
927;931;172
928;926;158
929;926;262
929;930;206
930;929;206
931;927;172
931;932;193
931;934;107
932;931;193
932;933;143
933;932;143
934;931;107
934;935;132
934;936;257
935;934;132
935;937;116
935;938;213
936;934;257
936;940;163
937;935;116
937;939;256
938;935;213
939;937;256
939;942;288
940;936;163
941;942;306
941;943;394
942;939;288
942;941;306
943;941;394
943;946;268
944;948;191
945;946;407
946;943;268
946;945;407
946;947;122
947;946;122
947;948;125
947;951;304
948;944;191
948;947;125
949;950;486
950;949;486
950;951;293
951;947;304
951;950;293
951;952;376
952;951;376
952;954;311
953;956;166
954;952;311
954;957;284
955;956;219
955;959;189
956;953;166
956;955;219
956;957;335
956;960;374
957;954;284
957;956;335
958;962;237
959;955;189
959;962;115
960;956;374
960;961;211
961;960;211
962;958;237
962;959;115
962;963;148
962;964;278
963;962;148
964;962;278
964;965;197
965;964;197
965;969;113
966;970;428
967;968;179
967;970;162
967;971;158
968;967;179
968;969;173
969;965;113
969;968;173
969;973;132
970;966;428
970;967;162
971;967;158
971;974;275
972;974;382
973;969;132
973;975;183
974;971;275
974;972;382
975;973;183
975;976;163
976;975;163
976;980;374
977;979;390
977;980;299
978;982;117
979;977;390
979;981;105
980;976;374
980;977;299
980;982;265
981;979;105
982;978;117
982;980;265
982;985;217
983;984;172
984;983;172
984;988;282
985;982;217
985;987;315
985;989;235
986;988;113
986;990;126
987;985;315
988;984;282
988;986;113
988;989;120
988;991;162
989;985;235
989;988;120
990;986;126
991;988;162
991;992;511
991;995;318
992;991;511
993;995;126
994;997;235
995;991;318
995;993;126
995;998;338
996;997;116
997;994;235
997;996;116
997;999;178
997;1000;280
998;995;338
998;999;205
998;1002;194
999;997;178
999;998;205
1000;997;280
1000;1001;333
1001;1000;333
1001;1004;241
1002;998;194
1002;1005;482
1003;1006;331
1003;1007;121
1004;1001;241
1004;1008;286
1005;1002;482
1006;1003;331
1007;1003;121
1007;1008;231
1008;1004;286
1008;1007;231
1008;1009;176
1008;1011;393
1009;1008;176
1009;1013;289
1010;1012;212
1011;1008;393
1011;1015;304
1012;1010;212
1012;1013;169
1013;1009;289
1013;1012;169
1014;1016;201
1015;1011;304
1015;1018;265
1016;1014;201
1016;1019;246
1017;1018;173
1018;1015;265
1018;1017;173
1018;1019;208
1018;1022;213
1019;1016;246
1019;1018;208
1019;1020;253
1019;1021;176
1019;1023;255
1020;1019;253
1021;1019;176
1022;1018;213
1022;1025;237
1022;1026;173
1023;1019;255
1024;1026;127
1024;1027;226
1025;1022;237
1026;1022;173
1026;1024;127
1026;1030;180
1027;1024;226
1027;1029;282
1028;1029;214
1029;1027;282
1029;1028;214
1029;1031;254
1030;1026;180
1031;1029;254
1031;1032;100
1032;1031;100
1032;1033;201
1033;1032;201
1033;1035;172
1033;1037;231
1034;1037;106
1034;1038;270
1035;1033;172
1035;1036;134
1036;1035;134
1036;1039;125
1037;1033;231
1037;1034;106
1038;1034;270
1039;1036;125
1039;1040;122
1040;1039;122
1040;1041;138
1041;1040;138
1041;1043;545
1042;1044;290
1042;1046;192
1043;1041;545
1043;1046;243
1044;1042;290
1044;1045;390
1045;1044;390
1045;1048;125
1046;1042;192
1046;1043;243
1047;1048;114
1048;1045;125
1048;1047;114
1048;1050;113
1048;1051;100
1049;1051;264
1049;1053;123
1050;1048;113
1051;1048;100
1051;1049;264
1051;1054;230
1052;1053;316
1052;1055;368
1053;1049;123
1053;1052;316
1054;1051;230
1055;1052;368
1055;1056;171
1055;1059;392
1056;1055;171
1056;1058;319
1057;1061;264
1058;1056;319
1058;1060;108
1059;1055;392
1060;1058;108
1060;1063;161
1061;1057;264
1061;1063;248
1061;1065;339
1062;1063;212
1062;1066;261
1063;1060;161
1063;1061;248
1063;1062;212
1064;1067;297
1065;1061;339
1065;1067;127
1065;1068;270
1065;1069;220
1066;1062;261
1067;1064;297
1067;1065;127
1067;1070;471
1068;1065;270
1068;1072;266
1069;1065;220
1069;1071;312
1069;1073;327
1070;1067;471
1071;1069;312
1071;1074;378
1072;1068;266
1073;1069;327
1073;1076;229
1074;1071;378
1074;1075;221
1074;1078;301
1075;1074;221
1076;1073;229
1076;1079;405
1077;1080;547
1078;1074;301
1078;1081;172
1079;1076;405
1079;1083;109
1080;1077;547
1080;1081;141
1080;1084;101
1081;1078;172
1081;1080;141
1081;1082;198
1082;1081;198
1082;1086;232
1083;1079;109
1084;1080;101
1085;1086;260
1086;1082;232
1086;1085;260
1086;1088;159
1086;1089;194
1087;1089;122
1088;1086;159
1088;1091;170
1089;1086;194
1089;1087;122
1089;1090;179
1090;1089;179
1091;1088;170
1091;1092;197
1091;1094;325
1092;1091;197
1093;1095;386
1094;1091;325
1094;1097;121
1095;1093;386
1095;1098;374
1096;1097;244
1097;1094;121
1097;1096;244
1097;1098;123
1098;1095;374
1098;1097;123
1098;1100;102
1098;1101;261
1099;1101;143
1100;1098;102
1101;1098;261
1101;1099;143
1101;1104;183
1101;1105;116
1102;1103;123
1103;1102;123
1103;1104;130
1104;1101;183
1104;1103;130
1104;1106;162
1105;1101;116
1105;1108;404
1105;1109;292
1106;1104;162
1106;1107;387
1107;1106;387
1108;1105;404
1108;1111;356
1109;1105;292
1110;1112;143
1110;1114;158
1111;1108;356
1111;1114;194
1112;1110;143
1113;1117;262
1114;1110;158
1114;1111;194
1114;1115;237
1114;1116;114
1114;1118;354
1115;1114;237
1115;1119;198
1116;1114;114
1116;1117;173
1117;1113;262
1117;1116;173
1118;1114;354
1118;1121;277
1118;1122;272
1119;1115;198
1120;1123;246
1120;1124;273
1121;1118;277
1121;1124;135
1122;1118;272
1123;1120;246
1123;1126;309
1124;1120;273
1124;1121;135
1124;1125;168
1125;1124;168
1125;1127;257
1125;1128;200
1125;1129;370
1126;1123;309
1126;1130;280
1127;1125;257
1127;1131;174
1128;1125;200
1129;1125;370
1130;1126;280
1131;1127;174
1131;1132;156
1131;1134;184
1132;1131;156
1133;1136;453
1134;1131;184
1134;1135;123
1134;1137;231
1135;1134;123
1135;1136;232
1136;1133;453
1136;1135;232
1137;1134;231
1137;1138;425
1137;1139;162
1137;1140;119
1137;1141;130
1138;1137;425
1139;1137;162
1140;1137;119
1140;1143;209
1141;1137;130
1141;1142;104
1142;1141;104
1142;1145;252
1143;1140;209
1144;1148;167
1145;1142;252
1145;1149;339
1146;1148;186
1147;1149;153
1148;1144;167
1148;1146;186
1148;1149;258
1149;1145;339
1149;1147;153
1149;1148;258
1149;1151;240
1150;1152;209
1151;1149;240
1151;1152;187
1151;1154;196
1151;1155;102
1152;1150;209
1152;1151;187
1152;1156;126
1153;1155;100
1154;1151;196
1154;1157;156
1155;1151;102
1155;1153;100
1155;1159;107
1156;1152;126
1156;1160;173
1157;1154;156
1158;1159;120
1158;1161;228
1159;1155;107
1159;1158;120
1160;1156;173
1161;1158;228
1161;1165;146
1162;1163;154
1163;1162;154
1163;1165;205
1163;1166;167
1164;1167;117
1165;1161;146
1165;1163;205
1165;1168;155
1166;1163;167
1167;1164;117
1167;1171;359
1168;1165;155
1168;1169;153
1168;1170;142
1168;1172;356
1169;1168;153
1170;1168;142
1170;1173;108
1171;1167;359
1171;1172;379
1172;1168;356
1172;1171;379
1172;1174;240
1173;1170;108
1174;1172;240
1174;1177;181
1175;1178;132
1176;1177;369
1177;1174;181
1177;1176;369
1177;1181;204
1178;1175;132
1178;1181;316
1179;1182;319
1180;1181;306
1181;1177;204
1181;1178;316
1181;1180;306
1181;1182;113
1181;1183;147
1181;1184;275
1181;1185;127
1182;1179;319
1182;1181;113
1183;1181;147
1183;1186;240
1183;1187;469
1184;1181;275
1184;1188;127
1185;1181;127
1186;1183;240
1187;1183;469
1187;1191;470
1188;1184;127
1189;1190;353
1189;1193;196
1190;1189;353
1190;1194;425
1191;1187;470
1191;1195;395
1192;1195;406
1193;1189;196
1193;1197;462
1194;1190;425
1194;1196;249
1194;1198;335
1195;1191;395
1195;1192;406
1195;1196;182
1195;1199;355
1196;1194;249
1196;1195;182
1197;1193;462
1198;1194;335
1198;1201;200
1199;1195;355
1199;1200;349
1200;1199;349
1200;1202;116
1200;1204;115
1201;1198;200
1202;1200;116
1203;1207;197
1204;1200;115
1204;1205;404
1205;1204;404
1205;1209;284
1206;1209;455
1207;1203;197
1207;1209;208
1208;1210;210
1209;1205;284
1209;1206;455
1209;1207;208
1209;1213;341
1210;1208;210
1210;1211;103
1210;1212;175
1211;1210;103
1211;1213;242
1212;1210;175
1213;1209;341
1213;1211;242
1213;1214;159
1213;1215;375
1213;1216;269
1213;1217;195
1214;1213;159
1215;1213;375
1216;1213;269
1216;1219;166
1217;1213;195
1217;1221;198
1218;1221;358
1219;1216;166
1219;1222;266
1220;1223;188
1221;1217;198
1221;1218;358
1222;1219;266
1222;1225;100
1223;1220;188
1223;1224;125
1223;1226;145
1224;1223;125
1224;1227;258
1224;1228;121
1225;1222;100
1225;1229;168
1226;1223;145
1226;1230;236
1227;1224;258
1228;1224;121
1228;1229;148
1229;1225;168
1229;1228;148
1230;1226;236
1230;1234;237
1231;1233;338
1232;1234;138
1232;1236;264
1233;1231;338
1233;1235;182
1234;1230;237
1234;1232;138
1235;1233;182
1235;1239;305
1236;1232;264
1236;1237;202
1237;1236;202
1237;1239;255
1238;1239;230
1239;1235;305
1239;1237;255
1239;1238;230
1239;1243;323
1240;1244;327
1241;1242;110
1242;1241;110
1242;1244;261
1242;1245;261
1243;1239;323
1243;1246;121
1244;1240;327
1244;1242;261
1245;1242;261
1245;1246;207
1246;1243;121
1246;1245;207
1246;1248;109
1246;1249;160
1246;1250;258
1247;1249;261
1248;1246;109
1249;1246;160
1249;1247;261
1249;1252;129
1250;1246;258
1250;1253;115
1251;1253;264
1252;1249;129
1252;1256;184
1253;1250;115
1253;1251;264
1253;1255;207
1254;1258;230
1255;1253;207
1255;1257;106
1256;1252;184
1256;1259;324
1256;1260;147
1257;1255;106
1257;1261;238
1258;1254;230
1258;1260;184
1259;1256;324
1259;1262;226
1260;1256;147
1260;1258;184
1261;1257;238
1261;1265;427
1262;1259;226
1263;1265;262
1263;1267;199
1264;1265;507
1265;1261;427
1265;1263;262
1265;1264;507
1266;1267;244
1266;1268;166
1266;1270;359
1267;1263;199
1267;1266;244
1268;1266;166
1269;1271;305
1269;1272;453
1269;1273;112
1270;1266;359
1270;1274;228
1271;1269;305
1272;1269;453
1273;1269;112
1273;1275;197
1273;1277;144
1274;1270;228
1274;1277;158
1275;1273;197
1276;1279;109
1277;1273;144
1277;1274;158
1277;1278;433
1277;1279;194
1278;1277;433
1279;1276;109
1279;1277;194
1279;1280;267
1280;1279;267
1280;1283;154
1281;1282;132
1281;1285;142
1282;1281;132
1283;1280;154
1283;1286;107
1284;1287;203
1285;1281;142
1285;1286;268
1286;1283;107
1286;1285;268
1286;1287;112
1286;1288;208
1287;1284;203
1287;1286;112
1287;1291;158
1288;1286;208
1289;1291;104
1290;1292;317
1291;1287;158
1291;1289;104
1291;1293;337
1292;1290;317
1292;1293;319
1292;1294;314
1293;1291;337
1293;1292;319
1293;1296;356
1294;1292;314
1295;1297;149
1296;1293;356
1296;1300;230
1297;1295;149
1297;1299;141
1298;1300;372
1299;1297;141
1299;1301;310
1299;1303;216
1300;1296;230
1300;1298;372
1300;1303;415
1300;1304;254
1301;1299;310
1301;1302;205
1301;1305;538
1302;1301;205
1302;1306;313
1303;1299;216
1303;1300;415
1304;1300;254
1305;1301;538
1306;1302;313
1306;1310;131
1307;1308;223
1307;1310;332
1308;1307;223
1309;1310;134
1310;1306;131
1310;1307;332
1310;1309;134
1310;1311;108
1310;1312;202
1311;1310;108
1311;1313;228
1312;1310;202
1312;1316;219
1313;1311;228
1313;1315;415
1314;1316;368
1314;1318;133
1315;1313;415
1315;1319;169
1316;1312;219
1316;1314;368
1316;1317;232
1317;1316;232
1318;1314;133
1318;1320;414
1319;1315;169
1319;1322;184
1319;1323;157
1320;1318;414
1321;1322;319
1322;1319;184
1322;1321;319
1322;1324;246
1323;1319;157
1324;1322;246
1324;1327;265
1324;1328;204
1325;1328;131
1325;1329;110
1326;1327;202
1327;1324;265
1327;1326;202
1327;1330;117
1328;1324;204
1328;1325;131
1329;1325;110
1329;1331;230
1330;1327;117
1330;1333;174
1331;1329;230
1331;1335;224
1332;1335;124
1333;1330;174
1334;1337;271
1335;1331;224
1335;1332;124
1335;1338;136
1336;1337;220
1337;1334;271
1337;1336;220
1337;1341;384
1338;1335;136
1338;1339;229
1338;1340;231
1339;1338;229
1340;1338;231
1340;1341;148
1340;1342;421
1341;1337;384
1341;1340;148
1342;1340;421
1342;1345;106
1343;1345;125
1344;1346;237
1344;1347;142
1345;1342;106
1345;1343;125
1345;1349;271
1346;1344;237
1346;1349;118
1347;1344;142
1347;1348;297
1347;1351;467
1348;1347;297
1349;1345;271
1349;1346;118
1350;1352;135
1351;1347;467
1351;1353;180
1351;1355;411
1352;1350;135
1352;1353;211
1352;1354;123
1352;1356;313
1353;1351;180
1353;1352;211
1354;1352;123
1355;1351;411
1356;1352;313
1356;1360;289
1357;1361;103
1358;1359;521
1358;1362;499
1359;1358;521
1360;1356;289
1360;1361;264
1361;1357;103
1361;1360;264
1361;1363;199
1362;1358;499
1362;1364;326
1362;1366;292
1363;1361;199
1363;1364;236
1364;1362;326
1364;1363;236
1365;1368;217
1366;1362;292
1366;1367;214
1367;1366;214
1367;1369;356
1368;1365;217
1368;1371;333
1369;1367;356
1369;1372;191
1370;1371;236
1371;1368;333
1371;1370;236
1371;1373;164
1371;1374;121
1371;1375;322
1372;1369;191
1372;1373;325
1373;1371;164
1373;1372;325
1373;1376;127
1374;1371;121
1375;1371;322
1376;1373;127
1376;1380;205
1377;1379;214
1377;1381;154
1378;1380;161
1378;1381;144
1379;1377;214
1380;1376;205
1380;1378;161
1381;1377;154
1381;1378;144
1381;1382;178
1381;1385;109
1382;1381;178
1383;1385;138
1384;1386;239
1384;1387;510
1385;1381;109
1385;1383;138
1385;1388;257
1385;1389;291
1386;1384;239
1386;1389;312
1387;1384;510
1388;1385;257
1389;1385;291
1389;1386;312
1389;1391;142
1390;1394;286
1391;1389;142
1391;1392;164
1391;1394;179
1392;1391;164
1393;1394;176
1393;1395;161
1394;1390;286
1394;1391;179
1394;1393;176
1394;1397;127
1395;1393;161
1396;1398;479
1396;1399;516
1397;1394;127
1397;1399;267
1397;1400;311
1398;1396;479
1399;1396;516
1399;1397;267
1399;1402;264
1400;1397;311
1400;1401;256
1400;1403;193
1401;1400;256
1402;1399;264
1403;1400;193
1403;1405;330
1404;1406;263
1404;1408;379
1405;1403;330
1405;1406;293
1406;1404;263
1406;1405;293
1406;1410;324
1407;1410;125
1408;1404;379
1409;1413;232
1410;1406;324
1410;1407;125
1410;1411;120
1410;1413;115
1411;1410;120
1412;1415;243
1413;1409;232
1413;1410;115
1413;1414;105
1414;1413;105
1414;1416;199
1415;1412;243
1415;1418;338
1415;1419;314
1416;1414;199
1416;1420;254
1417;1419;142
1417;1421;438
1418;1415;338
1419;1415;314
1419;1417;142
1419;1422;309
1420;1416;254
1420;1422;229
1421;1417;438
1422;1419;309
1422;1420;229
1422;1423;102
1422;1425;149
1423;1422;102
1423;1427;269
1424;1426;113
1425;1422;149
1425;1426;245
1425;1428;216
1426;1424;113
1426;1425;245
1427;1423;269
1428;1425;216
1428;1431;125
1429;1433;102
1430;1433;234
1431;1428;125
1431;1433;264
1431;1434;138
1432;1433;132
1432;1436;152
1433;1429;102
1433;1430;234
1433;1431;264
1433;1432;132
1434;1431;138
1435;1438;217
1436;1432;152
1436;1438;125
1437;1439;129
1438;1435;217
1438;1436;125
1438;1439;111
1439;1437;129
1439;1438;111
1439;1443;149
1440;1441;292
1441;1440;292
1441;1442;114
1441;1445;129
1442;1441;114
1442;1443;156
1442;1446;160
1443;1439;149
1443;1442;156
1444;1447;142
1444;1448;250
1445;1441;129
1446;1442;160
1446;1448;158
1446;1449;206
1447;1444;142
1448;1444;250
1448;1446;158
1448;1450;298
1449;1446;206
1449;1453;315
1450;1448;298
1451;1454;137
1452;1455;233
1453;1449;315
1453;1455;183
1454;1451;137
1454;1455;217
1455;1452;233
1455;1453;183
1455;1454;217
1455;1457;119
1456;1457;265
1457;1455;119
1457;1456;265
1457;1458;120
1457;1459;117
1458;1457;120
1458;1461;293
1458;1462;238
1459;1457;117
1459;1460;248
1460;1459;248
1461;1458;293
1462;1458;238
1462;1463;228
1462;1464;241
1463;1462;228
1463;1466;121
1464;1462;241
1464;1468;103
1465;1468;431
1466;1463;121
1467;1469;215
1468;1464;103
1468;1465;431
1468;1471;109
1469;1467;215
1469;1470;401
1469;1471;169
1470;1469;401
1471;1468;109
1471;1469;169
1471;1475;424
1472;1474;487
1473;1475;356
1474;1472;487
1474;1478;303
1475;1471;424
1475;1473;356
1475;1478;244
1476;1477;218
1476;1479;436
1477;1476;218
1477;1480;380
1478;1474;303
1478;1475;244
1478;1479;236
1478;1481;275
1479;1476;436
1479;1478;236
1480;1477;380
1480;1484;276
1481;1478;275
1482;1483;174
1482;1484;148
1483;1482;174
1484;1480;276
1484;1482;148
1484;1486;134
1485;1486;149
1486;1484;134
1486;1485;149
1486;1487;208
1487;1486;208
1487;1489;269
1487;1491;121
1488;1489;216
1489;1487;269
1489;1488;216
1489;1490;231
1490;1489;231
1490;1493;415
1491;1487;121
1492;1493;304
1493;1490;415
1493;1492;304
1493;1494;126
1493;1495;110
1494;1493;126
1495;1493;110
1495;1497;110
1495;1498;104
1496;1498;201
1496;1499;330
1497;1495;110
1498;1495;104
1498;1496;201
1498;1501;254
1499;1496;330
1500;1501;180
1500;1502;322
1501;1498;254
1501;1500;180
1501;1505;246
1502;1500;322
1503;1504;215
1504;1503;215
1504;1507;214
1505;1501;246
1505;1506;205
1505;1509;120
1506;1505;205
1507;1504;214
1507;1510;334
1507;1511;170
1508;1512;183
1509;1505;120
1509;1513;267
1510;1507;334
1511;1507;170
1511;1513;257
1511;1514;428
1512;1508;183
1512;1514;390
1513;1509;267
1513;1511;257
1514;1511;428
1514;1512;390
1514;1516;237
1515;1519;207
1516;1514;237
1516;1519;250
1516;1520;231
1517;1519;165
1518;1520;184
1518;1521;179
1519;1515;207
1519;1516;250
1519;1517;165
1519;1523;209
1520;1516;231
1520;1518;184
1520;1522;190
1521;1518;179
1522;1520;190
1522;1525;287
1523;1519;209
1524;1525;306
1524;1527;395
1525;1522;287
1525;1524;306
1525;1529;235
1526;1527;513
1526;1528;163
1527;1524;395
1527;1526;513
1528;1526;163
1528;1531;160
1529;1525;235
1529;1530;115
1530;1529;115
1531;1528;160
1531;1535;496
1532;1535;658
1533;1537;443
1534;1535;616
1534;1538;153
1535;1531;496
1535;1532;658
1535;1534;616
1536;1538;140
1536;1539;136
1536;1540;198
1537;1533;443
1537;1539;112
1538;1534;153
1538;1536;140
1539;1536;136
1539;1537;112
1539;1543;117
1540;1536;198
1540;1541;185
1540;1542;134
1540;1544;215
1541;1540;185
1542;1540;134
1543;1539;117
1544;1540;215
1544;1546;131
1545;1547;150
1545;1549;128
1546;1544;131
1546;1547;230
1547;1545;150
1547;1546;230
1547;1550;223
1548;1551;168
1549;1545;128
1549;1551;109
1549;1553;204
1550;1547;223
1551;1548;168
1551;1549;109
1552;1555;420
1553;1549;204
1553;1554;327
1553;1555;230
1554;1553;327
1555;1552;420
1555;1553;230
1555;1556;281
1555;1558;292
1555;1559;118
1556;1555;281
1557;1559;157
1558;1555;292
1558;1561;102
1559;1555;118
1559;1557;157
1560;1564;338
1561;1558;102
1561;1564;287
1562;1563;227
1562;1566;160
1563;1562;227
1563;1564;283
1564;1560;338
1564;1561;287
1564;1563;283
1565;1569;404
1566;1562;160
1566;1570;133
1567;1570;141
1567;1571;254
1568;1571;317
1569;1565;404
1569;1572;350
1570;1566;133
1570;1567;141
1571;1567;254
1571;1568;317
1571;1573;222
1571;1575;401
1572;1569;350
1572;1575;199
1573;1571;222
1574;1577;323
1575;1571;401
1575;1572;199
1575;1576;131
1576;1575;131
1576;1577;328
1576;1578;117
1576;1580;445
1577;1574;323
1577;1576;328
1578;1576;117
1578;1582;294
1579;1582;105
1580;1576;445
1581;1583;348
1581;1584;158
1582;1578;294
1582;1579;105
1582;1586;184
1583;1581;348
1583;1586;182
1584;1581;158
1585;1586;196
1585;1588;213
1586;1582;184
1586;1583;182
1586;1585;196
1587;1590;333
