0;1;280
1;0;280
1;2;458
2;1;458
2;3;175
2;5;171
3;2;175
4;5;158
4;7;268
5;2;171
5;4;158
5;6;468
5;9;100
6;5;468
7;4;268
8;12;206
9;5;100
9;13;189
10;14;121
11;12;242
11;14;123
11;15;201
12;8;206
12;11;242
13;9;189
13;16;257
14;10;121
14;11;123
14;17;122
15;11;201
15;16;123
16;13;257
16;15;123
16;18;194
16;20;110
17;14;122
17;21;281
18;16;194
19;21;113
20;16;110
20;22;463
20;24;337
21;17;281
21;19;113
22;20;463
23;27;340
24;20;337
24;26;182
25;29;199
26;24;182
26;27;199
26;29;245
27;23;340
27;26;199
27;28;123
27;31;251
28;27;123
29;25;199
29;26;245
29;33;310
30;31;231
30;32;220
31;27;251
31;30;231
32;30;220
32;36;106
33;29;310
33;35;104
34;36;163
35;33;104
35;37;341
35;38;276
36;32;106
36;34;163
37;35;341
38;35;276
38;40;122
39;40;218
39;41;183
40;38;122
40;39;218
40;42;230
41;39;183
41;43;196
42;40;230
43;41;196
43;47;242
44;46;206
45;48;308
46;44;206
46;47;189
46;49;122
47;43;242
47;46;189
47;48;131
48;45;308
48;47;131
49;46;122
49;50;206
49;53;260
50;49;206
50;52;386
51;53;173
51;54;194
52;50;386
53;49;260
53;51;173
53;56;202
54;51;194
55;56;208
55;58;114
56;53;202
56;55;208
57;58;233
57;59;189
57;60;175
57;61;207
58;55;114
58;57;233
59;57;189
59;62;228
60;57;175
61;57;207
62;59;228
62;66;242
63;66;491
63;67;108
64;65;583
64;67;552
65;64;583
66;62;242
66;63;491
67;63;108
67;64;552
67;71;263
68;69;158
68;70;198
69;68;158
69;71;229
69;72;119
69;73;410
70;68;198
71;67;263
71;69;229
71;74;196
72;69;119
73;69;410
74;71;196
74;75;220
75;74;220
75;78;234
76;79;141
77;78;126
78;75;234
78;77;126
78;79;255
78;81;357
79;76;141
79;78;255
79;82;197
79;83;282
80;81;160
81;78;357
81;80;160
82;79;197
82;85;411
83;79;282
84;86;286
85;82;411
85;86;326
86;84;286
86;85;326
86;87;360
87;86;360
87;89;173
88;91;279
89;87;173
89;90;109
89;91;146
89;93;356
90;89;109
91;88;279
91;89;146
92;95;359
92;96;142
93;89;356
93;94;117
93;96;228
94;93;117
95;92;359
95;97;186
96;92;142
96;93;228
97;95;186
97;100;370
98;102;257
99;101;179
99;103;317
100;97;370
100;104;264
101;99;179
102;98;257
102;105;268
103;99;317
103;104;104
103;105;151
104;100;264
104;103;104
104;107;167
105;102;268
105;103;151
105;109;329
106;108;259
106;110;299
107;104;167
107;110;247
108;106;259
109;105;329
110;106;299
110;107;247
110;112;264
110;114;226
111;113;280
112;110;264
112;115;251
113;111;280
113;117;173
114;110;226
115;112;251
115;118;240
116;118;177
116;119;184
117;113;173
117;118;141
118;115;240
118;116;177
118;117;141
118;120;259
118;122;360
119;116;184
120;118;259
120;121;309
120;124;224
121;120;309
122;118;360
123;127;268
124;120;224
124;126;180
125;129;357
126;124;180
126;128;131
127;123;268
127;128;164
128;126;131
128;127;164
128;129;240
129;125;357
129;128;240
129;132;135
130;131;388
130;134;237
131;130;388
131;133;172
132;129;135
132;134;113
133;131;172
134;130;237
134;132;113
134;137;276
135;136;137
136;135;137
136;139;231
136;140;149
137;134;276
137;141;272
138;140;288
138;142;283
139;136;231
140;136;149
140;138;288
141;137;272
141;143;211
141;144;256
142;138;283
142;143;150
143;141;211
143;142;150
143;145;133
143;146;114
144;141;256
145;143;133
146;143;114
146;147;195
146;148;287
146;150;138
147;146;195
147;149;284
148;146;287
149;147;284
149;151;161
150;146;138
150;152;104
151;149;161
151;155;234
152;150;104
152;153;241
153;152;241
154;155;297
154;157;164
155;151;234
155;154;297
156;157;233
156;158;143
156;160;400
157;154;164
157;156;233
158;156;143
159;160;294
160;156;400
160;159;294
160;161;158
160;164;168
161;160;158
161;162;305
162;161;305
163;164;223
164;160;168
164;163;223
164;166;167
165;168;110
166;164;167
166;167;150
166;169;158
166;170;185
167;166;150
167;171;177
168;165;110
168;169;198
169;166;158
169;168;198
170;166;185
170;173;411
170;174;286
171;167;177
172;176;112
173;170;411
174;170;286
174;175;307
174;177;206
175;174;307
176;172;112
176;178;157
176;179;297
177;174;206
177;178;118
178;176;157
178;177;118
178;180;364
178;182;301
179;176;297
179;181;144
180;178;364
181;179;144
181;185;269
182;178;301
182;183;199
183;182;199
184;185;142
184;186;227
184;187;110
185;181;269
185;184;142
186;184;227
187;184;110
187;188;146
187;191;327
188;187;146
188;189;300
188;192;309
189;188;300
189;190;253
190;189;253
190;194;377
191;187;327
192;188;309
193;194;270
194;190;377
194;193;270
194;197;132
195;197;481
196;200;299
197;194;132
197;195;481
197;198;263
198;197;263
198;199;217
198;202;125
199;198;217
200;196;299
200;201;361
201;200;361
201;202;322
201;203;116
202;198;125
202;201;322
203;201;116
203;204;282
203;205;102
204;203;282
205;203;102
205;206;260
206;205;260
206;210;184
207;210;204
208;210;224
209;211;411
209;213;182
210;206;184
210;207;204
210;208;224
210;213;129
211;209;411
212;213;316
213;209;182
213;210;129
213;212;316
213;216;441
214;217;164
214;218;316
215;216;474
216;213;441
216;215;474
216;217;156
217;214;164
217;216;156
217;219;219
218;214;316
219;217;219
219;223;145
220;221;261
221;220;261
221;222;283
222;221;283
222;223;191
223;219;145
223;222;191
223;225;139
224;226;111
225;223;139
225;229;260
226;224;111
226;227;265
227;226;265
227;228;246
227;230;160
228;227;246
229;225;260
229;231;263
230;227;160
230;231;277
231;229;263
231;230;277
231;232;200
231;234;232
232;231;200
233;236;409
234;231;232
234;237;131
235;237;332
235;239;146
236;233;409
236;240;275
237;234;131
237;235;332
237;238;397
238;237;397
238;240;110
238;241;384
239;235;146
239;242;243
239;243;283
240;236;275
240;238;110
241;238;384
241;244;361
241;245;426
242;239;243
243;239;283
243;246;304
244;241;361
244;248;280
245;241;426
246;243;304
246;250;357
247;250;216
248;244;280
248;249;229
248;252;244
249;248;229
250;246;357
250;247;216
251;252;177
252;248;244
252;251;177
252;255;362
253;254;126
253;255;234
254;253;126
254;258;332
255;252;362
255;253;234
255;256;170
255;257;190
256;255;170
257;255;190
258;254;332
258;260;450
258;262;178
259;260;311
260;258;450
260;259;311
260;264;344
261;262;192
262;258;178
262;261;192
263;267;165
264;260;344
264;267;143
265;269;102
266;268;199
267;263;165
267;264;143
267;269;174
268;266;199
268;269;145
268;271;171
269;265;102
269;267;174
269;268;145
269;270;434
269;272;464
269;273;344
270;269;434
271;268;171
272;269;464
272;274;185
273;269;344
274;272;185
274;276;229
274;277;230
275;276;380
276;274;229
276;275;380
277;274;230
277;281;156
278;280;296
279;281;178
280;278;296
280;281;141
281;277;156
281;279;178
281;280;141
281;282;163
282;281;163
282;283;231
282;284;148
282;285;187
283;282;231
284;282;148
285;282;187
285;286;151
286;285;151
286;287;208
286;290;332
287;286;208
287;288;192
287;289;290
287;291;278
288;287;192
289;287;290
290;286;332
291;287;278
291;295;168
292;293;339
293;292;339
293;295;295
294;298;121
295;291;168
295;293;295
295;299;355
296;298;295
297;298;109
298;294;121
298;296;295
298;297;109
298;301;225
299;295;355
299;302;284
300;301;301
301;298;225
301;300;301
301;303;193
301;304;220
302;299;284
302;304;200
303;301;193
303;307;176
304;301;220
304;302;200
304;305;149
305;304;149
305;306;227
306;305;227
307;303;176
307;310;191
308;310;276
309;311;174
310;307;191
310;308;276
310;311;240
310;312;109
311;309;174
311;310;240
311;313;123
312;310;109
312;316;214
313;311;123
313;314;179
313;315;150
314;313;179
315;313;150
316;312;214
316;319;147
316;320;169
317;321;184
318;322;212
319;316;147
320;316;169
320;322;137
320;324;120
321;317;184
321;322;186
322;318;212
322;320;137
322;321;186
322;323;481
322;325;132
323;322;481
324;320;120
324;326;107
324;328;293
325;322;132
325;327;218
326;324;107
327;325;218
327;330;220
327;331;141
328;324;293
328;332;150
329;332;144
330;327;220
330;333;262
331;327;141
331;334;374
332;328;150
332;329;144
333;330;262
333;337;100
334;331;374
335;336;421
336;335;421
336;340;159
337;333;100
337;339;145
338;340;220
339;337;145
339;340;135
340;336;159
340;338;220
340;339;135
340;341;149
340;344;299
341;340;149
341;345;292
342;343;118
342;346;208
343;342;118
344;340;299
344;346;204
345;341;292
346;342;208
346;344;204
346;349;186
347;351;169
348;351;353
349;346;186
349;353;226
350;351;287
351;347;169
351;348;353
351;350;287
351;352;128
351;355;141
352;351;128
353;349;226
353;356;192
354;355;233
354;356;158
355;351;141
355;354;233
355;357;202
356;353;192
356;354;158
357;355;202
357;358;210
358;357;210
358;359;246
358;361;206
359;358;246
359;360;324
359;362;182
360;359;324
361;358;206
361;365;326
362;359;182
363;365;177
364;366;124
365;361;326
365;363;177
365;367;201
366;364;124
366;367;111
367;365;201
367;366;111
367;370;182
368;369;154
368;370;137
369;368;154
370;367;182
370;368;137
370;371;140
371;370;140
371;372;164
372;371;164
372;374;254
373;376;304
374;372;254
374;376;110
375;377;152
376;373;304
376;374;110
376;377;356
377;375;152
377;376;356
377;380;127
377;381;114
378;379;189
379;378;189
379;382;303
380;377;127
380;383;147
381;377;114
381;382;236
381;384;129
382;379;303
382;381;236
382;385;463
383;380;147
383;387;266
384;381;129
385;382;463
386;387;223
387;383;266
387;386;223
387;388;501
387;389;213
388;387;501
388;391;186
388;392;429
389;387;213
390;394;118
391;388;186
391;394;263
392;388;429
393;394;285
393;396;167
394;390;118
394;391;263
394;393;285
394;397;120
395;396;260
395;398;273
396;393;167
396;395;260
396;399;137
397;394;120
397;400;166
398;395;273
398;402;119
399;396;137
400;397;166
401;403;377
402;398;119
402;403;347
402;405;273
403;401;377
403;402;347
404;408;246
405;402;273
405;406;119
406;405;119
406;410;134
407;408;253
407;411;192
408;404;246
408;407;253
409;410;170
409;411;242
409;412;234
410;406;134
410;409;170
410;413;183
411;407;192
411;409;242
411;415;448
412;409;234
412;416;458
413;410;183
414;416;132
414;418;103
415;411;448
416;412;458
416;414;132
417;419;109
417;420;268
418;414;103
418;419;171
419;417;109
419;418;171
419;422;267
420;417;268
421;422;127
421;425;348
422;419;267
422;421;127
422;424;100
423;427;207
424;422;100
424;426;124
424;427;118
425;421;348
426;424;124
426;429;224
427;423;207
427;424;118
428;429;248
428;430;187
429;426;224
429;428;248
429;433;151
430;428;187
431;433;179
432;433;550
433;429;151
433;431;179
433;432;550
433;436;425
433;437;385
434;437;251
435;437;249
436;433;425
437;433;385
437;434;251
437;435;249
437;438;255
437;439;176
438;437;255
439;437;176
439;440;411
439;442;360
440;439;411
440;441;273
440;443;282
441;440;273
442;439;360
443;440;282
443;447;122
444;447;163
444;448;212
445;448;353
446;448;291
447;443;122
447;444;163
447;450;319
448;444;212
448;445;353
448;446;291
449;451;116
450;447;319
450;454;286
451;449;116
451;453;275
451;455;129
452;456;225
453;451;275
453;456;232
454;450;286
454;455;206
455;451;129
455;454;206
455;459;267
456;452;225
456;453;232
456;457;163
457;456;163
458;459;267
458;461;188
459;455;267
459;458;267
459;462;438
460;463;114
461;458;188
461;464;296
461;465;153
462;459;438
463;460;114
463;465;116
463;466;129
464;461;296
465;461;153
465;463;116
466;463;129
466;468;100
467;468;116
468;466;100
468;467;116
468;469;109
469;468;109
469;470;149
469;471;298
469;472;137
469;473;199
470;469;149
471;469;298
472;469;137
473;469;199
473;475;318
473;476;279
474;476;330
475;473;318
476;473;279
476;474;330
476;478;465
477;479;575
478;476;465
478;480;443
479;477;575
479;480;264
480;478;443
480;479;264
480;482;312
480;483;346
481;485;461
482;480;312
483;480;346
483;484;151
483;487;146
484;483;151
484;488;205
485;481;461
485;486;188
485;487;282
486;485;188
487;483;146
487;485;282
487;489;255
488;484;205
488;490;360
489;487;255
490;488;360
490;493;167
491;493;336
492;495;576
493;490;167
493;491;336
493;495;149
493;497;312
494;495;147
495;492;576
495;493;149
495;494;147
495;496;223
495;498;310
496;495;223
497;493;312
497;501;193
498;495;310
499;502;102
499;503;197
500;502;242
501;497;193
501;505;225
502;499;102
502;500;242
502;504;134
503;499;197
503;506;414
504;502;134
504;507;107
505;501;225
505;507;104
505;509;356
506;503;414
507;504;107
507;505;104
507;510;197
508;512;183
509;505;356
510;507;197
510;514;135
511;514;333
512;508;183
512;513;139
512;516;193
513;512;139
513;514;133
514;510;135
514;511;333
514;513;133
515;517;284
516;512;193
516;520;281
517;515;284
517;518;242
518;517;242
518;522;184
519;522;460
520;516;281
520;522;208
521;523;291
522;518;184
522;519;460
522;520;208
522;524;322
523;521;291
523;527;195
524;522;322
524;526;176
524;527;308
525;528;198
526;524;176
526;530;405
527;523;195
527;524;308
527;528;317
528;525;198
528;527;317
529;531;367
529;532;181
530;526;405
530;531;206
531;529;367
531;530;206
531;534;155
532;529;181
533;534;229
534;531;155
534;533;229
534;536;281
535;539;298
536;534;281
536;538;295
537;538;138
537;540;185
538;536;295
538;537;138
538;541;249
539;535;298
539;540;299
539;542;217
540;537;185
540;539;299
541;538;249
541;544;187
541;545;260
542;539;217
543;547;323
544;541;187
545;541;260
545;546;112
545;547;212
546;545;112
546;549;529
547;543;323
547;545;212
547;548;109
548;547;109
548;550;413
549;546;529
549;551;312
550;548;413
551;549;312
551;553;189
552;556;283
553;551;189
553;554;164
553;557;105
554;553;164
555;556;168
555;559;137
556;552;283
556;555;168
556;557;173
557;553;105
557;556;173
557;560;200
558;562;127
559;555;137
560;557;200
560;561;410
561;560;410
561;562;394
561;563;288
562;558;127
562;561;394
563;561;288
563;565;136
564;566;205
564;567;185
565;563;136
565;567;289
565;568;263
566;564;205
566;569;216
567;564;185
567;565;289
567;570;332
568;565;263
569;566;216
570;567;332
570;574;442
571;573;192
571;574;277
572;573;386
573;571;192
573;572;386
573;575;281
573;576;390
574;570;442
574;571;277
574;577;191
574;578;173
575;573;281
576;573;390
577;574;191
577;579;453
578;574;173
579;577;453
579;582;261
580;583;246
581;584;414
582;579;261
582;585;165
583;580;246
583;586;184
583;587;173
584;581;414
584;587;110
585;582;165
585;586;237
586;583;184
586;585;237
586;588;220
586;589;180
586;590;341
587;583;173
587;584;110
588;586;220
589;586;180
590;586;341
590;591;187
591;590;187
591;593;120
592;593;346
593;591;120
593;592;346
593;595;106
594;595;142
595;593;106
595;594;142
595;597;224
596;598;192
596;600;160
597;595;224
597;599;168
598;596;192
598;601;297
599;597;168
599;601;206
599;602;145
599;603;130
600;596;160
601;598;297
601;599;206
601;604;438
602;599;145
603;599;130
603;605;131
604;601;438
605;603;131
605;607;248
606;607;147
606;608;235
607;605;248
607;606;147
607;610;333
608;606;235
608;612;219
609;610;256
609;613;257
610;607;333
610;609;256
611;614;195
612;608;219
612;614;211
613;609;257
614;611;195
614;612;211
614;615;240
615;614;240
615;619;414
616;617;163
616;619;234
617;616;163
617;620;254
618;622;218
619;615;414
619;616;234
619;621;166
620;617;254
621;619;166
621;622;240
621;625;131
622;618;218
622;621;240
622;624;109
623;624;141
623;627;155
624;622;109
624;623;141
624;628;118
625;621;131
626;627;321
627;623;155
627;626;321
628;624;118
628;629;158
628;631;275
629;628;158
630;631;134
631;628;275
631;630;134
631;632;248
631;634;144
632;631;248
632;635;133
633;635;110
634;631;144
634;636;117
635;632;133
635;633;110
636;634;117
636;638;246
637;640;132
637;641;122
638;636;246
638;641;317
639;640;165
639;643;335
640;637;132
640;639;165
641;637;122
641;638;317
641;642;299
641;644;211
642;641;299
643;639;335
644;641;211
644;645;249
645;644;249
645;646;122
646;645;122
646;648;242
646;650;265
647;649;193
648;646;242
649;647;193
649;650;263
649;651;170
650;646;265
650;649;263
650;652;297
651;649;170
651;655;109
652;650;297
653;655;273
653;656;226
654;656;270
655;651;109
655;653;273
656;653;226
656;654;270
656;658;145
656;660;132
657;658;306
658;656;145
658;657;306
658;661;138
659;660;159
659;663;326
660;656;132
660;659;159
660;664;110
661;658;138
662;665;233
662;666;174
663;659;326
664;660;110
664;665;176
665;662;233
665;664;176
665;667;154
665;669;117
666;662;174
667;665;154
667;668;169
667;670;175
668;667;169
668;671;194
669;665;117
669;672;275
669;673;251
670;667;175
671;668;194
671;675;232
672;669;275
672;674;249
673;669;251
674;672;249
674;677;253
674;678;256
675;671;232
676;677;288
677;674;253
677;676;288
677;680;124
678;674;256
679;683;181
680;677;124
680;682;242
681;684;195
681;685;219
682;680;242
682;683;180
683;679;181
683;682;180
683;685;146
684;681;195
684;687;535
685;681;219
685;683;146
686;688;422
686;689;155
687;684;535
687;690;391
688;686;422
689;686;155
689;693;200
690;687;391
690;692;146
691;692;247
691;693;163
692;690;146
692;691;247
693;689;200
693;691;163
693;697;364
694;696;190
694;698;323
695;696;391
695;697;249
696;694;190
696;695;391
697;693;364
697;695;249
697;701;235
698;694;323
699;703;290
700;701;178
701;697;235
701;700;178
701;703;136
702;703;279
703;699;290
703;701;136
703;702;279
703;705;328
704;708;173
705;703;328
705;708;219
705;709;202
706;710;507
707;709;100
707;710;167
708;704;173
708;705;219
709;705;202
709;707;100
710;706;507
710;707;167
710;711;169
711;710;169
711;712;246
711;713;134
712;711;246
712;716;168
713;711;134
713;714;119
714;713;119
714;717;183
715;717;221
716;712;168
716;719;292
717;714;183
717;715;221
717;718;275
718;717;275
719;716;292
719;720;298
720;719;298
720;722;567
721;725;130
722;720;567
722;724;217
723;724;173
724;722;217
724;723;173
724;725;294
725;721;130
725;724;294
725;726;264
725;729;156
726;725;264
727;729;137
728;729;148
729;725;156
729;727;137
729;728;148
729;730;130
729;731;140
730;729;130
730;732;286
730;733;114
731;729;140
731;734;195
731;735;299
732;730;286
733;730;114
734;731;195
734;736;141
735;731;299
735;737;303
736;734;141
736;740;101
737;735;303
737;739;293
738;742;286
739;737;293
740;736;101
740;741;237
740;742;311
741;740;237
742;738;286
742;740;311
742;746;256
743;745;104
744;748;194
745;743;104
745;749;262
746;742;256
746;747;183
747;746;183
747;748;183
747;749;212
747;750;182
748;744;194
748;747;183
749;745;262
749;747;212
749;753;266
750;747;182
750;751;196
750;752;171
751;750;196
752;750;171
752;754;325
753;749;266
754;752;325
754;758;321
755;758;248
756;758;218
757;758;109
758;754;321
758;755;248
758;756;218
758;757;109
758;761;114
759;760;153
759;762;436
760;759;153
761;758;114
761;763;271
762;759;436
762;764;185
763;761;271
763;764;203
764;762;185
764;763;203
764;765;246
764;768;274
765;764;246
766;770;231
767;768;144
768;764;274
768;767;144
768;771;286
769;771;153
770;766;231
770;772;104
771;768;286
771;769;153
771;772;287
772;770;104
772;771;287
772;774;208
772;775;240
772;776;316
773;775;325
774;772;208
775;772;240
775;773;325
775;777;233
775;779;176
776;772;316
777;775;233
778;781;135
779;775;176
779;782;121
780;782;197
781;778;135
781;782;147
781;784;209
782;779;121
782;780;197
782;781;147
782;785;256
783;786;427
784;781;209
785;782;256
785;787;281
785;789;283
786;783;427
786;790;231
787;785;281
788;790;199
788;791;126
789;785;283
789;790;317
790;786;231
790;788;199
790;789;317
791;788;126
791;795;111
792;796;140
793;797;269
794;798;655
795;791;111
795;799;138
796;792;140
796;800;101
797;793;269
797;798;239
798;794;655
798;797;239
798;799;102
798;802;198
799;795;138
799;798;102
800;796;101
800;804;150
801;802;388
802;798;198
802;801;388
802;804;109
803;805;132
804;800;150
804;802;109
804;805;112
805;803;132
805;804;112
805;807;111
806;810;250
807;805;111
807;809;149
808;811;190
809;807;149
809;811;172
809;813;139
810;806;250
810;812;221
811;808;190
811;809;172
811;815;210
812;810;221
812;813;168
813;809;139
813;812;168
814;815;363
814;817;128
815;811;210
815;814;363
816;817;383
816;818;235
817;814;128
817;816;383
817;819;219
818;816;235
819;817;219
819;820;238
819;822;203
819;823;101
820;819;238
821;825;279
822;819;203
822;824;193
823;819;101
824;822;193
824;825;165
824;826;138
824;827;288
825;821;279
825;824;165
826;824;138
827;824;288
827;829;128
828;831;176
829;827;128
829;831;194
830;833;158
831;828;176
831;829;194
831;833;136
832;835;159
832;836;382
833;830;158
833;831;136
833;837;134
834;838;129
835;832;159
835;838;211
836;832;382
837;833;134
837;838;205
837;840;342
838;834;129
838;835;211
838;837;205
839;840;263
839;843;226
840;837;342
840;839;263
841;843;329
842;844;156
843;839;226
843;841;329
843;844;164
844;842;156
844;843;164
844;846;129
844;848;101
845;849;136
846;844;129
846;849;178
847;848;121
847;850;266
848;844;101
848;847;121
849;845;136
849;846;178
849;851;233
849;853;246
850;847;266
850;852;144
851;849;233
852;850;144
852;854;278
852;855;375
853;849;246
854;852;278
854;856;435
854;857;104
855;852;375
856;854;435
856;859;385
857;854;104
857;858;141
858;857;141
858;861;313
859;856;385
860;864;688
861;858;313
861;864;521
862;864;266
862;866;309
863;865;218
864;860;688
864;861;521
864;862;266
864;868;423
865;863;218
865;866;331
866;862;309
866;865;331
867;871;138
868;864;423
868;869;274
869;868;274
869;870;146
869;871;244
870;869;146
871;867;138
871;869;244
871;872;317
872;871;317
872;873;191
872;874;152
873;872;191
873;875;127
874;872;152
874;877;273
875;873;127
876;879;231
877;874;273
877;878;273
878;877;273
878;881;147
878;882;199
879;876;231
879;880;155
880;879;155
880;882;130
880;883;234
881;878;147
881;885;439
882;878;199
882;880;130
882;886;396
883;880;234
883;884;356
884;883;356
884;887;158
885;881;439
886;882;396
886;888;415
887;884;158
888;886;415
888;890;114
889;891;213
889;893;261
890;888;114
890;892;264
891;889;213
891;892;226
892;890;264
892;891;226
892;896;123
893;889;261
894;896;119
894;897;326
894;898;266
895;899;278
896;892;123
896;894;119
897;894;326
898;894;266
898;899;308
899;895;278
899;898;308
899;901;227
899;902;200
899;903;168
900;903;132
901;899;227
902;899;200
902;905;145
903;899;168
903;900;132
903;907;329
904;905;255
905;902;145
905;904;255
906;907;248
906;910;319
907;903;329
907;906;248
908;910;321
908;911;340
909;912;183
910;906;319
910;908;321
911;908;340
911;913;236
911;914;151
912;909;183
912;916;117
913;911;236
914;911;151
914;915;294
915;914;294
915;917;101
916;912;117
916;917;200
916;918;111
917;915;101
917;916;200
917;921;110
918;916;111
918;919;173
919;918;173
919;922;194
920;921;108
921;917;110
921;920;108
921;925;205
922;919;194
922;923;258
922;926;227
923;922;258
924;926;142
925;921;205
925;927;231
926;922;227
926;924;142
927;925;231
927;931;210
928;929;242
929;928;242
929;930;284
930;929;284
930;931;164
931;927;210
931;930;164
931;933;253
932;935;273
933;931;253
933;936;142
934;936;249
935;932;273
935;939;124
936;933;142
936;934;249
936;937;200
937;936;200
937;941;342
938;942;283
939;935;124
939;943;280
940;944;156
941;937;342
941;943;283
941;945;199
942;938;283
942;946;131
943;939;280
943;941;283
943;944;377
944;940;156
944;943;377
945;941;199
945;946;235
946;942;131
946;945;235
946;948;436
947;948;284
948;946;436
948;947;284
948;951;265
949;953;243
950;953;483
951;948;265
951;954;106
952;954;221
953;949;243
953;950;483
953;955;290
953;957;305
954;951;106
954;952;221
954;955;152
955;953;290
955;954;152
955;956;338
956;955;338
957;953;305
957;959;297
957;961;247
958;959;503
959;957;297
959;958;503
959;963;232
960;963;341
961;957;247
962;963;312
962;964;317
962;965;204
963;959;232
963;960;341
963;962;312
964;962;317
964;968;226
965;962;204
965;966;286
966;965;286
967;970;211
968;964;226
968;972;274
969;973;265
970;967;211
970;972;168
971;972;112
972;968;274
972;970;168
972;971;112
972;975;278
973;969;265
973;975;184
973;977;252
974;976;299
974;977;242
975;972;278
975;973;184
976;974;299
977;973;252
977;974;242
977;981;273
978;979;137
978;980;131
979;978;137
980;978;131
980;984;230
981;977;273
981;984;325
982;983;200
983;982;200
983;985;243
984;980;230
984;981;325
984;985;358
984;986;122
985;983;243
985;984;358
986;984;122
986;987;300
987;986;300
987;988;185
988;987;185
988;990;117
988;992;254
989;990;231
989;991;217
990;988;117
990;989;231
991;989;217
992;988;254
992;993;211
993;992;211
993;994;112
993;995;149
994;993;112
995;993;149
995;996;154
995;997;221
995;998;222
996;995;154
997;995;221
998;995;222
998;1000;151
999;1000;100
999;1002;185
999;1003;117
1000;998;151
1000;999;100
1001;1002;152
1002;999;185
1002;1001;152
1002;1004;258
1002;1006;229
1003;999;117
1004;1002;258
1005;1006;285
1006;1002;229
1006;1005;285
1006;1007;163
1006;1009;396
1007;1006;163
1007;1008;114
1008;1007;114
1009;1006;396
1009;1011;343
1010;1011;173
1010;1012;199
1011;1009;343
1011;1010;173
1011;1013;225
1011;1015;321
1012;1010;199
1012;1014;175
1013;1011;225
1014;1012;175
1014;1016;324
1015;1011;321
1016;1014;324
1016;1017;392
1016;1018;176
1017;1016;392
1018;1016;176
1018;1022;389
1019;1021;400
1020;1021;332
1020;1022;319
1021;1019;400
1021;1020;332
1021;1023;139
1021;1025;260
1022;1018;389
1022;1020;319
1023;1021;139
1023;1024;467
1024;1023;467
1025;1021;260
1025;1026;299
1026;1025;299
1026;1027;185
1026;1030;142
1027;1026;185
1027;1031;127
1028;1030;372
1028;1032;214
1029;1031;386
1030;1026;142
1030;1028;372
1031;1027;127
1031;1029;386
1032;1028;214
1032;1034;381
1033;1036;291
1034;1032;381
1034;1037;165
1035;1039;103
1036;1033;291
1036;1038;257
1037;1034;165
1037;1041;135
1038;1036;257
1038;1039;249
1039;1035;103
1039;1038;249
1039;1043;105
1040;1042;401
1041;1037;135
1041;1043;320
1042;1040;401
1042;1043;102
1042;1046;121
1043;1039;105
1043;1041;320
1043;1042;102
1043;1047;122
1044;1045;133
1045;1044;133
1045;1047;137
1046;1042;121
1047;1043;122
1047;1045;137
1047;1048;236
1048;1047;236
1048;1049;268
1049;1048;268
1049;1052;165
1050;1051;129
1051;1050;129
1051;1053;108
1052;1049;165
1052;1056;281
1053;1051;108
1053;1056;169
1054;1057;108
1055;1056;187
1055;1059;146
1056;1052;281
1056;1053;169
1056;1055;187
1057;1054;108
1057;1058;317
1057;1060;259
1058;1057;317
1059;1055;146
1059;1061;272
1060;1057;259
1060;1061;134
1061;1059;272
1061;1060;134
1061;1064;125
1061;1065;212
1062;1066;145
1063;1066;127
1064;1061;125
1065;1061;212
1065;1067;313
1066;1062;145
1066;1063;127
1066;1067;310
1067;1065;313
1067;1066;310
1067;1070;206
1068;1072;239
1069;1070;130
1070;1067;206
1070;1069;130
1070;1074;145
1071;1072;179
1071;1073;223
1072;1068;239
1072;1071;179
1072;1076;135
1073;1071;223
1074;1070;145
1074;1078;164
1075;1078;101
1076;1072;135
1076;1077;145
1077;1076;145
1077;1078;221
1078;1074;164
1078;1075;101
1078;1077;221
1078;1079;215
1078;1082;180
1079;1078;215
1080;1081;199
1081;1080;199
1081;1083;149
1082;1078;180
1082;1086;189
1083;1081;149
1083;1084;119
1083;1085;181
1083;1086;135
1084;1083;119
1085;1083;181
1085;1089;280
1086;1082;189
1086;1083;135
1086;1087;248
1086;1090;268
1087;1086;248
1087;1091;200
1088;1089;237
1089;1085;280
1089;1088;237
1090;1086;268
1091;1087;200
1091;1092;243
1092;1091;243
1092;1094;182
1093;1096;314
1094;1092;182
1094;1095;116
1094;1096;161
1094;1098;182
1095;1094;116
1096;1093;314
1096;1094;161
1097;1099;246
1097;1100;101
1098;1094;182
1098;1099;103
1099;1097;246
1099;1098;103
1099;1101;102
1100;1097;101
1101;1099;102
1101;1103;248
1101;1104;123
1102;1104;229
1103;1101;248
1103;1105;225
1104;1101;123
1104;1102;229
1104;1108;229
1105;1103;225
1106;1109;243
1106;1110;391
1107;1109;218
1107;1111;271
1108;1104;229
1108;1111;189
1109;1106;243
1109;1107;218
1109;1112;258
1110;1106;391
1111;1107;271
1111;1108;189
1111;1113;118
1112;1109;258
1113;1111;118
1113;1117;255
1114;1116;263
1115;1118;221
1116;1114;263
1116;1117;191
1116;1118;206
1117;1113;255
1117;1116;191
1118;1115;221
1118;1116;206
1118;1119;268
1118;1121;118
1118;1122;412
1119;1118;268
1120;1121;158
1121;1118;118
1121;1120;158
1121;1124;186
1122;1118;412
1122;1123;423
1123;1122;423
1123;1127;478
1124;1121;186
1124;1125;197
1125;1124;197
1125;1126;180
1125;1129;341
1126;1125;180
1126;1130;182
1127;1123;478
1128;1129;129
1128;1132;360
1129;1125;341
1129;1128;129
1129;1133;261
1130;1126;182
1131;1134;206
1132;1128;360
1132;1135;381
1133;1129;261
1133;1136;318
1134;1131;206
1134;1137;139
1135;1132;381
1136;1133;318
1136;1138;101
1136;1139;167
1137;1134;139
1137;1140;144
1138;1136;101
1138;1140;111
1138;1142;305
1139;1136;167
1139;1143;220
1140;1137;144
1140;1138;111
1141;1142;158
1141;1144;186
1142;1138;305
1142;1141;158
1143;1139;220
1143;1146;285
1144;1141;186
1145;1146;164
1145;1147;332
1145;1148;313
1146;1143;285
1146;1145;164
1146;1150;261
1147;1145;332
1148;1145;313
1148;1151;113
1149;1152;112
1150;1146;261
1150;1152;110
1150;1154;366
1151;1148;113
1152;1149;112
1152;1150;110
1152;1155;131
1153;1155;157
1154;1150;366
1155;1152;131
1155;1153;157
1155;1156;153
1155;1158;181
1156;1155;153
1156;1157;319
1156;1160;171
1157;1156;319
1158;1155;181
1158;1159;234
1158;1162;201
1159;1158;234
1160;1156;171
1161;1163;150
1162;1158;201
1162;1163;239
1162;1165;231
1163;1161;150
1163;1162;239
1163;1164;390
1164;1163;390
1165;1162;231
1165;1167;193
1166;1167;127
1166;1168;217
1167;1165;193
1167;1166;127
1167;1170;123
1168;1166;217
1168;1171;218
1169;1170;139
1170;1167;123
1170;1169;139
1170;1172;248
1171;1168;218
1171;1173;141
1172;1170;248
1172;1176;207
1173;1171;141
1173;1175;137
1173;1177;240
1174;1178;265
1175;1173;137
1176;1172;207
1176;1178;200
1177;1173;240
1177;1181;277
1178;1174;265
1178;1176;200
1178;1182;248
1179;1183;147
1180;1181;122
1181;1177;277
1181;1180;122
1182;1178;248
1182;1183;170
1182;1185;106
1183;1179;147
1183;1182;170
1184;1185;161
1185;1182;106
1185;1184;161
1185;1188;235
1185;1189;144
1186;1189;460
1187;1189;376
1187;1190;241
1188;1185;235
1188;1191;193
1189;1185;144
1189;1186;460
1189;1187;376
1189;1193;204
1190;1187;241
1191;1188;193
1191;1192;150
1192;1191;150
1192;1194;222
1192;1196;494
1193;1189;204
1193;1197;120
1194;1192;222
1194;1198;178
1195;1198;191
1196;1192;494
1197;1193;120
1198;1194;178
1198;1195;191
1198;1201;287
1199;1201;455
1200;1201;287
1201;1198;287
1201;1199;455
1201;1200;287
1201;1203;394
1202;1203;261
1203;1201;394
1203;1202;261
1203;1205;412
1204;1206;393
1205;1203;412
1205;1209;501
1206;1204;393
1206;1207;156
1206;1208;127
1206;1210;124
1207;1206;156
1208;1206;127
1209;1205;501
1209;1213;377
1210;1206;124
1210;1211;355
1211;1210;355
1211;1213;281
1211;1215;183
1212;1214;194
1212;1215;138
1212;1216;300
1213;1209;377
1213;1211;281
1214;1212;194
1214;1218;451
1215;1211;183
1215;1212;138
1216;1212;300
1216;1220;326
1217;1220;269
1218;1214;451
1218;1221;369
1218;1222;375
1219;1222;299
1219;1223;348
1220;1216;326
1220;1217;269
1221;1218;369
1222;1218;375
1222;1219;299
1222;1224;493
1222;1225;120
1223;1219;348
1224;1222;493
1225;1222;120
1225;1229;187
1226;1228;149
1227;1228;319
1228;1226;149
1228;1227;319
1228;1230;354
1228;1231;410
1229;1225;187
1229;1233;355
1230;1228;354
1231;1228;410
1231;1233;319
1231;1235;408
1232;1233;357
1233;1229;355
1233;1231;319
1233;1232;357
1233;1236;193
1234;1237;175
1235;1231;408
1235;1238;100
1236;1233;193
1237;1234;175
1237;1238;250
1238;1235;100
1238;1237;250
1238;1239;146
1238;1242;264
1239;1238;146
1239;1240;108
1239;1241;187
1239;1243;248
1240;1239;108
1241;1239;187
1241;1245;251
1242;1238;264
1243;1239;248
1244;1247;230
1244;1248;163
1245;1241;251
1245;1248;287
1246;1247;302
1246;1249;241
1247;1244;230
1247;1246;302
1248;1244;163
1248;1245;287
1249;1246;241
1249;1253;239
1250;1253;371
1251;1254;374
1252;1253;227
1253;1249;239
1253;1250;371
1253;1252;227
1253;1255;108
1253;1256;108
1254;1251;374
1254;1258;169
1255;1253;108
1255;1259;213
1256;1253;108
1256;1258;208
1257;1260;206
1258;1254;169
1258;1256;208
1259;1255;213
1259;1262;164
1260;1257;206
1260;1261;276
1261;1260;276
1261;1263;162
1261;1265;106
1262;1259;164
1262;1266;115
1263;1261;162
1263;1264;383
1264;1263;383
1265;1261;106
1265;1266;255
1265;1269;167
1266;1262;115
1266;1265;255
1266;1270;267
1267;1269;262
1268;1269;412
1269;1265;167
1269;1267;262
1269;1268;412
1270;1266;267
1270;1271;166
1270;1274;193
1271;1270;166
1271;1272;135
1271;1273;173
1271;1275;334
1272;1271;135
1273;1271;173
1273;1276;428
1274;1270;193
1274;1278;163
1275;1271;334
1276;1273;428
1277;1280;149
1278;1274;163
1278;1279;178
1278;1280;161
1279;1278;178
1280;1277;149
1280;1278;161
1280;1282;185
1280;1283;264
1281;1285;119
1282;1280;185
1282;1284;154
1282;1285;167
1283;1280;264
1284;1282;154
1284;1287;337
1285;1281;119
1285;1282;167
1286;1287;287
1287;1284;337
1287;1286;287
1287;1288;168
1287;1289;164
1288;1287;168
1288;1290;173
1289;1287;164
1289;1293;187
1290;1288;173
1291;1294;217
1291;1295;330
1292;1294;164
1292;1296;188
1293;1289;187
1293;1294;178
1294;1291;217
1294;1292;164
1294;1293;178
1294;1298;298
1295;1291;330
1295;1297;232
1296;1292;188
1297;1295;232
1297;1299;315
1298;1294;298
1298;1300;212
1299;1297;315
1300;1298;212
1300;1302;213
1301;1305;482
1302;1300;213
1302;1306;222
1303;1306;207
1304;1305;551
1305;1301;482
1305;1304;551
1305;1306;235
1306;1302;222
1306;1303;207
1306;1305;235
1306;1309;362
1307;1310;223
1308;1312;315
1309;1306;362
1309;1310;282
1309;1312;122
1310;1307;223
1310;1309;282
1310;1311;136
1311;1310;136
1311;1315;154
1312;1308;315
1312;1309;122
1312;1314;231
1313;1317;234
1314;1312;231
1314;1318;191
1315;1311;154
1316;1317;225
1317;1313;234
1317;1316;225
1317;1318;227
1318;1314;191
1318;1317;227
1318;1321;319
1318;1322;139
1319;1323;249
1320;1321;213
1321;1318;319
1321;1320;213
1322;1318;139
1322;1326;340
1323;1319;249
1323;1327;287
1324;1325;103
1324;1327;141
1325;1324;103
1326;1322;340
1326;1327;239
1326;1330;259
1327;1323;287
1327;1324;141
1327;1326;239
1327;1329;114
1327;1331;131
1328;1331;206
1328;1332;279
1329;1327;114
1330;1326;259
1331;1327;131
1331;1328;206
1332;1328;279
1332;1334;302
1332;1336;201
1333;1335;142
1334;1332;302
1334;1335;215
1334;1337;257
1335;1333;142
1335;1334;215
1336;1332;201
1337;1334;257
1337;1339;204
1338;1340;108
1339;1337;204
1339;1340;132
1339;1343;216
1340;1338;108
1340;1339;132
1340;1342;112
1341;1344;346
1342;1340;112
1342;1345;374
1343;1339;216
1343;1346;136
1344;1341;346
1344;1346;236
1345;1342;374
1346;1343;136
1346;1344;236
1346;1348;240
1347;1348;228
1347;1350;267
1347;1351;148
1348;1346;240
1348;1347;228
1349;1351;198
1349;1352;184
1350;1347;267
1351;1347;148
1351;1349;198
1351;1354;100
1352;1349;184
1352;1353;247
1352;1356;134
1353;1352;247
1353;1355;348
1354;1351;100
1355;1353;348
1355;1358;191
1356;1352;134
1356;1357;219
1356;1359;304
1357;1356;219
1358;1355;191
1358;1361;270
1359;1356;304
1360;1362;249
1361;1358;270
1361;1362;166
1362;1360;249
1362;1361;166
1362;1363;113
1362;1366;240
1363;1362;113
1363;1364;292
1364;1363;292
1365;1366;110
1366;1362;240
1366;1365;110
1366;1370;204
1367;1371;108
1368;1372;113
1369;1371;217
1370;1366;204
1370;1371;153
1370;1372;238
1371;1367;108
1371;1369;217
1371;1370;153
1372;1368;113
1372;1370;238
1372;1373;208
1372;1374;214
1373;1372;208
1374;1372;214
1374;1376;193
1374;1378;144
1375;1378;136
1376;1374;193
1377;1379;116
1378;1374;144
1378;1375;136
1378;1379;199
1379;1377;116
1379;1378;199
1379;1380;365
1379;1382;407
1380;1379;365
1381;1382;411
1381;1385;316
1382;1379;407
1382;1381;411
1382;1383;330
1382;1386;392
1383;1382;330
1384;1387;153
1385;1381;316
1385;1387;295
1386;1382;392
1387;1384;153
1387;1385;295
1387;1391;311
1388;1391;329
1389;1390;170
1389;1391;193
1390;1389;170
1390;1392;432
1391;1387;311
1391;1388;329
1391;1389;193
1391;1394;232
1392;1390;432
1393;1397;113
1394;1391;232
1394;1397;342
1395;1397;233
1396;1397;188
1396;1399;307
1397;1393;113
1397;1394;342
1397;1395;233
1397;1396;188
1397;1400;245
1398;1400;119
1399;1396;307
1399;1401;341
1400;1397;245
1400;1398;119
1400;1402;250
1400;1403;338
1401;1399;341
1402;1400;250
1403;1400;338
1403;1404;316
1404;1403;316
1404;1405;218
1404;1406;427
1405;1404;218
1406;1404;427
1406;1409;316
1407;1408;307
1408;1407;307
1408;1409;283
1409;1406;316
1409;1408;283
1409;1412;151
1410;1413;349
1411;1415;104
1412;1409;151
1412;1414;125
1412;1415;120
1413;1410;349
1413;1414;121
1414;1412;125
1414;1413;121
1414;1417;154
1415;1411;104
1415;1412;120
1416;1419;174
1417;1414;154
1417;1418;200
1417;1419;104
1418;1417;200
1418;1420;240
1419;1416;174
1419;1417;104
1419;1423;219
1420;1418;240
1420;1422;292
1421;1422;261
1421;1425;194
1422;1420;292
1422;1421;261
1422;1424;211
1422;1426;171
1423;1419;219
1424;1422;211
1425;1421;194
1426;1422;171
1426;1427;115
1426;1430;307
1427;1426;115
1427;1431;127
1428;1431;257
1428;1432;158
1429;1431;291
1430;1426;307
1430;1434;218
1431;1427;127
1431;1428;257
1431;1429;291
1431;1435;175
1432;1428;158
1433;1435;236
1434;1430;218
1434;1438;267
1435;1431;175
1435;1433;236
1436;1437;125
1436;1438;193
1436;1440;286
1437;1436;125
1438;1434;267
1438;1436;193
1438;1439;194
1439;1438;194
1439;1443;127
1440;1436;286
1441;1442;208
1442;1441;208
1442;1445;323
1442;1446;111
1443;1439;127
1443;1444;132
1444;1443;132
1444;1445;222
1445;1442;323
1445;1444;222
1445;1447;251
1446;1442;111
1447;1445;251
1447;1449;101
1447;1451;191
1448;1451;262
1448;1452;165
1449;1447;101
1449;1453;324
1450;1452;255
1450;1454;137
1451;1447;191
1451;1448;262
1452;1448;165
1452;1450;255
1453;1449;324
1454;1450;137
1454;1455;168
1455;1454;168
1455;1456;186
1455;1459;276
1456;1455;186
1456;1457;397
1456;1460;173
1457;1456;397
1457;1458;281
1458;1457;281
1458;1461;280
1459;1455;276
1460;1456;173
1460;1463;360
1461;1458;280
1462;1465;103
1463;1460;360
1463;1465;212
1464;1466;213
1464;1467;211
1465;1462;103
1465;1463;212
1465;1468;234
1466;1464;213
1466;1469;250
1467;1464;211
1467;1470;143
1468;1465;234
1468;1470;137
1469;1466;250
1470;1467;143
1470;1468;137
1470;1471;257
1471;1470;257
1471;1474;178
1472;1475;232
1473;1474;117
1473;1475;148
1474;1471;178
1474;1473;117
1474;1476;490
1474;1477;451
1475;1472;232
1475;1473;148
1475;1478;143
1476;1474;490
1476;1480;159
1477;1474;451
1478;1475;143
1479;1483;249
1480;1476;159
1480;1481;251
1480;1482;129
1481;1480;251
1481;1485;209
1482;1480;129
1483;1479;249
1483;1484;115
1483;1485;249
1484;1483;115
1484;1488;151
1485;1481;209
1485;1483;249
1485;1486;162
1486;1485;162
1486;1489;100
1487;1488;299
1488;1484;151
1488;1487;299
1488;1491;127
1489;1486;100
1489;1490;350
1490;1489;350
1490;1494;129
1491;1488;127
1492;1495;297
1492;1496;289
1493;1497;171
1494;1490;129
1494;1497;115
1494;1498;265
1495;1492;297
1496;1492;289
1496;1497;193
1496;1499;180
1497;1493;171
1497;1494;115
1497;1496;193
1497;1500;273
1498;1494;265
1498;1501;240
1499;1496;180
1500;1497;273
1500;1503;349
1501;1498;240
1501;1504;133
1501;1505;176
1502;1505;217
1502;1506;223
1503;1500;349
1504;1501;133
1505;1501;176
1505;1502;217
1505;1507;234
1506;1502;223
1506;1510;327
1507;1505;234
1507;1508;272
1508;1507;272
1509;1513;283
1510;1506;327
1510;1513;274
1511;1514;394
1512;1513;623
1513;1509;283
1513;1510;274
1513;1512;623
1513;1517;119
1514;1511;394
1514;1516;241
1515;1518;349
1516;1514;241
1516;1518;133
1516;1520;313
1517;1513;119
1517;1521;146
1518;1515;349
1518;1516;133
1519;1521;216
1520;1516;313
1520;1521;209
1520;1523;120
1521;1517;146
1521;1519;216
1521;1520;209
1521;1522;111
1521;1525;134
1522;1521;111
1523;1520;120
1523;1526;151
1523;1527;204
1524;1527;168
1525;1521;134
1526;1523;151
1527;1523;204
1527;1524;168
1527;1530;137
1528;1531;104
1529;1530;103
1529;1532;152
1530;1527;137
1530;1529;103
1531;1528;104
1531;1533;148
1531;1535;237
1532;1529;152
1532;1535;336
1533;1531;148
1533;1534;245
1534;1533;245
1535;1531;237
1535;1532;336
1535;1537;290
1536;1540;247
1537;1535;290
1537;1538;557
1537;1541;273
1538;1537;557
1539;1542;281
1540;1536;247
1540;1543;256
1541;1537;273
1541;1542;150
1541;1543;162
1541;1545;306
1542;1539;281
1542;1541;150
1543;1540;256
1543;1541;162
1543;1547;265
1544;1547;330
1545;1541;306
1546;1547;270
1547;1543;265
1547;1544;330
1547;1546;270
1547;1549;182
1547;1550;357
1548;1550;373
1549;1547;182
1549;1552;324
1549;1553;394
1550;1547;357
1550;1548;373
1550;1551;143
1550;1554;188
1551;1550;143
1552;1549;324
1553;1549;394
1553;1557;315
1554;1550;188
1554;1555;239
1555;1554;239
1556;1559;199
1556;1560;219
1557;1553;315
1557;1558;349
1558;1557;349
1558;1560;365
1559;1556;199
1560;1556;219
1560;1558;365
1560;1564;310
1561;1565;204
1562;1566;405
1563;1567;163
1564;1560;310
1564;1567;180
1565;1561;204
1565;1566;122
1565;1567;124
1565;1568;107
1566;1562;405
1566;1565;122
1567;1563;163
1567;1564;180
1567;1565;124
1568;1565;107
1568;1569;128
1569;1568;128
1569;1573;275
1570;1573;232
1571;1574;300
1572;1573;120
1572;1576;161
1573;1569;275
1573;1570;232
1573;1572;120
1573;1574;283
1573;1575;254
1574;1571;300
1574;1573;283
1574;1577;392
1575;1573;254
1576;1572;161
1576;1578;208
1577;1574;392
1578;1576;208
1578;1580;150
1578;1582;255
1579;1582;241
1579;1583;519
1580;1578;150
1580;1581;265
1580;1584;328
1581;1580;265
1581;1585;207
1582;1578;255
1582;1579;241
1583;1579;519
1584;1580;328
1584;1586;339
1584;1588;292
1585;1581;207
1585;1587;370
