0;1;546
1;0;546
1;3;175
1;4;215
2;5;291
2;6;149
3;1;175
4;1;215
4;7;109
5;2;291
5;8;166
6;2;149
7;4;109
7;9;211
8;5;166
8;9;320
9;7;211
9;8;320
9;12;372
10;14;439
11;14;120
12;9;372
12;14;226
13;17;142
14;10;439
14;11;120
14;12;226
14;17;154
15;17;123
16;19;193
17;13;142
17;14;154
17;15;123
17;19;151
18;19;161
18;21;241
19;16;193
19;17;151
19;18;161
20;24;219
21;18;241
21;22;205
22;21;205
22;23;105
23;22;105
23;25;265
23;27;151
24;20;219
24;28;246
25;23;265
25;28;263
25;29;461
26;27;118
27;23;151
27;26;118
28;24;246
28;25;263
29;25;461
29;30;431
30;29;431
30;32;119
31;32;272
32;30;119
32;31;272
32;33;176
32;36;235
33;32;176
33;34;200
34;33;200
35;36;137
35;37;239
36;32;235
36;35;137
36;39;181
37;35;239
38;39;463
38;41;405
39;36;181
39;38;463
39;40;145
39;43;149
40;39;145
41;38;405
42;44;121
43;39;149
43;44;293
43;47;189
44;42;121
44;43;293
44;46;267
44;48;130
45;46;216
46;44;267
46;45;216
46;49;282
47;43;189
48;44;130
49;46;282
49;50;156
50;49;156
50;51;416
50;52;410
50;53;433
51;50;416
52;50;410
53;50;433
53;55;236
54;56;156
55;53;236
55;56;244
55;57;216
55;59;119
56;54;156
56;55;244
56;58;268
57;55;216
58;56;268
58;60;487
59;55;119
60;58;487
60;61;216
60;63;262
61;60;216
62;63;240
62;65;110
63;60;262
63;62;240
63;66;297
64;68;107
65;62;110
65;69;166
66;63;297
67;71;154
68;64;107
68;71;111
69;65;166
69;71;261
69;73;234
70;73;103
71;67;154
71;68;111
71;69;261
71;74;318
72;74;304
73;69;234
73;70;103
74;71;318
74;72;304
74;76;183
74;78;127
75;76;273
75;77;270
76;74;183
76;75;273
76;80;206
77;75;270
78;74;127
78;81;170
79;81;305
80;76;206
80;83;118
80;84;444
81;78;170
81;79;305
82;83;148
83;80;118
83;82;148
84;80;444
84;86;243
85;89;418
86;84;243
86;87;212
87;86;212
87;90;108
88;92;171
89;85;418
89;91;337
90;87;108
90;91;112
90;94;269
91;89;337
91;90;112
91;92;183
91;95;287
92;88;171
92;91;183
93;95;119
93;97;158
94;90;269
94;98;157
95;91;287
95;93;119
95;96;418
96;95;418
97;93;158
97;100;233
98;94;157
99;100;277
99;102;108
100;97;233
100;99;277
100;101;209
100;104;210
101;100;209
102;99;108
102;105;317
103;105;441
104;100;210
104;106;351
105;102;317
105;103;441
106;104;351
106;107;436
107;106;436
107;108;298
108;107;298
108;110;126
108;112;118
109;113;348
110;108;126
110;114;215
111;114;393
112;108;118
112;116;189
113;109;348
113;115;174
114;110;215
114;111;393
114;118;272
115;113;174
115;116;167
115;117;402
116;112;189
116;115;167
116;119;232
117;115;402
118;114;272
118;120;319
119;116;232
119;121;265
120;118;319
121;119;265
121;122;169
122;121;169
122;123;395
123;122;395
123;124;211
124;123;211
124;128;111
125;126;240
125;129;324
126;125;240
127;128;147
127;129;318
127;130;196
128;124;111
128;127;147
128;132;352
129;125;324
129;127;318
130;127;196
130;131;110
130;133;333
130;134;207
131;130;110
132;128;352
133;130;333
133;135;116
134;130;207
135;133;116
135;139;275
136;138;123
137;139;225
137;141;268
138;136;123
138;140;183
139;135;275
139;137;225
139;143;612
140;138;183
140;141;179
141;137;268
141;140;179
141;142;284
142;141;284
142;144;104
143;139;612
144;142;104
144;146;129
145;146;232
145;149;340
146;144;129
146;145;232
146;148;274
147;150;393
148;146;274
149;145;340
149;152;237
150;147;393
150;151;135
150;153;103
150;154;355
151;150;135
152;149;237
152;154;130
153;150;103
153;155;107
153;156;247
154;150;355
154;152;130
155;153;107
155;157;244
156;153;247
156;159;224
156;160;224
157;155;244
158;161;107
159;156;224
159;163;317
160;156;224
161;158;107
161;162;286
161;164;151
162;161;286
162;166;136
163;159;317
163;165;430
163;167;246
164;161;151
165;163;430
166;162;136
166;169;288
166;170;142
167;163;246
167;168;160
167;169;103
167;171;133
168;167;160
169;166;288
169;167;103
170;166;142
170;173;272
171;167;133
172;176;202
173;170;272
173;175;162
174;176;243
175;173;162
175;178;238
175;179;263
176;172;202
176;174;243
176;177;182
177;176;182
177;179;169
177;181;283
178;175;238
179;175;263
179;177;169
179;180;312
180;179;312
180;182;138
181;177;283
182;180;138
182;183;120
183;182;120
183;184;401
184;183;401
184;186;253
184;188;228
185;188;169
186;184;253
186;187;310
187;186;310
187;189;384
188;184;228
188;185;169
188;192;305
189;187;384
189;190;201
190;189;201
191;192;236
192;188;305
192;191;236
192;196;330
193;196;180
194;198;602
195;196;216
195;197;154
195;198;155
196;192;330
196;193;180
196;195;216
196;199;247
197;195;154
198;194;602
198;195;155
198;201;245
199;196;247
199;200;208
200;199;208
201;198;245
201;202;251
202;201;251
202;203;287
202;204;261
203;202;287
203;207;361
204;202;261
205;207;134
205;209;216
206;207;240
207;203;361
207;205;134
207;206;240
207;208;118
207;210;226
208;207;118
209;205;216
210;207;226
210;213;313
211;214;153
212;214;120
213;210;313
213;214;181
214;211;153
214;212;120
214;213;181
214;215;161
214;216;166
215;214;161
216;214;166
216;217;473
217;216;473
217;219;267
218;221;208
219;217;267
219;222;341
220;222;533
221;218;208
221;222;192
221;223;340
222;219;341
222;220;533
222;221;192
223;221;340
223;224;379
223;226;266
224;223;379
225;229;204
226;223;266
226;229;258
226;230;195
227;230;149
228;229;206
229;225;204
229;226;258
229;228;206
230;226;195
230;227;149
230;232;292
230;233;175
231;234;248
232;230;292
233;230;175
233;234;269
233;235;353
234;231;248
234;233;269
235;233;353
235;237;356
236;240;448
237;235;356
237;240;343
238;239;101
238;241;262
239;238;101
240;236;448
240;237;343
240;241;113
240;244;112
241;238;262
241;240;113
241;242;190
241;245;253
242;241;190
243;246;107
244;240;112
245;241;253
245;246;192
245;249;342
246;243;107
246;245;192
246;247;157
247;246;157
248;249;184
249;245;342
249;248;184
249;250;186
250;249;186
250;253;224
250;254;147
251;252;149
251;255;373
252;251;149
253;250;224
253;255;189
253;256;119
254;250;147
255;251;373
255;253;189
255;257;256
255;258;142
256;253;119
257;255;256
257;259;267
258;255;142
259;257;267
259;260;197
259;263;312
260;259;197
261;264;277
262;265;245
263;259;312
263;266;103
264;261;277
264;268;210
265;262;245
265;267;165
265;268;113
266;263;103
266;269;172
267;265;165
267;271;161
268;264;210
268;265;113
268;272;199
269;266;172
269;270;217
270;269;217
270;273;148
271;267;161
271;273;219
271;274;143
271;275;202
272;268;199
273;270;148
273;271;219
273;277;291
274;271;143
275;271;202
275;279;260
276;280;491
277;273;291
278;282;221
279;275;260
279;280;174
279;282;192
280;276;491
280;279;174
280;281;274
280;283;376
280;284;211
281;280;274
281;285;186
282;278;221
282;279;192
283;280;376
284;280;211
284;286;113
285;281;186
285;289;268
286;284;113
287;290;245
288;291;149
289;285;268
289;292;249
289;293;104
290;287;245
290;291;328
291;288;149
291;290;328
291;293;173
291;295;130
292;289;249
293;289;104
293;291;173
293;294;280
294;293;280
295;291;130
295;296;303
295;298;299
296;295;303
297;300;217
297;301;137
298;295;299
298;302;524
299;301;282
300;297;217
300;302;240
300;303;281
301;297;137
301;299;282
301;305;286
302;298;524
302;300;240
302;306;230
303;300;281
304;307;306
305;301;286
306;302;230
306;309;243
307;304;306
307;311;142
308;311;208
309;306;243
309;312;107
310;313;352
311;307;142
311;308;208
311;312;124
311;314;355
312;309;107
312;311;124
312;313;106
312;316;279
313;310;352
313;312;106
314;311;355
315;317;334
316;312;279
316;317;153
316;319;180
317;315;334
317;316;153
318;322;150
319;316;180
319;321;143
320;322;171
320;324;299
321;319;143
321;322;270
322;318;150
322;320;171
322;321;270
323;324;122
323;326;119
324;320;299
324;323;122
324;325;136
325;324;136
325;327;276
326;323;119
327;325;276
327;328;120
327;331;204
328;327;120
328;329;225
329;328;225
330;332;282
330;333;143
331;327;204
331;332;275
331;334;117
331;335;145
332;330;282
332;331;275
333;330;143
334;331;117
335;331;145
335;337;108
335;338;109
336;340;208
337;335;108
338;335;109
338;339;138
339;338;138
339;340;143
339;342;188
339;343;206
340;336;208
340;339;143
341;342;489
342;339;188
342;341;489
342;344;145
343;339;206
343;345;123
344;342;145
344;348;179
345;343;123
346;348;187
347;348;260
348;344;179
348;346;187
348;347;260
348;350;315
349;352;217
349;353;349
350;348;315
350;352;342
351;353;332
351;354;108
352;349;217
352;350;342
353;349;349
353;351;332
354;351;108
354;355;403
355;354;403
355;356;171
356;355;171
356;360;194
357;360;141
357;361;199
358;359;150
359;358;150
359;362;179
360;356;194
360;357;141
360;364;198
361;357;199
362;359;179
362;363;144
363;362;144
363;364;151
364;360;198
364;363;151
364;368;203
365;366;220
366;365;220
366;367;209
366;368;111
367;366;209
367;369;197
368;364;203
368;366;111
369;367;197
369;372;159
370;371;322
371;370;322
371;372;179
371;373;298
372;369;159
372;371;179
372;374;103
373;371;298
374;372;103
374;375;114
375;374;114
375;376;312
375;379;122
376;375;312
377;378;269
378;377;269
378;380;257
379;375;122
379;380;201
379;381;445
380;378;257
380;379;201
381;379;445
381;382;218
381;383;469
382;381;218
383;381;469
383;386;346
384;388;396
385;386;346
385;387;243
386;383;346
386;385;346
386;388;280
387;385;243
387;390;346
388;384;396
388;386;280
389;390;198
389;392;442
390;387;346
390;389;198
391;393;157
392;389;442
392;393;218
392;396;263
393;391;157
393;392;218
393;397;229
394;397;137
395;399;357
396;392;263
397;393;229
397;394;137
397;399;101
398;402;166
399;395;357
399;397;101
399;402;195
399;403;210
400;401;188
400;403;143
401;400;188
402;398;166
402;399;195
403;399;210
403;400;143
403;407;303
404;405;146
405;404;146
405;408;137
406;407;254
406;408;195
407;403;303
407;406;254
408;405;137
408;406;195
408;410;251
409;411;179
410;408;251
410;411;119
410;413;210
411;409;179
411;410;119
411;412;312
411;414;276
412;411;312
412;415;236
413;410;210
414;411;276
415;412;236
415;416;210
415;419;184
416;415;210
417;420;276
417;421;134
418;419;127
418;422;452
419;415;184
419;418;127
419;420;264
420;417;276
420;419;264
421;417;134
421;423;274
421;425;162
422;418;452
422;424;331
422;426;250
423;421;274
423;427;618
424;422;331
424;428;310
425;421;162
426;422;250
427;423;618
428;424;310
428;430;155
428;432;185
429;431;376
430;428;155
430;433;171
431;429;376
431;432;224
431;435;220
432;428;185
432;431;224
433;430;171
433;434;160
434;433;160
435;431;220
435;436;183
435;438;218
435;439;201
436;435;183
436;437;147
437;436;147
438;435;218
438;441;218
439;435;201
439;440;150
440;439;150
440;442;486
441;438;218
441;445;552
442;440;486
443;444;269
443;447;265
444;443;269
444;445;478
445;441;552
445;444;478
446;448;184
447;443;265
447;449;372
448;446;184
448;449;193
448;450;141
449;447;372
449;448;193
450;448;141
450;452;260
451;452;375
452;450;260
452;451;375
452;456;174
453;456;265
454;456;301
454;457;255
455;458;168
456;452;174
456;453;265
456;454;301
456;458;294
457;454;255
457;459;174
458;455;168
458;456;294
459;457;174
459;463;125
460;462;249
460;464;184
461;462;148
461;465;125
462;460;249
462;461;148
463;459;125
463;464;228
464;460;184
464;463;228
465;461;125
465;467;168
466;469;174
466;470;440
467;465;168
467;468;396
467;469;133
468;467;396
469;466;174
469;467;133
470;466;440
470;474;416
471;472;183
471;474;157
472;471;183
472;475;108
473;476;319
474;470;416
474;471;157
475;472;108
475;478;258
476;473;319
476;478;266
477;478;240
478;475;258
478;476;266
478;477;240
478;480;254
479;480;217
480;478;254
480;479;217
480;481;436
480;482;327
481;480;436
482;480;327
482;483;289
483;482;289
483;484;224
483;485;320
483;487;277
484;483;224
484;486;122
485;483;320
486;484;122
486;488;280
486;489;134
487;483;277
488;486;280
488;490;361
488;491;545
489;486;134
489;492;343
490;488;361
490;494;288
491;488;545
492;489;343
492;493;122
493;492;122
494;490;288
494;496;102
495;497;191
495;498;120
496;494;102
496;500;275
497;495;191
497;499;204
498;495;120
498;500;212
499;497;204
500;496;275
500;498;212
500;501;345
500;502;302
500;503;370
501;500;345
502;500;302
503;500;370
503;506;397
504;505;472
504;506;369
505;504;472
506;503;397
506;504;369
506;508;321
507;511;141
508;506;321
508;512;311
509;512;279
510;511;125
510;514;224
511;507;141
511;510;125
511;513;251
512;508;311
512;509;279
512;515;255
513;511;251
514;510;224
514;516;222
515;512;255
515;517;206
516;514;222
516;517;219
517;515;206
517;516;219
517;520;114
518;519;334
519;518;334
519;522;148
520;517;114
520;523;232
521;525;332
522;519;148
522;524;252
522;525;159
522;526;123
523;520;232
523;527;168
524;522;252
525;521;332
525;522;159
525;528;307
526;522;123
526;527;130
526;530;277
527;523;168
527;526;130
528;525;307
529;532;122
530;526;277
530;531;276
531;530;276
531;532;221
531;534;372
531;535;135
532;529;122
532;531;221
533;536;348
533;537;379
534;531;372
535;531;135
535;538;323
536;533;348
536;539;106
536;540;193
537;533;379
537;538;301
538;535;323
538;537;301
539;536;106
540;536;193
540;544;239
541;544;148
542;543;191
542;544;173
542;545;123
543;542;191
543;546;107
544;540;239
544;541;148
544;542;173
545;542;123
545;549;252
546;543;107
546;547;197
547;546;197
547;550;466
548;551;224
549;545;252
549;552;327
550;547;466
550;554;239
551;548;224
551;553;195
552;549;327
553;551;195
553;556;234
554;550;239
554;555;129
554;558;294
555;554;129
555;556;264
555;559;246
556;553;234
556;555;264
557;561;120
558;554;294
559;555;246
559;562;313
560;561;197
561;557;120
561;560;197
561;565;188
562;559;313
562;563;226
563;562;226
563;567;134
564;567;402
565;561;188
565;569;194
566;569;115
567;563;134
567;564;402
567;568;139
568;567;139
568;569;104
569;565;194
569;566;115
569;568;104
569;572;104
570;571;264
570;574;116
571;570;264
572;569;104
572;576;237
573;574;216
573;575;295
574;570;116
574;573;216
574;576;127
575;573;295
575;579;166
576;572;237
576;574;127
577;580;290
578;580;296
579;575;166
579;583;147
580;577;290
580;578;296
580;583;142
580;584;269
581;584;317
582;583;150
583;579;147
583;580;142
583;582;150
583;587;488
584;580;269
584;581;317
585;587;196
585;588;235
586;587;174
586;589;132
587;583;488
587;585;196
587;586;174
588;585;235
588;591;208
589;586;132
590;591;181
590;592;407
591;588;208
591;590;181
592;590;407
592;595;101
593;597;248
594;595;166
595;592;101
595;594;166
595;596;252
596;595;252
596;598;120
596;600;203
597;593;248
597;599;243
598;596;120
598;599;174
598;601;380
599;597;243
599;598;174
600;596;203
601;598;380
601;605;172
602;603;202
602;606;217
603;602;202
603;607;162
604;608;250
605;601;172
605;609;306
606;602;217
606;609;312
607;603;162
607;608;161
608;604;250
608;607;161
609;605;306
609;606;312
609;612;394
610;614;275
611;612;192
611;613;173
612;609;394
612;611;192
612;614;124
613;611;173
613;617;184
614;610;275
614;612;124
614;616;284
614;618;296
615;618;262
616;614;284
616;620;253
617;613;184
618;614;296
618;615;262
618;621;118
619;622;397
620;616;253
620;624;126
621;618;118
622;619;397
622;624;254
623;624;185
624;620;126
624;622;254
624;623;185
624;627;391
625;627;292
626;629;115
627;624;391
627;625;292
627;628;497
628;627;497
628;629;230
628;632;242
629;626;115
629;628;230
630;633;163
631;633;151
632;628;242
632;633;243
632;634;321
632;635;209
633;630;163
633;631;151
633;632;243
634;632;321
635;632;209
635;636;121
635;638;208
636;635;121
636;637;302
637;636;302
637;640;523
638;635;208
638;639;233
639;638;233
639;641;255
639;642;384
639;643;379
640;637;523
641;639;255
642;639;384
642;644;208
643;639;379
644;642;208
644;646;139
645;648;311
646;644;139
646;648;161
647;648;230
647;649;194
648;645;311
648;646;161
648;647;230
649;647;194
649;650;135
649;652;130
650;649;135
651;652;137
652;649;130
652;651;137
652;653;238
652;656;267
653;652;238
653;654;142
653;655;174
654;653;142
654;657;318
654;658;328
655;653;174
656;652;267
657;654;318
657;659;415
658;654;328
658;660;268
658;662;176
659;657;415
660;658;268
661;664;301
661;665;404
662;658;176
662;663;133
662;666;176
663;662;133
663;664;255
664;661;301
664;663;255
665;661;404
666;662;176
666;669;139
667;670;474
668;669;210
668;671;113
669;666;139
669;668;210
669;672;176
670;667;474
670;672;132
670;674;268
671;668;113
671;673;229
672;669;176
672;670;132
673;671;229
674;670;268
674;676;374
675;678;203
676;674;374
676;677;564
676;679;152
677;676;564
678;675;203
678;679;111
679;676;152
679;678;111
679;680;285
680;679;285
680;682;255
680;684;182
681;682;296
682;680;255
682;681;296
683;684;326
684;680;182
684;683;326
684;687;189
685;687;189
685;689;141
686;689;249
687;684;189
687;685;189
687;688;246
688;687;246
688;690;257
688;691;301
689;685;141
689;686;249
689;693;252
690;688;257
690;694;101
691;688;301
692;694;180
693;689;252
693;696;171
694;690;101
694;692;180
695;697;200
695;699;586
696;693;171
696;698;103
697;695;200
697;698;275
698;696;103
698;697;275
698;700;659
698;701;641
699;695;586
700;698;659
700;703;572
701;698;641
702;704;163
703;700;572
703;704;449
704;702;163
704;703;449
704;705;305
704;708;169
705;704;305
706;707;320
707;706;320
707;709;394
708;704;169
708;709;227
708;711;292
709;707;394
709;708;227
710;712;102
710;714;140
711;708;292
711;714;407
712;710;102
712;713;367
713;712;367
713;716;419
714;710;140
714;711;407
715;716;118
715;717;100
716;713;419
716;715;118
717;715;100
717;718;338
717;719;173
718;717;338
719;717;173
719;720;220
720;719;220
720;721;121
721;720;121
721;722;358
721;724;100
722;721;358
723;724;121
723;727;121
724;721;100
724;723;121
724;728;134
725;726;290
725;728;256
726;725;290
727;723;121
727;730;259
728;724;134
728;725;256
729;731;121
730;727;259
730;733;123
731;729;121
731;732;376
731;735;142
732;731;376
733;730;123
733;734;219
734;733;219
734;736;235
734;737;214
735;731;142
735;736;138
735;738;274
736;734;235
736;735;138
736;740;188
737;734;214
737;741;552
738;735;274
739;742;487
740;736;188
741;737;552
741;743;287
742;739;487
742;743;386
742;746;322
743;741;287
743;742;386
744;745;328
744;747;247
745;744;328
746;742;322
746;747;270
746;749;164
746;750;147
747;744;247
747;746;270
747;751;415
748;752;139
749;746;164
750;746;147
750;752;251
750;753;304
751;747;415
752;748;139
752;750;251
752;756;387
753;750;304
754;758;332
755;757;450
756;752;387
756;758;280
757;755;450
757;758;271
757;759;418
758;754;332
758;756;280
758;757;271
758;760;131
758;761;207
759;757;418
760;758;131
760;762;164
761;758;207
762;760;164
762;763;208
763;762;208
763;765;370
764;765;107
764;768;320
765;763;370
765;764;107
765;767;559
765;769;166
766;768;366
767;765;559
768;764;320
768;766;366
769;765;166
769;770;102
769;771;264
769;772;167
770;769;102
770;773;188
771;769;264
771;775;241
772;769;167
772;774;171
773;770;188
774;772;171
775;771;241
775;778;361
776;777;361
777;776;361
777;778;255
778;775;361
778;777;255
778;780;335
779;781;211
779;782;165
780;778;335
780;782;239
781;779;211
781;785;366
782;779;165
782;780;239
782;783;382
783;782;382
784;787;141
784;788;119
785;781;366
785;789;142
786;788;162
787;784;141
787;789;182
787;790;291
788;784;119
788;786;162
789;785;142
789;787;182
790;787;291
790;792;452
790;794;124
791;795;178
792;790;452
793;795;155
793;796;120
794;790;124
794;796;142
794;797;199
795;791;178
795;793;155
796;793;120
796;794;142
796;798;288
796;800;163
797;794;199
798;796;288
799;801;227
799;802;221
800;796;163
800;801;117
801;799;227
801;800;117
802;799;221
802;805;365
803;804;332
804;803;332
804;805;259
804;806;221
805;802;365
805;804;259
805;808;126
806;804;221
807;808;278
807;810;107
808;805;126
808;807;278
808;809;414
809;808;414
810;807;107
810;811;506
810;812;484
810;813;442
811;810;506
812;810;484
813;810;442
813;815;141
813;816;244
814;816;128
815;813;141
815;819;268
816;813;244
816;814;128
817;818;321
817;819;341
818;817;321
819;815;268
819;817;341
819;821;498
820;822;124
821;819;498
821;825;289
822;820;124
822;823;165
822;825;154
823;822;165
824;828;171
825;821;289
825;822;154
825;826;105
825;827;155
825;829;219
826;825;105
827;825;155
827;830;117
827;831;297
828;824;171
828;830;354
829;825;219
830;827;117
830;828;354
831;827;297
831;834;208
832;833;201
832;835;230
832;836;241
833;832;201
834;831;208
834;837;219
835;832;230
835;837;175
836;832;241
836;838;338
837;834;219
837;835;175
838;836;338
838;839;112
838;841;269
839;838;112
840;843;103
841;838;269
841;842;169
841;845;340
842;841;169
842;844;107
842;846;163
843;840;103
843;846;271
844;842;107
844;848;317
845;841;340
845;847;223
846;842;163
846;843;271
847;845;223
848;844;317
848;851;253
848;852;232
849;850;183
849;851;213
850;849;183
851;848;253
851;849;213
852;848;232
852;853;123
852;856;278
853;852;123
853;854;102
853;855;211
854;853;102
854;857;154
855;853;211
855;858;276
856;852;278
856;859;324
857;854;154
858;855;276
859;856;324
859;861;153
860;862;253
860;864;199
861;859;153
861;863;109
862;860;253
862;863;162
863;861;109
863;862;162
863;865;279
864;860;199
865;863;279
865;868;181
866;869;259
867;868;223
867;871;116
868;865;181
868;867;223
868;869;106
868;872;240
869;866;259
869;868;106
869;870;282
870;869;282
870;874;354
871;867;116
872;868;240
872;876;312
873;876;202
873;877;311
874;870;354
875;877;347
876;872;312
876;873;202
877;873;311
877;875;347
877;878;176
878;877;176
878;879;327
879;878;327
879;883;178
880;882;243
881;882;320
882;880;243
882;881;320
882;884;129
882;886;108
883;879;178
883;885;140
883;887;161
884;882;129
885;883;140
885;886;115
886;882;108
886;885;115
886;888;119
886;889;225
887;883;161
887;891;101
888;886;119
889;886;225
890;893;177
891;887;101
891;892;347
892;891;347
892;895;249
893;890;177
893;895;184
894;895;124
895;892;249
895;893;184
895;894;124
895;897;465
896;897;246
897;895;465
897;896;246
897;900;244
898;900;365
899;903;356
900;897;244
900;898;365
900;902;116
900;903;183
901;904;378
902;900;116
902;906;192
903;899;356
903;900;183
903;907;311
904;901;378
904;906;128
905;908;477
905;909;514
906;902;192
906;904;128
906;908;464
907;903;311
908;905;477
908;906;464
908;910;287
909;905;514
909;911;163
910;908;287
911;909;163
911;912;205
912;911;205
912;916;408
913;914;468
913;916;111
914;913;468
915;916;339
916;912;408
916;913;111
916;915;339
916;918;225
916;919;248
917;920;135
918;916;225
918;921;181
918;922;199
919;916;248
919;920;173
920;917;135
920;919;173
921;918;181
921;924;273
922;918;199
923;926;100
924;921;273
924;928;428
925;926;230
925;928;263
926;923;100
926;925;230
927;928;101
928;924;428
928;925;263
928;927;101
928;929;229
929;928;229
929;930;236
930;929;236
930;933;225
931;933;282
931;935;153
932;933;318
933;930;225
933;931;282
933;932;318
933;934;362
934;933;362
934;936;308
934;938;177
935;931;153
935;937;321
936;934;308
936;939;427
937;935;321
938;934;177
939;936;427
939;940;183
939;941;464
940;939;183
941;939;464
941;944;100
941;945;237
942;946;291
943;944;164
944;941;100
944;943;164
944;947;316
945;941;237
945;946;123
945;948;241
945;949;197
946;942;291
946;945;123
947;944;316
948;945;241
949;945;197
949;952;239
950;951;120
950;953;233
951;950;120
951;952;223
952;949;239
952;951;223
953;950;233
953;957;388
954;957;551
954;958;197
955;956;125
956;955;125
956;959;356
957;953;388
957;954;551
957;959;317
957;960;241
958;954;197
959;956;356
959;957;317
960;957;241
960;964;249
961;963;224
962;965;201
962;966;193
963;961;224
963;965;133
964;960;249
964;967;318
965;962;201
965;963;133
965;969;204
966;962;193
966;970;266
967;964;318
967;971;328
968;972;439
969;965;204
969;971;174
970;966;266
970;973;258
971;967;328
971;969;174
972;968;439
972;976;130
973;970;258
973;974;187
974;973;187
974;975;180
975;974;180
975;977;283
976;972;130
976;980;245
977;975;283
977;981;296
978;979;111
978;981;250
979;978;111
980;976;245
980;981;162
981;977;296
981;978;250
981;980;162
981;984;254
982;986;168
983;984;100
983;987;159
984;981;254
984;983;100
984;988;106
985;988;192
986;982;168
986;988;269
987;983;159
987;989;264
987;991;125
988;984;106
988;985;192
988;986;269
989;987;264
989;990;260
989;992;140
990;989;260
990;993;297
991;987;125
992;989;140
993;990;297
993;994;367
993;996;425
994;993;367
995;999;479
996;993;425
996;997;398
996;998;173
996;999;277
997;996;398
998;996;173
999;995;479
999;996;277
999;1000;157
1000;999;157
1000;1004;309
1001;1002;249
1002;1001;249
1002;1005;153
1003;1007;115
1004;1000;309
1004;1005;134
1005;1002;153
1005;1004;134
1005;1008;255
1006;1007;293
1007;1003;115
1007;1006;293
1007;1008;347
1008;1005;255
1008;1007;347
1008;1009;168
1008;1010;295
1009;1008;168
1010;1008;295
1010;1011;266
1010;1014;489
1011;1010;266
1011;1013;157
1012;1013;246
1012;1015;282
1013;1011;157
1013;1012;246
1013;1017;167
1014;1010;489
1014;1016;241
1015;1012;282
1016;1014;241
1016;1018;114
1016;1020;162
1017;1013;167
1018;1016;114
1019;1021;387
1020;1016;162
1020;1022;112
1021;1019;387
1021;1022;138
1021;1023;206
1021;1025;348
1022;1020;112
1022;1021;138
1022;1026;444
1023;1021;206
1023;1024;346
1024;1023;346
1025;1021;348
1025;1029;359
1026;1022;444
1027;1031;293
1028;1030;260
1029;1025;359
1029;1031;111
1030;1028;260
1030;1031;133
1030;1032;243
1031;1027;293
1031;1029;111
1031;1030;133
1031;1033;216
1031;1035;322
1032;1030;243
1033;1031;216
1034;1036;440
1035;1031;322
1035;1036;285
1036;1034;440
1036;1035;285
1036;1037;305
1036;1039;287
1037;1036;305
1038;1039;194
1039;1036;287
1039;1038;194
1039;1043;241
1040;1043;228
1040;1044;152
1041;1042;285
1041;1043;147
1041;1045;241
1042;1041;285
1043;1039;241
1043;1040;228
1043;1041;147
1044;1040;152
1045;1041;241
1045;1047;191
1046;1048;168
1046;1049;114
1047;1045;191
1047;1049;195
1048;1046;168
1048;1052;170
1049;1046;114
1049;1047;195
1049;1050;191
1049;1053;238
1050;1049;191
1051;1052;489
1052;1048;170
1052;1051;489
1052;1054;345
1052;1056;152
1053;1049;238
1054;1052;345
1055;1057;266
1056;1052;152
1056;1060;406
1057;1055;266
1057;1058;127
1057;1061;166
1058;1057;127
1058;1059;255
1058;1060;177
1059;1058;255
1060;1056;406
1060;1058;177
1060;1064;173
1061;1057;166
1061;1062;229
1062;1061;229
1063;1066;319
1064;1060;173
1064;1068;367
1065;1068;373
1066;1063;319
1066;1067;160
1067;1066;160
1067;1068;339
1067;1070;313
1067;1071;145
1068;1064;367
1068;1065;373
1068;1067;339
1069;1073;262
1070;1067;313
1070;1072;155
1070;1074;259
1071;1067;145
1072;1070;155
1073;1069;262
1073;1076;292
1074;1070;259
1074;1077;149
1074;1078;171
1075;1076;272
1075;1077;118
1076;1073;292
1076;1075;272
1076;1080;246
1077;1074;149
1077;1075;118
1078;1074;171
1079;1082;161
1080;1076;246
1080;1081;103
1080;1084;253
1081;1080;103
1082;1079;161
1082;1083;213
1083;1082;213
1083;1086;206
1084;1080;253
1084;1086;221
1085;1089;183
1086;1083;206
1086;1084;221
1086;1088;162
1086;1089;145
1086;1090;147
1087;1088;187
1088;1086;162
1088;1087;187
1089;1085;183
1089;1086;145
1090;1086;147
1090;1094;214
1091;1092;169
1091;1094;195
1092;1091;169
1092;1096;160
1093;1095;132
1094;1090;214
1094;1091;195
1094;1095;141
1095;1093;132
1095;1094;141
1096;1092;160
1096;1100;116
1097;1098;110
1098;1097;110
1098;1099;141
1098;1102;152
1099;1098;141
1099;1101;207
1099;1103;301
1100;1096;116
1100;1102;207
1100;1104;248
1101;1099;207
1102;1098;152
1102;1100;207
1102;1106;218
1103;1099;301
1104;1100;248
1105;1108;384
1106;1102;218
1106;1107;424
1106;1109;288
1107;1106;424
1108;1105;384
1108;1110;275
1109;1106;288
1109;1112;306
1110;1108;275
1110;1111;411
1111;1110;411
1111;1112;196
1111;1113;396
1112;1109;306
1112;1111;196
1112;1114;199
1112;1115;203
1113;1111;396
1114;1112;199
1114;1118;214
1115;1112;203
1115;1116;249
1116;1115;249
1117;1120;228
1118;1114;214
1118;1119;112
1119;1118;112
1119;1120;136
1119;1123;134
1120;1117;228
1120;1119;136
1121;1122;221
1122;1121;221
1122;1124;107
1123;1119;134
1123;1125;128
1124;1122;107
1124;1126;270
1124;1128;277
1125;1123;128
1125;1128;151
1126;1124;270
1127;1128;221
1127;1130;286
1128;1124;277
1128;1125;151
1128;1127;221
1129;1131;261
1130;1127;286
1130;1132;263
1131;1129;261
1131;1135;190
1132;1130;263
1132;1133;111
1133;1132;111
1133;1134;297
1133;1135;209
1134;1133;297
1134;1136;425
1135;1131;190
1135;1133;209
1136;1134;425
1136;1137;158
1136;1140;158
1137;1136;158
1137;1138;341
1138;1137;341
1139;1140;200
1140;1136;158
1140;1139;200
1140;1142;121
1141;1143;451
1141;1145;277
1142;1140;121
1142;1146;298
1143;1141;451
1144;1148;477
1145;1141;277
1145;1146;283
1146;1142;298
1146;1145;283
1146;1150;285
1147;1150;302
1148;1144;477
1148;1152;106
1149;1151;420
1150;1146;285
1150;1147;302
1150;1152;146
1151;1149;420
1151;1152;118
1152;1148;106
1152;1150;146
1152;1151;118
1152;1154;283
1152;1155;277
1153;1156;357
1154;1152;283
1155;1152;277
1155;1156;322
1155;1158;337
1155;1159;100
1156;1153;357
1156;1155;322
1157;1160;333
1157;1161;200
1158;1155;337
1158;1161;468
1158;1162;441
1159;1155;100
1159;1163;554
1160;1157;333
1161;1157;200
1161;1158;468
1162;1158;441
1163;1159;554
1163;1165;179
1164;1166;275
1165;1163;179
1165;1167;172
1166;1164;275
1166;1168;110
1166;1169;243
1166;1170;242
1167;1165;172
1167;1171;101
1168;1166;110
1169;1166;243
1169;1173;397
1170;1166;242
1171;1167;101
1171;1173;459
1172;1176;391
1173;1169;397
1173;1171;459
1173;1176;176
1173;1177;195
1174;1175;184
1175;1174;184
1175;1177;140
1176;1172;391
1176;1173;176
1177;1173;195
1177;1175;140
1177;1178;269
1177;1179;410
1177;1180;260
1177;1181;369
1178;1177;269
1179;1177;410
1179;1182;122
1180;1177;260
1181;1177;369
1181;1183;259
1181;1184;304
1182;1179;122
1183;1181;259
1184;1181;304
1184;1188;156
1185;1188;279
1185;1189;172
1186;1188;246
1186;1190;164
1187;1190;270
1187;1191;369
1188;1184;156
1188;1185;279
1188;1186;246
1189;1185;172
1189;1192;315
1190;1186;164
1190;1187;270
1190;1194;274
1191;1187;369
1192;1189;315
1192;1196;304
1193;1195;203
1194;1190;274
1195;1193;203
1195;1196;225
1196;1192;304
1196;1195;225
1196;1197;262
1197;1196;262
1197;1201;201
1198;1201;126
1199;1200;308
1199;1203;269
1200;1199;308
1201;1197;201
1201;1198;126
1201;1204;127
1202;1205;190
1203;1199;269
1203;1205;175
1204;1201;127
1204;1205;283
1204;1207;118
1205;1202;190
1205;1203;175
1205;1204;283
1206;1207;127
1206;1209;286
1206;1210;168
1207;1204;118
1207;1206;127
1208;1209;222
1208;1212;522
1209;1206;286
1209;1208;222
1210;1206;168
1210;1213;172
1211;1214;161
1211;1215;277
1212;1208;522
1213;1210;172
1213;1217;271
1214;1211;161
1215;1211;277
1215;1216;208
1215;1219;192
1216;1215;208
1217;1213;271
1217;1221;214
1218;1222;372
1219;1215;192
1219;1221;171
1220;1221;243
1221;1217;214
1221;1219;171
1221;1220;243
1221;1222;433
1222;1218;372
1222;1221;433
1222;1223;164
1223;1222;164
1223;1225;363
1223;1226;254
1224;1227;149
1225;1223;363
1226;1223;254
1226;1228;189
1226;1229;132
1227;1224;149
1227;1229;134
1228;1226;189
1228;1231;174
1229;1226;132
1229;1227;134
1229;1232;138
1230;1234;332
1231;1228;174
1232;1229;138
1232;1233;219
1233;1232;219
1233;1235;265
1234;1230;332
1234;1236;218
1235;1233;265
1235;1238;282
1235;1239;227
1236;1234;218
1236;1239;155
1237;1238;229
1238;1235;282
1238;1237;229
1239;1235;227
1239;1236;155
1239;1242;141
1239;1243;113
1240;1244;295
1241;1244;276
1242;1239;141
1243;1239;113
1243;1245;281
1244;1240;295
1244;1241;276
1244;1246;105
1245;1243;281
1245;1247;207
1246;1244;105
1246;1249;268
1247;1245;207
1247;1249;290
1248;1249;140
1249;1246;268
1249;1247;290
1249;1248;140
1249;1252;219
1250;1252;221
1250;1254;391
1251;1255;297
1252;1249;219
1252;1250;221
1252;1253;212
1252;1256;132
1253;1252;212
1254;1250;391
1255;1251;297
1255;1258;202
1256;1252;132
1256;1257;119
1256;1258;272
1257;1256;119
1257;1260;320
1258;1255;202
1258;1256;272
1259;1261;102
1260;1257;320
1260;1261;106
1261;1259;102
1261;1260;106
1261;1262;169
1261;1263;218
1262;1261;169
1262;1264;205
1262;1266;156
1263;1261;218
1264;1262;205
1265;1266;254
1266;1262;156
1266;1265;254
1266;1268;103
1267;1268;118
1268;1266;103
1268;1267;118
1268;1270;210
1269;1272;118
1270;1268;210
1270;1273;236
1271;1272;121
1272;1269;118
1272;1271;121
1272;1274;174
1272;1276;184
1273;1270;236
1273;1276;175
1273;1277;116
1274;1272;174
1275;1277;159
1276;1272;184
1276;1273;175
1276;1280;111
1277;1273;116
1277;1275;159
1277;1278;179
1278;1277;179
1279;1282;535
1280;1276;111
1280;1284;129
1281;1283;161
1282;1279;535
1282;1284;196
1282;1285;202
1282;1286;196
1283;1281;161
1283;1286;146
1284;1280;129
1284;1282;196
1285;1282;202
1285;1287;283
1285;1289;246
1286;1282;196
1286;1283;146
1286;1288;310
1286;1290;422
1287;1285;283
1288;1286;310
1289;1285;246
1289;1291;294
1290;1286;422
1291;1289;294
1291;1292;288
1291;1293;145
1292;1291;288
1292;1294;392
1293;1291;145
1294;1292;392
1294;1296;230
1295;1296;390
1295;1297;236
1295;1298;191
1296;1294;230
1296;1295;390
1296;1300;248
1297;1295;236
1297;1301;185
1298;1295;191
1299;1302;400
1300;1296;248
1300;1302;101
1301;1297;185
1302;1299;400
1302;1300;101
1302;1306;198
1303;1306;239
1304;1305;223
1304;1306;239
1304;1307;148
1305;1304;223
1306;1302;198
1306;1303;239
1306;1304;239
1307;1304;148
1307;1308;166
1308;1307;166
1308;1310;269
1309;1312;154
1309;1313;205
1310;1308;269
1310;1313;283
1311;1315;139
1312;1309;154
1313;1309;205
1313;1310;283
1313;1314;107
1313;1315;216
1314;1313;107
1315;1311;139
1315;1313;216
1315;1319;389
1316;1320;489
1317;1319;361
1317;1320;395
1318;1322;459
1319;1315;389
1319;1317;361
1320;1316;489
1320;1317;395
1320;1323;304
1321;1322;275
1321;1325;282
1322;1318;459
1322;1321;275
1322;1323;139
1323;1320;304
1323;1322;139
1324;1325;141
1324;1328;169
1325;1321;282
1325;1324;141
1325;1327;137
1326;1327;135
1327;1325;137
1327;1326;135
1327;1331;162
1328;1324;169
1328;1332;153
1329;1331;356
1330;1332;215
1331;1327;162
1331;1329;356
1332;1328;153
1332;1330;215
1332;1333;234
1332;1335;190
1333;1332;234
1333;1334;258
1334;1333;258
1335;1332;190
1335;1336;134
1336;1335;134
1336;1340;154
1337;1338;164
1337;1340;189
1338;1337;164
1339;1342;214
1340;1336;154
1340;1337;189
1340;1341;271
1341;1340;271
1341;1343;128
1341;1344;147
1341;1345;113
1342;1339;214
1342;1345;176
1343;1341;128
1344;1341;147
1344;1346;199
1345;1341;113
1345;1342;176
1346;1344;199
1346;1350;266
1347;1348;374
1347;1350;139
1348;1347;374
1349;1353;408
1350;1346;266
1350;1347;139
1350;1351;262
1351;1350;262
1351;1352;185
1351;1353;176
1352;1351;185
1352;1354;254
1352;1355;118
1352;1356;233
1353;1349;408
1353;1351;176
1354;1352;254
1355;1352;118
1355;1358;432
1356;1352;233
1357;1361;351
1358;1355;432
1358;1360;188
1359;1361;291
1360;1358;188
1360;1361;238
1361;1357;351
1361;1359;291
1361;1360;238
1361;1363;150
1362;1363;203
1363;1361;150
1363;1362;203
1363;1365;218
1364;1365;180
1364;1367;225
1365;1363;218
1365;1364;180
1366;1367;119
1366;1368;183
1367;1364;225
1367;1366;119
1367;1370;483
1368;1366;183
1369;1370;264
1369;1371;344
1370;1367;483
1370;1369;264
1370;1372;512
1371;1369;344
1371;1373;240
1372;1370;512
1373;1371;240
1373;1375;157
1374;1375;130
1374;1376;261
1374;1378;172
1375;1373;157
1375;1374;130
1375;1377;334
1376;1374;261
1377;1375;334
1378;1374;172
1378;1381;398
1379;1381;309
1379;1382;178
1380;1382;356
1381;1378;398
1381;1379;309
1382;1379;178
1382;1380;356
1382;1384;298
1383;1387;255
1384;1382;298
1384;1388;331
1385;1389;267
1386;1389;116
1387;1383;255
1387;1391;132
1388;1384;331
1388;1391;316
1389;1385;267
1389;1386;116
1389;1391;491
1390;1391;236
1390;1392;243
1391;1387;132
1391;1388;316
1391;1389;491
1391;1390;236
1392;1390;243
1392;1394;367
1393;1395;143
1394;1392;367
1394;1395;112
1395;1393;143
1395;1394;112
1395;1396;163
1396;1395;163
1396;1398;172
1397;1399;258
1398;1396;172
1398;1400;216
1398;1402;205
1399;1397;258
1399;1400;186
1399;1401;171
1400;1398;216
1400;1399;186
1400;1403;115
1401;1399;171
1402;1398;205
1403;1400;115
1403;1406;268
1404;1405;376
1404;1406;206
1405;1404;376
1405;1407;222
1406;1403;268
1406;1404;206
1406;1410;416
1407;1405;222
1408;1411;166
1409;1411;152
1410;1406;416
1410;1411;348
1411;1408;166
1411;1409;152
1411;1410;348
1411;1412;111
1411;1414;181
1412;1411;111
1413;1414;304
1414;1411;181
1414;1413;304
1414;1415;272
1414;1418;230
1415;1414;272
1415;1416;257
1416;1415;257
1417;1419;344
1418;1414;230
1418;1419;280
1418;1422;216
1419;1417;344
1419;1418;280
1420;1421;215
1420;1422;176
1421;1420;215
1421;1423;169
1421;1425;181
1422;1418;216
1422;1420;176
1423;1421;169
1424;1426;129
1425;1421;181
1425;1426;149
1426;1424;129
1426;1425;149
1426;1427;244
1427;1426;244
1427;1428;486
1427;1429;143
1427;1430;554
1428;1427;486
1429;1427;143
1430;1427;554
1430;1431;287
1431;1430;287
1431;1433;241
1432;1435;222
1432;1436;219
1433;1431;241
1433;1435;123
1434;1436;149
1435;1432;222
1435;1433;123
1436;1432;219
1436;1434;149
1436;1439;211
1436;1440;137
1437;1439;170
1438;1441;208
1439;1436;211
1439;1437;170
1440;1436;137
1440;1443;107
1440;1444;261
1441;1438;208
1441;1444;258
1442;1443;180
1443;1440;107
1443;1442;180
1444;1440;261
1444;1441;258
1444;1445;317
1445;1444;317
1445;1446;390
1446;1445;390
1446;1448;375
1446;1449;237
1447;1449;492
1448;1446;375
1449;1446;237
1449;1447;492
1449;1451;360
1450;1451;135
1451;1449;360
1451;1450;135
1451;1453;127
1452;1454;301
1452;1455;263
1453;1451;127
1453;1455;343
1453;1456;144
1453;1457;326
1454;1452;301
1455;1452;263
1455;1453;343
1456;1453;144
1456;1458;345
1457;1453;326
1458;1456;345
1458;1459;245
1458;1460;160
1459;1458;245
1460;1458;160
1460;1462;115
1460;1464;157
1461;1463;302
1462;1460;115
1462;1465;109
1463;1461;302
1463;1465;106
1464;1460;157
1465;1462;109
1465;1463;106
1465;1467;161
1466;1468;132
1466;1469;102
1466;1470;120
1467;1465;161
1467;1469;199
1468;1466;132
1469;1466;102
1469;1467;199
1469;1471;179
1469;1472;157
1470;1466;120
1470;1474;381
1471;1469;179
1472;1469;157
1472;1473;130
1473;1472;130
1474;1470;381
1474;1477;301
1475;1478;412
1476;1477;296
1476;1478;238
1476;1479;226
1477;1474;301
1477;1476;296
1478;1475;412
1478;1476;238
1479;1476;226
1479;1482;407
1480;1481;126
1480;1482;210
1480;1484;147
1481;1480;126
1481;1485;120
1482;1479;407
1482;1480;210
1483;1487;313
1484;1480;147
1485;1481;120
1485;1486;221
1485;1489;114
1486;1485;221
1486;1488;276
1486;1490;150
1487;1483;313
1487;1488;232
1487;1491;106
1488;1486;276
1488;1487;232
1489;1485;114
1490;1486;150
1490;1493;252
1491;1487;106
1492;1494;315
1492;1496;246
1493;1490;252
1493;1495;152
1494;1492;315
1494;1495;179
1494;1498;198
1495;1493;152
1495;1494;179
1496;1492;246
1497;1500;298
1498;1494;198
1498;1501;237
1499;1503;238
1500;1497;298
1500;1501;289
1501;1498;237
1501;1500;289
1501;1504;276
1501;1505;199
1502;1503;182
1503;1499;238
1503;1502;182
1503;1505;235
1503;1506;207
1504;1501;276
1505;1501;199
1505;1503;235
1505;1508;145
1506;1503;207
1506;1507;158
1507;1506;158
1507;1509;261
1508;1505;145
1509;1507;261
1509;1513;261
1510;1512;245
1510;1514;395
1511;1515;353
1512;1510;245
1512;1513;215
1513;1509;261
1513;1512;215
1513;1517;193
1514;1510;395
1515;1511;353
1515;1516;214
1515;1519;263
1516;1515;214
1516;1520;153
1517;1513;193
1517;1518;265
1518;1517;265
1518;1519;286
1519;1515;263
1519;1518;286
1519;1522;247
1520;1516;153
1521;1524;284
1522;1519;247
1522;1523;264
1523;1522;264
1523;1525;255
1523;1527;221
1524;1521;284
1524;1525;293
1525;1523;255
1525;1524;293
1526;1528;235
1527;1523;221
1527;1530;221
1528;1526;235
1528;1531;119
1529;1530;142
1530;1527;221
1530;1529;142
1530;1533;125
1531;1528;119
1531;1532;106
1532;1531;106
1532;1535;380
1532;1536;131
1533;1530;125
1533;1536;134
1534;1537;264
1535;1532;380
1535;1538;236
1536;1532;131
1536;1533;134
1537;1534;264
1537;1539;263
1538;1535;236
1538;1540;206
1538;1541;142
1539;1537;263
1539;1540;159
1540;1538;206
1540;1539;159
1540;1542;204
1541;1538;142
1542;1540;204
1542;1546;144
1543;1545;167
1544;1548;193
1545;1543;167
1545;1547;191
1546;1542;144
1546;1547;314
1546;1550;350
1547;1545;191
1547;1546;314
1547;1548;144
1548;1544;193
1548;1547;144
1549;1552;449
1550;1546;350
1550;1553;389
1551;1552;372
1551;1555;215
1552;1549;449
1552;1551;372
1553;1550;389
1553;1557;171
1554;1555;429
1555;1551;215
1555;1554;429
1555;1557;112
1555;1558;326
1556;1560;152
1557;1553;171
1557;1555;112
1558;1555;326
1558;1560;221
1559;1560;113
1560;1556;152
1560;1558;221
1560;1559;113
1560;1563;293
1561;1565;189
1562;1563;220
1563;1560;293
1563;1562;220
1563;1566;170
1564;1566;207
1565;1561;189
1565;1569;229
1566;1563;170
1566;1564;207
1566;1567;267
1567;1566;267
1567;1568;192
1568;1567;192
1568;1569;250
1568;1570;122
1568;1572;393
1569;1565;229
1569;1568;250
1570;1568;122
1571;1572;273
1571;1574;228
1572;1568;393
1572;1571;273
1572;1575;104
1572;1576;301
1573;1574;127
1574;1571;228
1574;1573;127
1575;1572;104
1576;1572;301
1576;1578;150
1577;1580;563
1578;1576;150
1578;1580;366
1579;1582;290
1580;1577;563
1580;1578;366
1580;1584;293
1581;1583;156
1582;1579;290
1582;1583;265
1582;1585;201
1583;1581;156
1583;1582;265
1583;1586;149
1583;1587;271
1584;1580;293
1584;1588;127
1585;1582;201
1586;1583;149
1587;1583;271
