0;1;277
1;0;277
1;2;174
2;1;174
2;4;153
3;6;445
4;2;153
4;5;119
4;6;315
4;8;551
5;4;119
6;3;445
6;4;315
6;7;116
6;9;164
7;6;116
8;4;551
9;6;164
9;10;162
10;9;162
10;13;221
10;14;104
11;12;285
12;11;285
12;13;312
13;10;221
13;12;312
14;10;104
14;16;354
15;17;108
16;14;354
16;19;156
17;15;108
17;21;243
18;20;194
19;16;156
19;21;263
20;18;194
20;23;436
21;17;243
21;19;263
21;25;249
22;23;173
23;20;436
23;22;173
23;27;208
24;26;183
24;27;210
25;21;249
25;28;202
26;24;183
27;23;208
27;24;210
27;28;183
27;31;415
28;25;202
28;27;183
28;30;191
29;33;105
30;28;191
30;32;271
30;33;149
31;27;415
32;30;271
32;35;129
32;36;346
33;29;105
33;30;149
34;36;227
35;32;129
35;39;333
36;32;346
36;34;227
36;38;299
37;40;431
38;36;299
38;40;261
39;35;333
39;41;276
40;37;431
40;38;261
40;42;160
41;39;276
41;43;109
42;40;160
43;41;109
43;46;114
44;46;390
45;46;198
45;47;324
46;43;114
46;44;390
46;45;198
47;45;324
47;49;309
48;52;193
49;47;309
49;53;274
50;52;265
51;52;120
52;48;193
52;50;265
52;51;120
52;54;213
53;49;274
53;54;123
53;57;304
54;52;213
54;53;123
54;56;388
54;58;199
55;56;216
56;54;388
56;55;216
57;53;304
57;59;182
58;54;199
59;57;182
59;63;347
60;64;218
61;62;211
61;63;172
62;61;211
62;64;197
63;59;347
63;61;172
63;65;188
64;60;218
64;62;197
64;67;290
65;63;188
65;66;150
66;65;150
66;70;131
67;64;290
68;70;191
69;70;293
70;66;131
70;68;191
70;69;293
70;73;217
71;74;414
72;76;297
73;70;217
73;76;143
73;77;273
74;71;414
74;76;206
74;78;184
75;79;237
76;72;297
76;73;143
76;74;206
77;73;273
77;80;297
78;74;184
78;81;190
79;75;237
79;81;303
80;77;297
81;78;190
81;79;303
81;83;459
82;85;334
83;81;459
83;84;321
83;87;105
84;83;321
85;82;334
85;89;355
86;87;332
86;90;160
87;83;105
87;86;332
88;92;359
89;85;355
89;92;339
90;86;160
90;93;399
91;94;236
91;95;204
92;88;359
92;89;339
92;93;273
93;90;399
93;92;273
93;95;291
94;91;236
95;91;204
95;93;291
95;99;267
96;100;266
97;98;117
97;99;124
98;97;117
99;95;267
99;97;124
99;100;183
99;101;158
99;103;160
100;96;266
100;99;183
100;102;286
101;99;158
102;100;286
103;99;160
103;105;149
103;107;160
104;106;534
104;107;338
105;103;149
106;104;534
107;103;160
107;104;338
107;108;156
107;109;439
107;111;307
108;107;156
109;107;439
110;112;303
110;114;145
111;107;307
111;112;134
112;110;303
112;111;134
113;114;237
113;116;284
114;110;145
114;113;237
114;117;150
115;116;250
116;113;284
116;115;250
117;114;150
117;118;172
117;121;490
118;117;172
118;119;179
119;118;179
119;120;422
120;119;422
121;117;490
121;124;222
122;126;521
123;125;215
123;126;317
124;121;222
124;125;303
125;123;215
125;124;303
126;122;521
126;123;317
126;129;116
126;130;125
127;129;287
128;129;194
129;126;116
129;127;287
129;128;194
129;131;165
129;133;119
130;126;125
130;132;134
131;129;165
132;130;134
132;134;223
132;135;348
133;129;119
134;132;223
134;137;339
135;132;348
135;139;268
136;137;172
137;134;339
137;136;172
137;140;153
138;139;400
139;135;268
139;138;400
140;137;153
140;143;315
141;143;118
141;144;212
142;143;256
142;146;193
143;140;315
143;141;118
143;142;256
144;141;212
145;147;168
146;142;193
146;150;332
147;145;168
147;149;444
148;149;151
149;147;444
149;148;151
149;151;233
150;146;332
150;153;246
151;149;233
151;153;318
151;154;184
152;155;296
153;150;246
153;151;318
153;155;354
154;151;184
155;152;296
155;153;354
155;157;231
156;157;339
157;155;231
157;156;339
157;158;219
157;161;269
158;157;219
159;162;111
160;161;405
160;163;406
160;164;408
161;157;269
161;160;405
162;159;111
162;165;434
163;160;406
163;165;217
164;160;408
165;162;434
165;163;217
165;167;120
165;169;116
166;168;276
166;169;163
167;165;120
167;170;296
168;166;276
169;165;116
169;166;163
170;167;296
170;171;126
170;172;215
170;173;495
171;170;126
172;170;215
172;174;308
173;170;495
173;176;588
174;172;308
174;175;500
174;177;576
175;174;500
175;179;132
176;173;588
177;174;576
177;178;358
178;177;358
179;175;132
179;180;216
180;179;216
180;184;300
181;184;159
181;185;158
182;185;135
183;187;198
184;180;300
184;181;159
185;181;158
185;182;135
185;186;170
186;185;170
186;188;119
186;190;240
187;183;198
187;189;104
188;186;119
188;189;226
189;187;104
189;188;226
190;186;240
190;192;202
191;194;120
192;190;202
192;193;267
193;192;267
193;194;150
193;195;298
193;196;137
194;191;120
194;193;150
195;193;298
195;199;300
196;193;137
196;200;301
197;200;307
197;201;282
198;201;101
199;195;300
200;196;301
200;197;307
201;197;282
201;198;101
201;203;405
201;205;392
202;205;428
203;201;405
203;204;423
204;203;423
205;201;392
205;202;428
205;209;315
206;207;390
206;209;337
207;206;390
207;211;118
208;209;116
209;205;315
209;206;337
209;208;116
210;212;201
211;207;118
211;212;197
211;215;111
212;210;201
212;211;197
213;215;176
213;217;310
214;215;288
214;216;246
215;211;111
215;213;176
215;214;288
216;214;246
217;213;310
217;219;189
218;220;301
219;217;189
219;221;237
220;218;301
220;221;215
221;219;237
221;220;215
221;222;204
221;224;335
222;221;204
222;226;149
223;225;296
224;221;335
225;223;296
225;226;283
225;228;334
226;222;149
226;225;283
227;229;488
228;225;334
228;232;267
229;227;488
229;231;327
230;231;389
230;233;386
231;229;327
231;230;389
231;234;142
232;228;267
232;234;345
233;230;386
234;231;142
234;232;345
234;235;197
235;234;197
235;238;166
235;239;102
236;237;117
237;236;117
237;239;193
237;240;202
238;235;166
239;235;102
239;237;193
239;241;113
240;237;202
240;242;328
240;243;178
240;244;230
241;239;113
242;240;328
243;240;178
243;246;232
244;240;230
244;248;247
245;246;399
246;243;232
246;245;399
246;249;153
247;249;284
248;244;247
248;251;203
249;246;153
249;247;284
249;252;222
250;254;456
251;248;203
251;255;132
252;249;222
253;255;146
253;257;231
254;250;456
254;256;162
255;251;132
255;253;146
256;254;162
256;257;158
256;259;280
257;253;231
257;256;158
257;261;148
258;262;158
259;256;280
260;263;112
261;257;148
261;263;157
262;258;158
262;263;143
263;260;112
263;261;157
263;262;143
263;265;248
263;266;171
263;267;312
264;267;352
264;268;539
265;263;248
266;263;171
266;269;154
267;263;312
267;264;352
268;264;539
269;266;154
269;273;112
270;271;101
270;274;130
271;270;101
271;273;255
272;275;173
273;269;112
273;271;255
273;277;250
274;270;130
274;276;264
275;272;173
275;276;139
276;274;264
276;275;139
276;278;250
276;280;220
277;273;250
278;276;250
278;279;133
279;278;133
280;276;220
280;282;134
281;283;396
282;280;134
282;284;181
282;285;150
283;281;396
283;286;130
283;287;156
284;282;181
284;286;189
285;282;150
285;288;146
286;283;130
286;284;189
286;290;440
287;283;156
287;289;255
287;291;201
288;285;146
289;287;255
289;292;179
290;286;440
291;287;201
292;289;179
292;295;281
293;296;460
294;298;275
295;292;281
295;297;131
296;293;460
296;297;109
297;295;131
297;296;109
297;298;280
297;300;223
298;294;275
298;297;280
298;299;121
299;298;121
299;301;154
300;297;223
300;304;285
301;299;154
302;304;319
303;307;397
304;300;285
304;302;319
304;307;216
305;306;336
306;305;336
306;308;215
307;303;397
307;304;216
307;308;129
308;306;215
308;307;129
308;311;380
309;311;184
310;313;451
311;308;380
311;309;184
311;314;141
312;313;164
312;314;222
313;310;451
313;312;164
313;317;232
314;311;141
314;312;222
315;317;386
316;318;111
317;313;232
317;315;386
317;318;204
318;316;111
318;317;204
318;319;194
318;321;118
318;322;154
319;318;194
320;324;205
321;318;118
321;323;128
322;318;154
323;321;128
323;325;261
324;320;205
324;325;181
324;326;326
325;323;261
325;324;181
326;324;326
326;329;308
327;330;128
327;331;216
328;331;221
329;326;308
329;330;268
330;327;128
330;329;268
331;327;216
331;328;221
331;334;166
332;334;188
333;337;452
334;331;166
334;332;188
334;335;139
334;336;164
334;338;151
335;334;139
335;337;158
336;334;164
337;333;452
337;335;158
337;341;112
338;334;151
338;340;183
339;342;412
340;338;183
340;342;105
340;344;297
341;337;112
342;339;412
342;340;105
343;345;177
344;340;297
344;346;289
345;343;177
345;346;140
345;349;310
346;344;289
346;345;140
346;350;220
347;350;227
348;350;105
348;352;154
349;345;310
350;346;220
350;347;227
350;348;105
350;353;182
351;352;391
352;348;154
352;351;391
352;356;244
353;350;182
353;354;136
353;357;112
354;353;136
355;357;286
356;352;244
356;358;247
357;353;112
357;355;286
357;360;329
358;356;247
358;361;353
359;360;216
360;357;329
360;359;216
361;358;353
361;362;191
361;364;277
362;361;191
362;363;153
363;362;153
363;367;313
364;361;277
364;365;147
364;368;355
365;364;147
366;367;118
366;369;112
367;363;313
367;366;118
368;364;355
369;366;112
369;373;135
370;372;184
370;374;189
371;373;182
372;370;184
372;373;171
372;375;189
373;369;135
373;371;182
373;372;171
373;376;104
374;370;189
375;372;189
375;377;340
376;373;104
376;380;163
377;375;340
378;379;286
379;378;286
379;381;288
380;376;163
380;381;239
380;382;313
381;379;288
381;380;239
382;380;313
382;383;350
383;382;350
383;384;247
384;383;247
384;385;112
384;386;423
385;384;112
385;387;272
386;384;423
387;385;272
387;388;101
387;389;191
387;391;240
388;387;101
389;387;191
389;392;118
390;392;403
391;387;240
392;389;118
392;390;403
392;394;315
392;396;322
393;396;253
394;392;315
394;398;237
395;396;135
396;392;322
396;393;253
396;395;135
396;397;188
397;396;188
398;394;237
398;399;252
398;400;438
399;398;252
399;402;338
400;398;438
401;403;178
402;399;338
402;406;169
403;401;178
403;405;145
403;406;129
403;407;144
404;406;398
405;403;145
406;402;169
406;403;129
406;404;398
406;408;226
406;410;204
407;403;144
407;411;375
408;406;226
409;412;146
410;406;204
410;412;159
411;407;375
411;413;260
411;415;351
412;409;146
412;410;159
413;411;260
413;414;214
414;413;214
414;417;197
415;411;351
415;418;142
416;418;279
416;419;196
417;414;197
418;415;142
418;416;279
418;420;254
418;421;500
419;416;196
420;418;254
420;422;140
421;418;500
422;420;140
422;424;278
423;427;170
424;422;278
424;426;361
425;427;295
425;429;306
426;424;361
426;427;133
426;430;230
427;423;170
427;425;295
427;426;133
428;432;287
429;425;306
430;426;230
430;434;150
431;433;211
432;428;287
432;436;151
433;431;211
433;435;340
434;430;150
434;435;274
435;433;340
435;434;274
435;436;231
436;432;151
436;435;231
436;437;427
437;436;427
437;438;168
437;441;176
438;437;168
438;442;110
439;443;419
440;444;183
441;437;176
441;443;336
442;438;110
442;444;152
442;445;242
442;446;269
443;439;419
443;441;336
444;440;183
444;442;152
444;447;125
445;442;242
446;442;269
447;444;125
447;448;274
447;451;194
448;447;274
449;450;188
450;449;188
450;451;190
451;447;194
451;450;190
451;452;157
451;454;389
452;451;157
453;456;357
454;451;389
454;458;345
455;459;177
456;453;357
456;457;113
456;460;123
457;456;113
458;454;345
458;462;268
459;455;177
459;460;255
459;461;311
459;463;251
460;456;123
460;459;255
460;462;308
460;464;286
461;459;311
462;458;268
462;460;308
463;459;251
464;460;286
464;465;337
464;466;257
465;464;337
466;464;257
466;468;272
467;468;391
467;469;467
468;466;272
468;467;391
468;472;282
469;467;467
470;471;266
470;472;382
471;470;266
471;474;369
472;468;282
472;470;382
473;474;182
474;471;369
474;473;182
474;478;323
475;477;517
475;478;149
476;478;156
476;479;232
477;475;517
478;474;323
478;475;149
478;476;156
478;481;429
479;476;232
479;480;330
480;479;330
480;482;242
480;484;142
481;478;429
482;480;242
483;486;131
484;480;142
484;486;275
484;487;119
485;488;411
486;483;131
486;484;275
486;488;367
487;484;119
488;485;411
488;486;367
488;491;312
489;490;202
490;489;202
490;493;306
490;494;105
491;488;312
491;493;127
492;493;165
493;490;306
493;491;127
493;492;165
493;495;114
494;490;105
495;493;114
495;497;440
495;498;181
496;498;203
496;499;313
497;495;440
497;501;428
498;495;181
498;496;203
498;500;306
499;496;313
500;498;306
501;497;428
501;503;127
501;504;378
502;506;143
503;501;127
504;501;378
504;507;246
505;507;188
505;509;174
506;502;143
506;510;282
507;504;246
507;505;188
508;511;137
509;505;174
509;513;322
510;506;282
510;512;416
510;513;203
510;514;104
511;508;137
511;513;171
512;510;416
512;516;129
513;509;322
513;510;203
513;511;171
513;517;113
514;510;104
515;516;366
516;512;129
516;515;366
517;513;113
517;519;309
518;521;149
519;517;309
519;522;128
520;523;404
521;518;149
521;522;120
521;523;152
522;519;128
522;521;120
522;524;103
522;526;112
523;520;404
523;521;152
523;525;143
524;522;103
525;523;143
526;522;112
526;528;360
527;528;277
527;529;139
528;526;360
528;527;277
529;527;139
529;530;315
529;532;214
530;529;315
530;531;132
531;530;132
532;529;214
532;535;264
533;534;251
533;535;102
534;533;251
534;538;242
535;532;264
535;533;102
535;539;133
536;538;191
537;539;203
537;540;269
538;534;242
538;536;191
538;541;163
539;535;133
539;537;203
540;537;269
540;542;181
541;538;163
542;540;181
542;546;163
543;547;249
544;545;264
544;548;185
545;544;264
545;546;220
545;547;313
546;542;163
546;545;220
547;543;249
547;545;313
548;544;185
548;550;423
549;550;148
550;548;423
550;549;148
550;551;276
550;553;260
551;550;276
552;554;216
553;550;260
553;556;139
554;552;216
554;556;132
554;557;118
555;556;242
555;558;319
556;553;139
556;554;132
556;555;242
557;554;118
557;559;189
557;560;170
557;561;234
558;555;319
558;562;402
559;557;189
560;557;170
561;557;234
561;563;242
562;558;402
563;561;242
563;564;408
564;563;408
564;565;419
564;568;364
565;564;419
565;566;353
565;567;363
566;565;353
566;569;451
567;565;363
567;571;403
568;564;364
569;566;451
570;573;403
571;567;403
571;575;132
572;574;288
573;570;403
573;575;250
574;572;288
574;575;398
575;571;132
575;573;250
575;574;398
575;576;124
575;577;376
576;575;124
577;575;376
577;579;495
577;581;268
578;580;392
579;577;495
580;578;392
580;583;103
580;584;254
581;577;268
581;582;537
581;585;147
582;581;537
583;580;103
583;585;361
583;586;332
584;580;254
584;587;117
585;581;147
585;583;361
586;583;332
586;588;338
587;584;117
587;589;368
588;586;338
588;591;133
589;587;368
589;592;558
590;592;121
590;593;228
591;588;133
592;589;558
592;590;121
593;590;228
593;595;189
594;596;450
595;593;189
595;597;282
596;594;450
596;599;238
597;595;282
597;598;103
597;599;224
598;597;103
598;602;258
599;596;238
599;597;224
599;603;175
600;604;215
601;603;329
602;598;258
602;606;375
603;599;175
603;601;329
604;600;215
604;607;151
605;609;511
606;602;375
606;607;158
606;608;295
606;610;166
607;604;151
607;606;158
607;611;191
608;606;295
609;605;511
609;612;331
610;606;166
610;613;103
610;614;148
611;607;191
612;609;331
612;615;212
613;610;103
613;616;126
613;617;135
614;610;148
615;612;212
615;617;243
615;619;347
616;613;126
616;618;296
617;613;135
617;615;243
618;616;296
618;620;194
619;615;347
620;618;194
620;621;134
621;620;134
621;625;107
622;623;278
623;622;278
623;624;338
623;626;314
623;627;191
624;623;338
624;628;274
625;621;107
625;627;218
626;623;314
627;623;191
627;625;218
628;624;274
628;630;178
629;630;451
630;628;178
630;629;451
630;633;143
631;633;140
631;634;285
632;635;215
633;630;143
633;631;140
633;636;283
634;631;285
635;632;215
635;637;273
636;633;283
636;639;103
637;635;273
637;640;240
637;641;305
638;639;170
639;636;103
639;638;170
639;640;345
640;637;240
640;639;345
641;637;305
641;642;187
642;641;187
642;646;210
643;644;180
644;643;180
644;647;249
644;648;182
645;648;373
646;642;210
646;647;161
646;650;117
647;644;249
647;646;161
648;644;182
648;645;373
648;649;193
649;648;193
650;646;117
650;651;179
651;650;179
651;654;223
651;655;141
652;655;377
653;655;208
654;651;223
655;651;141
655;652;377
655;653;208
655;656;176
656;655;176
656;658;207
657;658;119
658;656;207
658;657;119
658;662;378
659;661;162
659;663;249
660;664;270
661;659;162
661;665;151
662;658;378
662;663;126
663;659;249
663;662;126
664;660;270
664;665;129
665;661;151
665;664;129
665;666;208
665;667;136
665;668;251
665;669;288
666;665;208
666;670;117
667;665;136
668;665;251
669;665;288
669;671;172
670;666;117
670;673;274
671;669;172
671;672;194
671;674;237
672;671;194
673;670;274
674;671;237
674;675;120
674;676;112
675;674;120
675;678;141
676;674;112
677;679;287
678;675;141
678;681;229
678;682;414
679;677;287
679;680;237
679;681;129
679;683;118
680;679;237
680;684;251
681;678;229
681;679;129
681;685;176
682;678;414
683;679;118
684;680;251
684;686;323
685;681;176
685;689;133
686;684;323
686;688;249
687;689;202
688;686;249
688;690;207
688;692;292
689;685;133
689;687;202
690;688;207
690;693;217
691;693;275
692;688;292
693;690;217
693;691;275
693;696;498
694;695;230
695;694;230
695;696;422
696;693;498
696;695;422
696;697;278
697;696;278
697;701;185
698;699;169
698;700;241
698;702;554
699;698;169
700;698;241
700;703;105
701;697;185
701;704;236
701;705;172
702;698;554
703;700;105
703;705;114
704;701;236
705;701;172
705;703;114
705;707;152
706;710;325
707;705;152
707;708;175
707;710;131
708;707;175
708;709;253
709;708;253
709;712;129
710;706;325
710;707;131
711;712;331
712;709;129
712;711;331
712;714;152
713;714;226
714;712;152
714;713;226
714;716;136
715;717;103
715;718;113
716;714;136
716;720;178
717;715;103
717;719;247
717;721;360
718;715;113
718;720;225
718;722;377
719;717;247
720;716;178
720;718;225
720;723;125
721;717;360
721;724;259
722;718;377
723;720;125
724;721;259
724;728;326
725;729;355
726;728;243
726;729;260
727;728;277
728;724;326
728;726;243
728;727;277
729;725;355
729;726;260
729;731;201
730;732;248
730;734;178
731;729;201
731;733;296
732;730;248
733;731;296
733;734;224
733;736;115
734;730;178
734;733;224
734;737;106
735;736;187
735;738;221
735;739;220
736;733;115
736;735;187
737;734;106
737;741;307
738;735;221
738;742;282
739;735;220
739;740;226
740;739;226
741;737;307
741;744;298
741;745;120
742;738;282
743;746;238
744;741;298
745;741;120
745;746;417
745;748;400
746;743;238
746;745;417
746;749;118
747;750;447
747;751;414
748;745;400
749;746;118
749;750;264
749;753;206
750;747;447
750;749;264
750;752;343
751;747;414
751;755;337
752;750;343
753;749;206
754;758;121
755;751;337
755;757;188
755;758;198
755;759;132
756;757;126
756;760;251
757;755;188
757;756;126
758;754;121
758;755;198
759;755;132
760;756;251
760;761;467
760;764;399
761;760;467
762;763;133
763;762;133
763;764;273
763;765;454
764;760;399
764;763;273
765;763;454
765;766;189
765;768;109
766;765;189
766;767;315
766;769;156
767;766;315
768;765;109
768;772;266
769;766;156
769;771;231
770;773;171
771;769;231
772;768;266
772;775;222
773;770;171
773;775;181
774;775;230
775;772;222
775;773;181
775;774;230
775;778;328
776;777;162
777;776;162
777;779;102
778;775;328
778;779;358
778;780;281
779;777;102
779;778;358
780;778;281
780;781;255
781;780;255
781;782;320
782;781;320
782;783;151
783;782;151
783;784;203
784;783;203
784;786;166
785;786;171
785;788;145
786;784;166
786;785;171
786;787;104
786;789;220
786;790;327
787;786;104
787;791;210
788;785;145
788;792;204
789;786;220
790;786;327
791;787;210
792;788;204
792;796;232
793;796;284
794;798;279
795;796;329
795;798;178
796;792;232
796;793;284
796;795;329
797;798;202
797;800;175
798;794;279
798;795;178
798;797;202
798;802;299
799;800;589
800;797;175
800;799;589
800;803;209
801;805;168
802;798;299
802;804;195
802;806;248
803;800;209
804;802;195
805;801;168
805;807;310
805;808;318
806;802;248
806;808;165
807;805;310
808;805;318
808;806;165
808;811;458
808;812;161
809;811;117
809;813;160
810;814;498
811;808;458
811;809;117
811;814;198
812;808;161
813;809;160
813;815;140
814;810;498
814;811;198
814;816;236
815;813;140
815;817;247
816;814;236
816;819;279
817;815;247
818;821;260
819;816;279
819;823;203
820;823;269
821;818;260
821;823;235
822;824;129
823;819;203
823;820;269
823;821;235
823;825;179
824;822;129
824;826;307
825;823;179
825;826;122
825;829;146
826;824;307
826;825;122
826;828;208
827;828;106
828;826;208
828;827;106
828;830;348
829;825;146
830;828;348
830;831;242
830;833;114
830;834;115
831;830;242
832;834;208
833;830;114
833;836;145
834;830;115
834;832;208
834;835;215
835;834;215
835;837;338
836;833;145
837;835;338
837;838;249
837;840;188
837;841;221
838;837;249
839;840;111
839;843;105
840;837;188
840;839;111
841;837;221
842;844;199
843;839;105
843;844;309
844;842;199
844;843;309
844;845;100
844;846;220
844;848;252
845;844;100
846;844;220
846;847;358
847;846;358
848;844;252
848;849;174
849;848;174
849;852;235
850;854;313
851;852;181
852;849;235
852;851;181
852;853;200
852;855;160
852;856;218
853;852;200
853;854;260
854;850;313
854;853;260
855;852;160
856;852;218
856;858;196
856;860;248
857;858;292
858;856;196
858;857;292
859;862;203
860;856;248
860;863;279
861;862;266
861;864;257
862;859;203
862;861;266
862;865;274
863;860;279
863;866;237
864;861;257
864;867;227
865;862;274
866;863;237
866;867;138
866;868;151
866;869;259
867;864;227
867;866;138
868;866;151
869;866;259
869;872;328
870;871;184
870;872;175
870;873;253
870;874;281
871;870;184
872;869;328
872;870;175
873;870;253
874;870;281
874;875;381
874;876;115
875;874;381
875;877;427
875;879;506
876;874;115
876;878;195
877;875;427
878;876;195
879;875;506
879;880;350
880;879;350
880;881;159
881;880;159
881;884;191
882;883;286
882;885;437
882;886;362
883;882;286
884;881;191
884;887;236
885;882;437
886;882;362
886;889;204
887;884;236
887;888;271
887;890;185
887;891;218
888;887;271
888;889;112
889;886;204
889;888;112
890;887;185
891;887;218
891;895;110
892;895;297
893;897;161
894;898;158
895;891;110
895;892;297
895;896;203
896;895;203
896;897;204
897;893;161
897;896;204
897;898;251
898;894;158
898;897;251
898;901;367
899;903;116
900;901;356
900;904;296
901;898;367
901;900;356
902;905;230
902;906;319
903;899;116
903;905;341
904;900;296
904;907;185
904;908;153
905;902;230
905;903;341
905;909;219
906;902;319
906;908;272
907;904;185
908;904;153
908;906;272
908;911;157
909;905;219
909;910;155
910;909;155
910;912;214
910;914;207
911;908;157
912;910;214
913;915;228
913;916;183
914;910;207
914;916;155
915;913;228
915;917;215
916;913;183
916;914;155
916;919;207
917;915;215
918;921;328
919;916;207
919;923;128
920;921;265
921;918;328
921;920;265
921;922;287
921;925;150
922;921;287
923;919;128
923;924;376
923;925;185
924;923;376
925;921;150
925;923;185
925;927;279
926;929;227
926;930;339
927;925;279
927;930;109
928;929;161
928;931;440
929;926;227
929;928;161
929;933;304
930;926;339
930;927;109
931;928;440
932;933;173
933;929;304
933;932;173
933;937;122
934;936;220
934;938;130
935;938;184
935;939;474
936;934;220
936;937;374
937;933;122
937;936;374
937;941;414
938;934;130
938;935;184
939;935;474
940;942;245
940;944;171
941;937;414
941;943;438
942;940;245
943;941;438
943;946;165
944;940;171
944;946;232
945;948;108
946;943;165
946;944;232
946;950;226
947;948;304
948;945;108
948;947;304
948;951;285
949;952;208
950;946;226
950;951;156
950;953;145
951;948;285
951;950;156
952;949;208
952;953;271
952;955;243
952;956;244
953;950;145
953;952;271
953;954;351
954;953;351
955;952;243
956;952;244
956;957;320
957;956;320
957;959;258
958;959;192
958;961;167
959;957;258
959;958;192
959;962;232
960;962;148
960;964;225
961;958;167
961;965;250
962;959;232
962;960;148
962;966;245
963;965;304
964;960;225
964;967;281
965;961;250
965;963;304
966;962;245
967;964;281
967;968;178
968;967;178
968;969;167
968;970;138
969;968;167
969;971;126
970;968;138
970;972;390
971;969;126
972;970;390
972;975;408
973;975;111
974;976;302
974;978;167
975;972;408
975;973;111
975;977;113
976;974;302
976;980;108
977;975;113
977;979;117
977;980;115
978;974;167
978;981;232
979;977;117
979;983;196
980;976;108
980;977;115
981;978;232
981;984;377
981;985;266
982;983;148
983;979;196
983;982;148
983;987;176
984;981;377
985;981;266
986;987;179
987;983;176
987;986;179
987;991;172
988;991;170
988;992;190
989;991;223
989;993;191
990;993;261
990;994;241
991;987;172
991;988;170
991;989;223
992;988;190
993;989;191
993;990;261
993;997;284
994;990;241
995;997;369
996;1000;141
997;993;284
997;995;369
997;998;167
997;1000;126
998;997;167
999;1000;297
1000;996;141
1000;997;126
1000;999;297
1000;1002;115
1001;1005;179
1002;1000;115
1002;1004;326
1002;1005;328
1003;1004;131
1004;1002;326
1004;1003;131
1005;1001;179
1005;1002;328
1005;1007;374
1006;1008;114
1007;1005;374
1007;1008;137
1007;1011;150
1008;1006;114
1008;1007;137
1009;1010;218
1009;1012;105
1009;1013;165
1010;1009;218
1011;1007;150
1011;1012;116
1012;1009;105
1012;1011;116
1012;1015;154
1012;1016;140
1013;1009;165
1013;1014;243
1014;1013;243
1015;1012;154
1015;1017;288
1016;1012;140
1017;1015;288
1017;1018;130
1017;1019;128
1017;1021;119
1018;1017;130
1019;1017;128
1019;1020;141
1020;1019;141
1020;1022;349
1021;1017;119
1021;1023;118
1022;1020;349
1023;1021;118
1023;1024;146
1024;1023;146
1024;1025;246
1025;1024;246
1025;1026;142
1025;1029;133
1026;1025;142
1026;1027;161
1026;1028;176
1027;1026;161
1027;1030;186
1028;1026;176
1029;1025;133
1029;1033;176
1030;1027;186
1031;1032;163
1031;1033;130
1031;1034;354
1032;1031;163
1033;1029;176
1033;1031;130
1034;1031;354
1034;1037;173
1035;1037;172
1035;1039;120
1036;1039;372
1037;1034;173
1037;1035;172
1037;1038;210
1038;1037;210
1038;1041;396
1038;1042;404
1039;1035;120
1039;1036;372
1040;1042;291
1040;1043;155
1041;1038;396
1042;1038;404
1042;1040;291
1042;1044;247
1042;1046;219
1043;1040;155
1044;1042;247
1045;1046;285
1046;1042;219
1046;1045;285
1046;1047;213
1047;1046;213
1047;1048;361
1048;1047;361
1048;1049;202
1049;1048;202
1049;1050;307
1050;1049;307
1050;1052;256
1050;1053;118
1051;1055;401
1052;1050;256
1052;1054;250
1053;1050;118
1053;1057;279
1054;1052;250
1055;1051;401
1055;1056;331
1055;1059;319
1056;1055;331
1056;1058;193
1057;1053;279
1057;1058;226
1058;1056;193
1058;1057;226
1058;1061;106
1059;1055;319
1060;1061;120
1061;1058;106
1061;1060;120
1061;1062;155
1061;1064;144
1062;1061;155
1062;1063;146
1062;1065;299
1063;1062;146
1064;1061;144
1064;1066;366
1065;1062;299
1065;1068;307
1066;1064;366
1066;1067;159
1066;1069;322
1067;1066;159
1068;1065;307
1068;1070;301
1069;1066;322
1069;1071;111
1070;1068;301
1070;1072;308
1070;1074;185
1071;1069;111
1072;1070;308
1072;1076;305
1073;1076;291
1073;1077;572
1074;1070;185
1074;1075;162
1075;1074;162
1075;1078;150
1076;1072;305
1076;1073;291
1076;1079;329
1077;1073;572
1078;1075;150
1078;1081;111
1079;1076;329
1080;1082;188
1081;1078;111
1081;1082;111
1081;1083;114
1082;1080;188
1082;1081;111
1082;1086;279
1083;1081;114
1084;1085;136
1084;1086;208
1084;1088;251
1085;1084;136
1086;1082;279
1086;1084;208
1087;1088;259
1088;1084;251
1088;1087;259
1088;1089;437
1088;1090;172
1089;1088;437
1089;1093;375
1090;1088;172
1090;1092;476
1091;1095;346
1092;1090;476
1092;1094;145
1092;1095;260
1092;1096;350
1093;1089;375
1094;1092;145
1095;1091;346
1095;1092;260
1095;1097;332
1096;1092;350
1097;1095;332
1097;1098;463
1097;1100;298
1098;1097;463
1099;1103;312
1100;1097;298
1100;1102;181
1101;1103;131
1102;1100;181
1102;1106;256
1103;1099;312
1103;1101;131
1103;1106;290
1103;1107;181
1104;1106;340
1105;1108;161
1106;1102;256
1106;1103;290
1106;1104;340
1106;1108;278
1106;1110;115
1107;1103;181
1108;1105;161
1108;1106;278
1108;1111;218
1109;1110;184
1109;1112;199
1110;1106;115
1110;1109;184
1111;1108;218
1112;1109;199
1112;1115;193
1113;1115;182
1114;1115;170
1114;1116;104
1115;1112;193
1115;1113;182
1115;1114;170
1116;1114;104
1116;1118;408
1117;1121;387
1118;1116;408
1118;1121;331
1119;1122;151
1120;1124;108
1121;1117;387
1121;1118;331
1121;1124;145
1122;1119;151
1122;1125;120
1123;1124;243
1123;1126;299
1124;1120;108
1124;1121;145
1124;1123;243
1125;1122;120
1125;1127;281
1126;1123;299
1126;1127;151
1126;1128;432
1126;1129;311
1127;1125;281
1127;1126;151
1127;1131;481
1128;1126;432
1128;1132;313
1129;1126;311
1129;1130;467
1130;1129;467
1130;1134;276
1131;1127;481
1132;1128;313
1133;1136;153
1134;1130;276
1134;1136;160
1135;1137;451
1136;1133;153
1136;1134;160
1136;1137;176
1136;1140;280
1137;1135;451
1137;1136;176
1137;1139;288
1137;1141;117
1138;1141;448
1139;1137;288
1140;1136;280
1140;1142;247
1140;1144;351
1141;1137;117
1141;1138;448
1142;1140;247
1143;1145;155
1144;1140;351
1144;1145;307
1144;1146;120
1145;1143;155
1145;1144;307
1145;1149;281
1146;1144;120
1146;1150;189
1147;1148;135
1147;1151;160
1148;1147;135
1148;1149;132
1148;1152;186
1149;1145;281
1149;1148;132
1149;1153;282
1150;1146;189
1151;1147;160
1152;1148;186
1152;1155;179
1153;1149;282
1154;1156;340
1154;1158;272
1155;1152;179
1155;1159;131
1156;1154;340
1156;1157;123
1157;1156;123
1157;1159;162
1157;1160;278
1158;1154;272
1159;1155;131
1159;1157;162
1159;1163;116
1160;1157;278
1160;1161;267
1161;1160;267
1162;1163;101
1162;1165;465
1162;1166;354
1163;1159;116
1163;1162;101
1163;1164;195
1164;1163;195
1165;1162;465
1166;1162;354
1166;1167;178
1167;1166;178
1167;1171;316
1168;1172;117
1169;1171;226
1169;1173;244
1170;1173;308
1171;1167;316
1171;1169;226
1172;1168;117
1172;1174;169
1172;1175;167
1172;1176;155
1173;1169;244
1173;1170;308
1173;1174;120
1174;1172;169
1174;1173;120
1174;1177;327
1174;1178;166
1175;1172;167
1175;1179;220
1176;1172;155
1177;1174;327
1178;1174;166
1178;1181;120
1179;1175;220
1180;1183;118
1181;1178;120
1181;1183;192
1182;1184;355
1183;1180;118
1183;1181;192
1183;1187;143
1184;1182;355
1184;1188;178
1185;1188;254
1186;1187;229
1186;1190;440
1187;1183;143
1187;1186;229
1187;1188;143
1188;1184;178
1188;1185;254
1188;1187;143
1188;1189;538
1188;1191;260
1189;1188;538
1190;1186;440
1190;1194;183
1191;1188;260
1192;1195;227
1193;1194;288
1193;1196;262
1193;1197;293
1194;1190;183
1194;1193;288
1194;1198;142
1195;1192;227
1195;1199;120
1196;1193;262
1197;1193;293
1198;1194;142
1198;1199;242
1199;1195;120
1199;1198;242
1199;1200;156
1200;1199;156
1200;1202;355
1201;1202;222
1202;1200;355
1202;1201;222
1202;1204;295
1202;1205;317
1203;1204;254
1204;1202;295
1204;1203;254
1204;1207;292
1205;1202;317
1206;1208;139
1207;1204;292
1207;1208;426
1207;1211;277
1208;1206;139
1208;1207;426
1209;1213;179
1210;1211;111
1210;1212;533
1211;1207;277
1211;1210;111
1212;1210;533
1212;1213;195
1212;1216;120
1213;1209;179
1213;1212;195
1214;1218;357
1215;1216;211
1215;1218;138
1216;1212;120
1216;1215;211
1216;1219;273
1217;1218;312
1217;1220;215
1218;1214;357
1218;1215;138
1218;1217;312
1219;1216;273
1220;1217;215
1220;1224;215
1221;1223;198
1222;1225;181
1223;1221;198
1223;1225;369
1224;1220;215
1224;1225;301
1225;1222;181
1225;1223;369
1225;1224;301
1225;1229;259
1226;1227;357
1227;1226;357
1227;1228;269
1227;1230;433
1227;1231;325
1228;1227;269
1228;1229;359
1229;1225;259
1229;1228;359
1230;1227;433
1230;1233;390
1231;1227;325
1231;1234;160
1232;1233;461
1233;1230;390
1233;1232;461
1234;1231;160
1234;1238;249
1235;1238;126
1236;1237;222
1236;1238;101
1237;1236;222
1238;1234;249
1238;1235;126
1238;1236;101
1238;1240;138
1238;1241;138
1238;1242;169
1239;1240;194
1240;1238;138
1240;1239;194
1241;1238;138
1241;1243;138
1242;1238;169
1242;1245;116
1243;1241;138
1243;1244;148
1244;1243;148
1244;1248;149
1245;1242;116
1245;1247;145
1246;1250;128
1247;1245;145
1248;1244;149
1248;1252;180
1249;1251;235
1250;1246;128
1250;1254;311
1251;1249;235
1251;1255;184
1252;1248;180
1252;1254;146
1252;1255;205
1253;1254;203
1253;1256;205
1254;1250;311
1254;1252;146
1254;1253;203
1254;1257;175
1255;1251;184
1255;1252;205
1256;1253;205
1256;1259;177
1257;1254;175
1258;1260;148
1259;1256;177
1259;1260;244
1260;1258;148
1260;1259;244
1260;1263;284
1261;1262;189
1261;1263;231
1261;1265;119
1262;1261;189
1263;1260;284
1263;1261;231
1264;1265;158
1265;1261;119
1265;1264;158
1265;1267;128
1266;1268;301
1266;1270;311
1267;1265;128
1267;1269;174
1268;1266;301
1268;1272;215
1269;1267;174
1269;1273;134
1270;1266;311
1270;1273;262
1271;1274;293
1272;1268;215
1272;1275;146
1273;1269;134
1273;1270;262
1273;1274;316
1274;1271;293
1274;1273;316
1275;1272;146
1275;1276;265
1276;1275;265
1276;1279;181
1276;1280;195
1277;1278;290
1277;1281;265
1278;1277;290
1279;1276;181
1280;1276;195
1280;1281;219
1280;1283;155
1281;1277;265
1281;1280;219
1281;1284;202
1281;1285;266
1282;1283;173
1283;1280;155
1283;1282;173
1284;1281;202
1284;1288;122
1285;1281;266
1286;1290;115
1287;1289;279
1287;1290;244
1288;1284;122
1288;1290;142
1289;1287;279
1289;1292;459
1290;1286;115
1290;1287;244
1290;1288;142
1291;1295;205
1292;1289;459
1292;1294;247
1293;1297;146
1294;1292;247
1294;1296;253
1295;1291;205
1295;1296;255
1296;1294;253
1296;1295;255
1296;1297;314
1296;1299;105
1297;1293;146
1297;1296;314
1298;1302;103
1299;1296;105
1299;1301;173
1300;1301;195
1300;1304;214
1301;1299;173
1301;1300;195
1301;1305;119
1302;1298;103
1302;1305;270
1303;1304;226
1304;1300;214
1304;1303;226
1304;1307;248
1305;1301;119
1305;1302;270
1305;1306;127
1306;1305;127
1307;1304;248
1307;1311;306
1308;1310;168
1309;1313;251
1310;1308;168
1310;1314;141
1311;1307;306
1311;1313;310
1312;1313;358
1312;1315;230
1313;1309;251
1313;1311;310
1313;1312;358
1314;1310;141
1314;1315;343
1315;1312;230
1315;1314;343
1315;1316;362
1315;1318;244
1316;1315;362
1316;1320;495
1317;1321;201
1318;1315;244
1318;1319;209
1319;1318;209
1319;1321;432
1320;1316;495
1321;1317;201
1321;1319;432
1321;1325;370
1322;1324;120
1323;1326;336
1324;1322;120
1324;1326;300
1325;1321;370
1325;1329;178
1326;1323;336
1326;1324;300
1326;1328;101
1327;1330;258
1328;1326;101
1328;1332;195
1329;1325;178
1329;1332;234
1329;1333;238
1330;1327;258
1330;1331;179
1331;1330;179
1331;1332;188
1332;1328;195
1332;1329;234
1332;1331;188
1332;1335;171
1333;1329;238
1334;1335;190
1334;1336;262
1334;1338;268
1335;1332;171
1335;1334;190
1335;1339;149
1336;1334;262
1337;1338;214
1338;1334;268
1338;1337;214
1338;1342;276
1339;1335;149
1340;1341;201
1340;1343;404
1341;1340;201
1341;1342;226
1342;1338;276
1342;1341;226
1343;1340;404
1343;1344;128
1343;1347;640
1344;1343;128
1344;1346;329
1345;1348;112
1345;1349;219
1346;1344;329
1346;1349;164
1347;1343;640
1348;1345;112
1349;1345;219
1349;1346;164
Total cost: 320598
