0;3;221
1;3;118
2;5;109
2;6;119
3;0;221
3;1;118
3;4;117
3;7;325
4;3;117
4;5;102
5;2;109
5;4;102
6;2;119
6;9;139
7;3;325
8;9;242
8;12;311
9;6;139
9;8;242
9;11;431
10;13;289
11;9;431
12;8;311
12;13;293
13;10;289
13;12;293
13;14;117
13;17;138
14;13;117
14;18;257
15;18;127
16;19;113
17;13;138
17;21;337
18;14;257
18;15;127
18;19;175
19;16;113
19;18;175
20;21;275
21;17;337
21;20;275
21;22;274
22;21;274
22;26;308
23;26;182
23;27;174
24;25;192
25;24;192
25;26;197
26;22;308
26;23;182
26;25;197
27;23;174
27;28;346
28;27;346
28;29;193
28;32;333
29;28;193
29;30;206
30;29;206
30;33;341
31;32;261
32;28;333
32;31;261
32;35;129
32;36;400
33;30;341
34;36;307
35;32;129
36;32;400
36;34;307
36;37;319
37;36;319
37;38;176
37;41;261
38;37;176
38;39;154
39;38;154
39;40;149
40;39;149
41;37;261
41;42;300
42;41;300
42;44;428
42;45;272
43;44;300
43;47;388
44;42;428
44;43;300
45;42;272
45;46;269
45;49;350
46;45;269
47;43;388
48;51;233
49;45;350
49;51;355
50;52;289
51;48;233
51;49;355
51;52;167
52;50;289
52;51;167
52;54;263
52;55;127
53;55;267
53;57;116
54;52;263
54;56;302
55;52;127
55;53;267
56;54;302
56;59;333
57;53;116
57;60;170
58;59;201
58;61;268
59;56;333
59;58;201
59;63;367
60;57;170
61;58;268
61;62;283
61;64;190
62;61;283
63;59;367
64;61;190
64;66;139
64;68;363
65;68;427
66;64;139
67;68;131
67;69;385
68;64;363
68;65;427
68;67;131
68;70;260
69;67;385
69;72;212
70;68;260
71;74;167
71;75;384
72;69;212
72;73;190
72;75;184
73;72;190
73;77;296
74;71;167
75;71;384
75;72;184
76;77;107
76;79;127
76;80;103
77;73;296
77;76;107
77;78;328
77;81;107
78;77;328
79;76;127
80;76;103
80;83;184
81;77;107
82;85;128
82;86;296
83;80;184
83;84;186
84;83;186
84;86;191
85;82;128
85;89;330
86;82;296
86;84;191
86;88;278
87;88;170
88;86;278
88;87;170
89;85;330
89;93;104
90;91;340
90;93;115
91;90;340
91;94;106
92;94;257
92;95;211
92;96;350
93;89;104
93;90;115
94;91;106
94;92;257
95;92;211
96;92;350
96;98;311
97;98;257
97;100;346
98;96;311
98;97;257
99;100;331
100;97;346
100;99;331
100;102;207
101;102;213
102;100;207
102;101;213
102;103;217
102;105;114
103;102;217
103;104;144
104;103;144
104;107;285
105;102;114
106;107;113
106;108;188
106;110;201
107;104;285
107;106;113
108;106;188
109;113;128
110;106;201
110;114;220
111;113;177
112;116;333
113;109;128
113;111;177
113;116;124
114;110;220
114;117;301
114;118;139
115;118;172
116;112;333
116;113;124
116;118;255
117;114;301
118;114;139
118;115;172
118;116;255
118;121;216
119;122;205
120;124;101
121;118;216
121;125;403
122;119;205
122;123;109
123;122;109
123;124;225
123;127;167
124;120;101
124;123;225
124;128;251
125;121;403
125;129;229
126;127;295
127;123;167
127;126;295
127;131;305
128;124;251
128;129;136
128;130;175
128;132;117
129;125;229
129;128;136
130;128;175
131;127;305
131;133;160
132;128;117
133;131;160
133;136;182
134;136;197
135;138;105
136;133;182
136;134;197
136;139;196
137;138;269
138;135;105
138;137;269
138;139;182
138;142;261
139;136;196
139;138;182
140;143;253
141;142;338
141;144;307
142;138;261
142;141;338
142;143;255
143;140;253
143;142;255
143;146;262
143;147;359
144;141;307
145;149;317
146;143;262
146;148;150
147;143;359
148;146;150
148;149;239
149;145;317
149;148;239
149;151;178
150;151;109
151;149;178
151;150;109
151;153;186
152;155;360
153;151;186
153;157;128
154;155;108
154;156;144
155;152;360
155;154;108
156;154;144
156;157;308
157;153;128
157;156;308
157;158;182
157;159;293
158;157;182
159;157;293
159;160;184
159;161;194
160;159;184
160;163;168
160;164;287
161;159;194
161;165;298
162;164;128
163;160;168
164;160;287
164;162;128
165;161;298
165;166;389
166;165;389
166;170;193
167;171;525
168;172;196
169;172;397
170;166;193
170;171;141
171;167;525
171;170;141
171;172;176
171;173;200
171;175;184
172;168;196
172;169;397
172;171;176
173;171;200
173;176;248
174;176;340
175;171;184
175;177;292
176;173;248
176;174;340
177;175;292
177;179;243
178;179;104
179;177;243
179;178;104
179;182;199
180;183;239
181;182;183
182;179;199
182;181;183
182;183;328
183;180;239
183;182;328
183;184;127
183;186;206
183;187;100
184;183;127
185;187;134
186;183;206
187;183;100
187;185;134
187;190;190
188;190;133
188;192;170
189;190;224
190;187;190
190;188;133
190;189;224
191;192;144
192;188;170
192;191;144
192;195;305
193;197;333
194;196;346
194;197;283
195;192;305
195;199;252
196;194;346
196;200;367
197;193;333
197;194;283
197;199;305
198;199;294
199;195;252
199;197;305
199;198;294
199;201;253
200;196;367
201;199;253
201;205;350
202;203;205
203;202;205
203;206;308
204;208;188
205;201;350
205;209;214
206;203;308
206;210;173
207;210;181
207;211;222
208;204;188
208;210;172
209;205;214
209;213;242
210;206;173
210;207;181
210;208;172
211;207;222
211;212;266
212;211;266
212;213;155
212;214;157
212;216;207
213;209;242
213;212;155
213;215;243
214;212;157
215;213;243
215;219;367
216;212;207
216;218;190
217;221;172
218;216;190
218;222;275
219;215;367
220;224;183
221;217;172
221;224;264
222;218;275
222;225;244
223;224;290
224;220;183
224;221;264
224;223;290
224;227;112
224;228;159
225;222;244
225;226;122
225;228;180
226;225;122
226;229;242
227;224;112
228;224;159
228;225;180
229;226;242
229;230;249
230;229;249
230;234;171
231;232;223
231;235;171
232;231;223
232;233;117
233;232;117
233;236;197
234;230;171
234;235;123
234;238;535
235;231;171
235;234;123
236;233;197
236;239;154
237;239;344
238;234;535
238;241;187
238;242;141
239;236;154
239;237;344
240;244;102
241;238;187
241;243;260
242;238;141
242;244;108
243;241;260
243;246;471
244;240;102
244;242;108
245;247;182
245;249;173
246;243;471
246;249;171
246;250;185
247;245;182
248;252;328
249;245;173
249;246;171
250;246;185
250;253;131
250;254;272
251;252;281
252;248;328
252;251;281
252;256;295
253;250;131
253;256;206
254;250;272
254;257;216
255;257;328
256;252;295
256;253;206
256;259;139
256;260;179
257;254;216
257;255;328
257;258;202
258;257;202
259;256;139
260;256;179
260;262;107
260;263;233
261;264;205
262;260;107
262;265;219
263;260;233
263;264;127
264;261;205
264;263;127
264;266;138
265;262;219
266;264;138
266;270;151
267;270;137
268;271;164
269;272;115
270;266;151
270;267;137
270;271;321
270;273;203
270;274;117
271;268;164
271;270;321
271;272;153
272;269;115
272;271;153
273;270;203
273;275;145
273;277;139
274;270;117
274;276;168
275;273;145
276;274;168
276;278;230
277;273;139
277;280;236
277;281;139
278;276;230
278;279;261
278;282;172
279;278;261
280;277;236
280;283;105
281;277;139
281;285;219
282;278;172
282;284;155
283;280;105
284;282;155
284;287;351
285;281;219
285;286;200
285;289;131
286;285;200
287;284;351
287;288;314
288;287;314
288;292;348
289;285;131
290;291;201
291;290;201
291;292;188
291;294;232
292;288;348
292;291;188
292;296;258
293;296;400
294;291;232
295;297;204
295;298;165
296;292;258
296;293;400
296;297;430
296;299;330
297;295;204
297;296;430
298;295;165
298;301;150
299;296;330
300;303;167
300;304;414
301;298;150
301;304;287
302;304;289
303;300;167
304;300;414
304;301;287
304;302;289
304;305;147
305;304;147
305;306;364
305;308;211
306;305;364
307;311;353
308;305;211
308;312;223
309;313;313
310;311;263
310;312;120
310;314;348
311;307;353
311;310;263
311;315;157
312;308;223
312;310;120
312;313;118
313;309;313
313;312;118
314;310;348
314;316;198
314;317;159
315;311;157
315;318;199
316;314;198
317;314;159
318;315;199
318;322;102
319;321;111
319;322;258
319;323;222
320;324;190
321;319;111
321;324;140
322;318;102
322;319;258
322;325;155
323;319;222
324;320;190
324;321;140
324;326;296
325;322;155
326;324;296
326;328;294
326;329;346
326;330;296
327;331;265
328;326;294
329;326;346
330;326;296
330;332;134
330;334;108
331;327;265
331;335;207
332;330;134
332;335;157
333;334;153
334;330;108
334;333;153
334;338;217
335;331;207
335;332;157
336;337;197
336;340;213
337;336;197
337;341;203
338;334;217
338;342;160
339;343;353
340;336;213
341;337;203
341;344;215
342;338;160
342;343;115
342;346;244
343;339;353
343;342;115
344;341;215
344;345;110
344;347;133
345;344;110
345;346;200
345;348;207
346;342;244
346;345;200
346;349;102
347;344;133
348;345;207
349;346;102
349;351;286
349;352;232
350;352;249
351;349;286
352;349;232
352;350;249
352;355;168
352;356;152
353;357;103
354;358;175
355;352;168
355;357;175
356;352;152
356;358;178
357;353;103
357;355;175
357;361;221
358;354;175
358;356;178
358;359;124
358;360;140
359;358;124
360;358;140
360;362;127
361;357;221
361;364;163
362;360;127
363;366;472
363;367;161
364;361;163
364;368;239
365;368;140
366;363;472
367;363;161
367;369;323
367;371;286
368;364;239
368;365;140
368;371;275
368;372;244
369;367;323
370;374;266
371;367;286
371;368;275
372;368;244
372;373;305
373;372;305
373;375;184
374;370;266
374;377;210
374;378;222
375;373;184
375;378;254
376;378;152
376;379;636
377;374;210
377;380;219
377;381;293
378;374;222
378;375;254
378;376;152
379;376;636
380;377;219
380;384;337
381;377;293
381;382;241
381;383;196
382;381;241
383;381;196
384;380;337
384;386;500
385;387;171
385;389;167
386;384;500
386;388;134
387;385;171
388;386;134
388;392;147
389;385;167
389;393;367
390;392;263
390;393;184
391;392;217
392;388;147
392;390;263
392;391;217
392;396;223
393;389;367
393;390;184
394;396;209
395;396;288
395;399;125
396;392;223
396;394;209
396;395;288
396;400;220
397;398;357
398;397;357
398;401;242
399;395;125
399;402;222
400;396;220
400;403;273
401;398;242
401;402;296
401;404;157
402;399;222
402;401;296
403;400;273
403;406;258
404;401;157
405;407;263
406;403;258
406;409;169
407;405;263
407;408;245
407;409;171
408;407;245
409;406;169
409;407;171
409;412;352
410;411;168
411;410;168
411;413;255
412;409;352
412;416;208
413;411;255
413;414;338
413;416;240
414;413;338
415;419;204
416;412;208
416;413;240
416;420;233
417;420;259
418;419;161
419;415;204
419;418;161
419;420;169
419;423;151
420;416;233
420;417;259
420;419;169
420;424;196
421;424;126
421;425;178
422;425;140
423;419;151
424;420;196
424;421;126
425;421;178
425;422;140
425;426;225
425;427;453
425;429;231
426;425;225
426;428;100
427;425;453
428;426;100
428;432;145
429;425;231
429;430;161
429;431;392
430;429;161
430;433;160
431;429;392
432;428;145
432;435;463
433;430;160
433;436;223
434;436;236
434;437;246
435;432;463
435;438;190
436;433;223
436;434;236
437;434;246
438;435;190
438;439;174
438;440;449
438;442;147
439;438;174
439;443;201
440;438;449
441;445;362
442;438;147
443;439;201
443;446;363
444;448;446
445;441;362
445;446;102
446;443;363
446;445;102
446;449;273
446;450;433
447;448;429
448;444;446
448;447;429
448;450;223
449;446;273
450;446;433
450;448;223
450;453;321
451;452;179
452;451;179
452;456;126
453;450;321
453;454;209
453;455;130
454;453;209
454;456;113
455;453;130
455;457;198
456;452;126
456;454;113
457;455;198
457;461;293
458;460;128
459;461;271
460;458;128
460;464;342
461;457;293
461;459;271
461;462;273
462;461;273
462;463;119
462;465;301
463;462;119
463;467;140
464;460;342
464;466;277
465;462;301
466;464;277
466;467;192
466;468;298
467;463;140
467;466;192
467;469;236
468;466;298
469;467;236
469;470;267
469;471;225
470;469;267
471;469;225
471;472;215
471;473;197
471;474;400
472;471;215
472;475;193
473;471;197
474;471;400
475;472;193
475;477;148
475;478;233
476;478;141
477;475;148
478;475;233
478;476;141
478;480;236
479;480;175
480;478;236
480;479;175
480;481;293
480;482;281
480;484;123
481;480;293
482;480;281
483;485;190
483;486;104
484;480;123
484;486;241
485;483;190
485;487;173
485;489;260
486;483;104
486;484;241
487;485;173
487;488;239
487;490;127
488;487;239
489;485;260
489;491;171
490;487;127
490;492;444
490;494;125
491;489;171
491;495;211
492;490;444
492;496;412
493;495;278
494;490;125
494;498;247
495;491;211
495;493;278
495;499;320
496;492;412
496;500;415
497;500;120
498;494;247
499;495;320
500;496;415
500;497;120
500;502;214
501;505;273
502;500;214
502;503;153
503;502;153
503;504;117
503;506;106
504;503;117
504;505;296
505;501;273
505;504;296
505;508;232
506;503;106
506;510;133
507;510;280
508;505;232
509;511;220
510;506;133
510;507;280
510;514;258
511;509;220
511;512;121
512;511;121
512;513;268
512;515;218
513;512;268
514;510;258
514;517;458
514;518;296
515;512;218
515;518;149
516;519;261
516;520;146
517;514;458
517;521;352
518;514;296
518;515;149
519;516;261
519;522;330
520;516;146
521;517;352
521;522;170
522;519;330
522;521;170
522;524;118
523;524;358
524;522;118
524;523;358
524;528;248
525;529;135
526;529;136
527;528;304
527;529;169
527;531;234
528;524;248
528;527;304
529;525;135
529;526;136
529;527;169
529;532;252
530;532;205
531;527;234
531;533;102
532;529;252
532;530;205
532;535;178
533;531;102
534;538;159
535;532;178
535;536;158
535;539;246
536;535;158
537;540;170
538;534;159
538;541;243
539;535;246
539;540;196
539;542;125
540;537;170
540;539;196
540;541;163
541;538;243
541;540;163
541;544;222
542;539;125
543;544;134
544;541;222
544;543;134
544;547;206
545;548;497
546;549;332
547;544;206
547;548;279
548;545;497
548;547;279
548;549;195
548;551;326
549;546;332
549;548;195
550;553;188
551;548;326
551;552;280
551;554;248
552;551;280
553;550;188
553;557;337
554;551;248
554;558;374
555;559;187
556;557;353
556;558;237
557;553;337
557;556;353
557;560;198
557;561;192
558;554;374
558;556;237
559;555;187
559;561;116
560;557;198
560;562;258
561;557;192
561;559;116
561;565;222
562;560;258
562;566;219
563;565;156
564;567;123
565;561;222
565;563;156
565;567;270
566;562;219
567;564;123
567;565;270
567;570;205
567;571;334
568;569;271
568;571;263
568;572;218
569;568;271
569;573;244
570;567;205
571;567;334
571;568;263
571;574;258
572;568;218
572;575;180
573;569;244
574;571;258
574;576;419
575;572;180
576;574;419
576;580;244
577;580;281
578;582;258
579;582;160
579;583;141
580;576;244
580;577;281
580;583;149
581;584;253
582;578;258
582;579;160
583;579;141
583;580;149
583;585;228
584;581;253
584;585;317
584;586;494
584;587;258
585;583;228
585;584;317
585;589;283
586;584;494
586;590;183
587;584;258
588;591;118
589;585;283
590;586;183
590;591;102
591;588;118
591;590;102
591;592;112
591;593;172
591;594;102
592;591;112
592;596;129
593;591;172
593;597;171
594;591;102
595;596;289
595;598;214
596;592;129
596;595;289
597;593;171
597;600;112
598;595;214
598;601;165
599;602;366
600;597;112
600;604;288
601;598;165
601;603;256
602;599;366
602;605;222
602;606;171
603;601;256
603;606;208
604;600;288
605;602;222
605;608;422
606;602;171
606;603;208
606;607;177
607;606;177
607;610;187
608;605;422
609;610;282
610;607;187
610;609;282
610;612;274
611;612;176
612;610;274
612;611;176
612;613;102
612;615;297
613;612;102
614;617;443
615;612;297
615;617;300
615;618;435
616;620;196
617;614;443
617;615;300
617;619;108
618;615;435
619;617;108
619;620;162
619;622;149
619;623;407
620;616;196
620;619;162
620;621;246
620;624;352
621;620;246
621;625;410
622;619;149
623;619;407
623;626;115
624;620;352
625;621;410
625;629;212
626;623;115
626;628;595
627;631;149
628;626;595
629;625;212
629;630;414
630;629;414
630;631;292
630;634;194
631;627;149
631;630;292
632;636;281
633;635;318
634;630;194
634;637;247
635;633;318
635;638;386
635;639;204
636;632;281
636;637;360
637;634;247
637;636;360
637;641;187
638;635;386
639;635;204
639;640;226
639;643;220
640;639;226
640;641;170
641;637;187
641;640;170
641;642;180
641;645;396
642;641;180
643;639;220
644;646;361
644;647;222
645;641;396
645;646;167
646;644;361
646;645;167
647;644;222
647;650;185
647;651;253
648;650;309
649;650;295
650;647;185
650;648;309
650;649;295
650;652;258
651;647;253
651;654;170
652;650;258
653;656;100
654;651;170
654;656;113
655;659;298
656;653;100
656;654;113
656;657;120
656;659;116
657;656;120
657;660;473
658;659;359
659;655;298
659;656;116
659;658;359
659;661;273
660;657;473
660;663;404
661;659;273
661;665;192
662;666;208
663;660;404
664;665;142
664;666;119
665;661;192
665;664;142
665;669;206
666;662;208
666;664;119
666;668;394
667;670;312
668;666;394
669;665;206
669;670;416
669;673;149
670;667;312
670;669;416
671;673;123
671;674;327
672;675;360
673;669;149
673;671;123
673;676;190
674;671;327
675;672;360
675;679;248
676;673;190
676;679;251
677;678;144
678;677;144
678;680;334
679;675;248
679;676;251
679;681;130
679;682;289
679;683;143
680;678;334
680;683;224
681;679;130
681;684;193
682;679;289
683;679;143
683;680;224
683;687;257
684;681;193
684;685;169
684;686;181
684;688;379
685;684;169
685;689;145
686;684;181
687;683;257
687;690;251
687;691;126
688;684;379
689;685;145
690;687;251
690;692;435
691;687;126
691;693;180
691;695;472
692;690;435
693;691;180
694;695;393
695;691;472
695;694;393
695;697;285
695;698;118
696;700;599
697;695;285
697;701;292
698;695;118
698;700;292
699;700;210
700;696;599
700;698;292
700;699;210
701;697;292
701;702;164
702;701;164
702;705;183
703;706;256
704;705;164
705;702;183
705;704;164
705;706;361
706;703;256
706;705;361
706;708;380
707;708;282
708;706;380
708;707;282
708;709;102
709;708;102
709;711;257
710;711;132
710;713;365
711;709;257
711;710;132
712;714;207
713;710;365
713;714;214
714;712;207
714;713;214
714;717;429
715;716;176
715;719;177
716;715;176
717;714;429
717;719;155
717;721;130
718;720;400
718;722;227
719;715;177
719;717;155
719;720;284
720;718;400
720;719;284
721;717;130
721;723;380
722;718;227
723;721;380
723;725;136
724;727;421
725;723;136
725;729;618
726;727;248
726;728;132
727;724;421
727;726;248
727;729;193
727;731;314
728;726;132
729;725;618
729;727;193
729;730;180
729;732;216
730;729;180
731;727;314
731;734;252
732;729;216
732;735;136
733;736;403
734;731;252
734;737;152
735;732;136
736;733;403
736;740;295
737;734;152
737;739;377
738;739;111
738;742;186
739;737;377
739;738;111
740;736;295
740;743;417
741;742;241
742;738;186
742;741;241
742;744;235
743;740;417
743;747;129
744;742;235
744;747;310
745;749;240
746;747;139
746;748;154
746;749;162
746;750;311
747;743;129
747;744;310
747;746;139
748;746;154
749;745;240
749;746;162
749;752;206
750;746;311
750;754;295
751;753;149
752;749;206
753;751;149
753;756;177
754;750;295
754;756;284
754;757;755
755;758;146
756;753;177
756;754;284
756;759;295
756;760;106
757;754;755
758;755;146
758;762;165
759;756;295
759;762;245
760;756;106
761;765;103
762;758;165
762;759;245
762;763;116
762;764;103
763;762;116
763;767;290
764;762;103
764;765;216
764;768;248
765;761;103
765;764;216
766;769;164
767;763;290
767;769;236
767;770;214
768;764;248
769;766;164
769;767;236
769;771;211
769;773;244
770;767;214
771;769;211
772;773;293
773;769;244
773;772;293
773;776;284
774;776;178
775;777;161
776;773;284
776;774;178
776;779;105
777;775;161
777;778;161
777;780;171
777;781;431
778;777;161
779;776;105
779;780;207
780;777;171
780;779;207
781;777;431
781;782;488
781;783;298
781;785;441
782;781;488
782;784;316
783;781;298
783;786;509
783;787;362
784;782;316
785;781;441
786;783;509
786;788;339
787;783;362
787;790;208
788;786;339
789;793;130
790;787;208
790;792;187
790;793;218
791;795;378
792;790;187
792;796;393
793;789;130
793;790;218
794;795;322
794;796;295
795;791;378
795;794;322
795;798;354
796;792;393
796;794;295
797;798;294
798;795;354
798;797;294
798;800;236
798;801;248
799;801;262
800;798;236
801;798;248
801;799;262
801;803;212
802;804;296
802;806;428
803;801;212
803;804;215
803;805;324
804;802;296
804;803;215
804;807;198
805;803;324
805;809;323
806;802;428
807;804;198
807;808;262
808;807;262
808;812;235
809;805;323
810;814;175
811;812;251
812;808;235
812;811;251
812;813;264
813;812;264
813;816;112
814;810;175
814;816;164
815;816;196
815;819;239
816;813;112
816;814;164
816;815;196
816;817;305
816;818;152
817;816;305
818;816;152
819;815;239
819;822;104
820;821;110
820;823;115
821;820;110
821;822;133
822;819;104
822;821;133
822;826;184
823;820;115
824;826;255
825;827;233
826;822;184
826;824;255
826;827;193
827;825;233
827;826;193
827;829;194
828;829;394
829;827;194
829;828;394
829;830;204
829;833;162
830;829;204
830;832;151
830;834;135
831;834;472
832;830;151
832;836;161
833;829;162
834;830;135
834;831;472
835;836;156
835;837;136
835;839;254
836;832;161
836;835;156
837;835;136
838;839;103
838;841;136
839;835;254
839;838;103
839;843;227
840;841;154
840;844;166
841;838;136
841;840;154
842;843;303
843;839;227
843;842;303
843;846;329
844;840;166
844;845;263
844;848;326
845;844;263
846;843;329
847;849;220
847;851;170
848;844;326
848;849;217
849;847;220
849;848;217
849;850;192
850;849;192
850;852;220
851;847;170
851;854;118
852;850;220
852;853;140
852;855;185
853;852;140
854;851;118
855;852;185
855;858;162
856;859;155
857;858;271
857;860;196
858;855;162
858;857;271
858;861;143
859;856;155
859;860;112
860;857;196
860;859;112
861;858;143
861;864;192
862;866;239
863;866;425
864;861;192
864;866;143
865;866;161
865;868;106
865;869;330
866;862;239
866;863;425
866;864;143
866;865;161
867;870;234
868;865;106
868;870;120
868;871;306
869;865;330
870;867;234
870;868;120
871;868;306
871;873;269
871;874;329
872;873;264
873;871;269
873;872;264
873;877;170
874;871;329
875;877;286
876;877;297
877;873;170
877;875;286
877;876;297
877;878;216
877;879;138
878;877;216
878;882;114
879;877;138
879;880;355
880;879;355
881;885;356
882;878;114
882;884;266
882;885;195
883;887;330
884;882;266
884;886;149
885;881;356
885;882;195
886;884;149
886;887;276
886;889;172
887;883;330
887;886;276
887;891;161
888;889;232
888;892;108
889;886;172
889;888;232
889;890;146
890;889;146
890;894;150
891;887;161
892;888;108
893;894;199
893;896;185
894;890;150
894;893;199
895;899;241
896;893;185
896;898;152
896;899;134
897;900;126
898;896;152
898;900;165
899;895;241
899;896;134
900;897;126
900;898;165
900;904;229
901;905;245
902;904;131
903;904;184
904;900;229
904;902;131
904;903;184
904;905;377
905;901;245
905;904;377
905;907;310
905;909;227
906;909;233
906;910;137
907;905;310
907;911;118
908;910;251
909;905;227
909;906;233
910;906;137
910;908;251
910;914;324
911;907;118
912;916;230
913;914;178
913;915;185
914;910;324
914;913;178
914;918;214
915;913;185
916;912;230
916;917;262
916;919;196
916;920;266
917;916;262
918;914;214
918;920;190
919;916;196
919;921;139
919;922;339
920;916;266
920;918;190
921;919;139
922;919;339
922;925;224
923;926;105
924;928;300
925;922;224
925;927;104
926;923;105
926;930;198
927;925;104
927;928;208
928;924;300
928;927;208
928;931;192
929;932;280
929;933;260
930;926;198
930;931;124
930;932;301
931;928;192
931;930;124
931;935;248
932;929;280
932;930;301
933;929;260
933;934;258
933;937;189
934;933;258
934;936;122
934;938;217
935;931;248
936;934;122
937;933;189
937;939;262
938;934;217
939;937;262
939;942;203
940;942;228
941;942;149
942;939;203
942;940;228
942;941;149
942;944;271
942;946;258
943;944;339
944;942;271
944;943;339
945;946;274
946;942;258
946;945;274
946;948;157
947;951;140
948;946;157
948;952;158
949;952;150
950;951;185
951;947;140
951;950;185
951;954;241
952;948;158
952;949;150
952;956;338
953;954;126
953;955;158
954;951;241
954;953;126
954;958;185
955;953;158
956;952;338
956;959;147
957;961;100
958;954;185
958;962;218
959;956;147
959;963;122
960;964;157
961;957;100
961;962;154
961;964;113
961;965;105
962;958;218
962;961;154
963;959;122
963;965;253
964;960;157
964;961;113
964;966;106
965;961;105
965;963;253
966;964;106
966;970;197
967;968;114
967;970;138
968;967;114
968;969;272
969;968;272
969;972;518
970;966;197
970;967;138
970;974;426
971;973;106
971;974;203
972;969;518
973;971;106
974;970;426
974;971;203
974;977;281
975;977;145
975;978;165
976;980;478
977;974;281
977;975;145
978;975;165
978;981;154
978;982;160
979;982;237
980;976;478
980;983;231
980;984;228
981;978;154
981;983;224
982;978;160
982;979;237
983;980;231
983;981;224
984;980;228
984;987;176
985;987;195
986;989;193
987;984;176
987;985;195
987;990;150
988;990;256
989;986;193
989;990;182
990;987;150
990;988;256
990;989;182
990;993;220
990;994;297
991;994;294
992;994;387
993;990;220
994;990;297
994;991;294
994;992;387
994;996;272
994;997;104
995;996;136
996;994;272
996;995;136
996;998;107
997;994;104
998;996;107
998;1000;278
999;1002;144
999;1003;269
1000;998;278
1000;1001;160
1000;1004;203
1001;1000;160
1001;1003;282
1002;999;144
1003;999;269
1003;1001;282
1004;1000;203
1004;1007;465
1005;1007;198
1006;1008;326
1007;1004;465
1007;1005;198
1007;1011;139
1008;1006;326
1008;1010;100
1009;1013;231
1010;1008;100
1010;1013;160
1011;1007;139
1011;1015;196
1012;1013;267
1013;1009;231
1013;1010;160
1013;1012;267
1013;1017;257
1014;1016;133
1015;1011;196
1015;1019;130
1016;1014;133
1016;1017;112
1016;1018;125
1017;1013;257
1017;1016;112
1017;1020;245
1018;1016;125
1018;1019;186
1019;1015;130
1019;1018;186
1019;1022;123
1020;1017;245
1020;1021;231
1021;1020;231
1022;1019;123
1022;1023;163
1022;1024;238
1022;1025;165
1023;1022;163
1024;1022;238
1025;1022;165
1025;1028;185
1026;1027;255
1027;1026;255
1027;1029;169
1028;1025;185
1028;1029;179
1029;1027;169
1029;1028;179
1029;1030;240
1029;1031;175
1030;1029;240
1030;1033;286
1031;1029;175
1031;1032;115
1031;1035;353
1032;1031;115
1033;1030;286
1034;1036;299
1034;1037;108
1035;1031;353
1035;1036;106
1036;1034;299
1036;1035;106
1036;1040;226
1037;1034;108
1038;1042;254
1039;1040;359
1040;1036;226
1040;1039;359
1040;1044;445
1041;1043;120
1042;1038;254
1042;1045;128
1042;1046;488
1043;1041;120
1043;1044;198
1044;1040;445
1044;1043;198
1044;1045;228
1045;1042;128
1045;1044;228
1046;1042;488
1046;1050;101
1047;1048;210
1047;1050;362
1048;1047;210
1049;1051;220
1050;1046;101
1050;1047;362
1050;1052;210
1051;1049;220
1051;1054;318
1052;1050;210
1052;1054;336
1052;1056;173
1053;1057;382
1054;1051;318
1054;1052;336
1054;1055;327
1055;1054;327
1055;1058;409
1055;1059;279
1056;1052;173
1057;1053;382
1057;1059;413
1058;1055;409
1059;1055;279
1059;1057;413
1059;1060;196
1059;1061;297
1060;1059;196
1061;1059;297
1061;1062;302
1062;1061;302
1062;1065;349
1063;1064;246
1063;1065;122
1064;1063;246
1065;1062;349
1065;1063;122
1065;1066;223
1065;1068;155
1066;1065;223
1067;1071;160
1068;1065;155
1068;1071;222
1069;1070;293
1070;1069;293
1070;1072;168
1071;1067;160
1071;1068;222
1071;1072;142
1071;1075;169
1072;1070;168
1072;1071;142
1072;1073;230
1072;1074;170
1073;1072;230
1073;1076;326
1074;1072;170
1074;1077;130
1075;1071;169
1075;1079;360
1076;1073;326
1076;1080;340
1077;1074;130
1078;1082;319
1079;1075;360
1080;1076;340
1080;1082;317
1080;1083;248
1081;1082;296
1082;1078;319
1082;1080;317
1082;1081;296
1083;1080;248
1083;1084;354
1083;1086;362
1084;1083;354
1085;1088;367
1086;1083;362
1086;1090;142
1087;1089;368
1088;1085;367
1088;1090;138
1088;1091;100
1089;1087;368
1089;1093;205
1090;1086;142
1090;1088;138
1091;1088;100
1091;1093;155
1091;1094;162
1092;1093;129
1093;1089;205
1093;1091;155
1093;1092;129
1094;1091;162
1094;1095;109
1095;1094;109
1095;1099;159
1096;1097;401
1096;1099;485
1097;1096;401
1098;1101;343
1099;1095;159
1099;1096;485
1099;1100;104
1099;1102;295
1100;1099;104
1101;1098;343
1101;1103;210
1102;1099;295
1102;1104;122
1103;1101;210
1103;1104;218
1103;1106;179
1104;1102;122
1104;1103;218
1105;1108;191
1106;1103;179
1106;1109;166
1107;1110;119
1108;1105;191
1108;1109;425
1109;1106;166
1109;1108;425
1109;1110;118
1109;1111;131
1110;1107;119
1110;1109;118
1111;1109;131
1111;1114;106
1112;1114;175
1113;1116;438
1114;1111;106
1114;1112;175
1114;1116;217
1115;1117;567
1115;1118;129
1116;1113;438
1116;1114;217
1116;1118;115
1117;1115;567
1118;1115;129
1118;1116;115
1118;1120;117
1119;1121;317
1120;1118;117
1120;1122;314
1121;1119;317
1121;1123;138
1122;1120;314
1122;1125;256
1123;1121;138
1123;1124;232
1123;1125;158
1124;1123;232
1125;1122;256
1125;1123;158
1125;1126;163
1125;1127;270
1126;1125;163
1126;1129;202
1127;1125;270
1128;1129;461
1128;1132;240
1129;1126;202
1129;1128;461
1130;1131;367
1130;1132;190
1131;1130;367
1131;1133;485
1132;1128;240
1132;1130;190
1133;1131;485
1133;1134;402
1134;1133;402
1134;1135;296
1134;1136;310
1135;1134;296
1135;1138;369
1136;1134;310
1137;1138;373
1138;1135;369
1138;1137;373
1138;1139;204
1138;1140;208
1139;1138;204
1139;1141;260
1139;1142;261
1140;1138;208
1141;1139;260
1142;1139;261
1142;1145;467
1143;1147;215
1144;1145;106
1144;1146;251
1145;1142;467
1145;1144;106
1145;1147;114
1146;1144;251
1146;1150;148
1147;1143;215
1147;1145;114
1147;1151;206
1148;1150;195
1149;1152;151
1150;1146;148
1150;1148;195
1150;1154;217
1151;1147;206
1151;1152;198
1152;1149;151
1152;1151;198
1152;1153;131
1152;1155;188
1153;1152;131
1154;1150;217
1154;1156;169
1155;1152;188
1155;1157;247
1156;1154;169
1157;1155;247
1157;1158;120
1157;1161;345
1158;1157;120
1158;1162;182
1159;1162;431
1160;1163;272
1161;1157;345
1162;1158;182
1162;1159;431
1162;1163;295
1163;1160;272
1163;1162;295
1163;1166;335
1164;1165;436
1164;1166;104
1165;1164;436
1165;1169;281
1166;1163;335
1166;1164;104
1167;1171;248
1168;1170;393
1168;1171;212
1169;1165;281
1169;1170;374
1170;1168;393
1170;1169;374
1171;1167;248
1171;1168;212
1171;1174;270
1172;1173;278
1172;1175;187
1173;1172;278
1174;1171;270
1174;1177;225
1175;1172;187
1175;1176;231
1176;1175;231
1176;1180;180
1177;1174;225
1177;1179;146
1177;1181;170
1178;1180;370
1179;1177;146
1179;1182;266
1180;1176;180
1180;1178;370
1180;1184;211
1181;1177;170
1181;1184;288
1182;1179;266
1182;1186;218
1183;1187;430
1184;1180;211
1184;1181;288
1184;1187;149
1185;1186;314
1185;1188;281
1186;1182;218
1186;1185;314
1187;1183;430
1187;1184;149
1187;1191;382
1188;1185;281
1188;1190;284
1189;1191;149
1190;1188;284
1190;1192;171
1191;1187;382
1191;1189;149
1192;1190;171
1192;1193;219
1192;1196;368
1193;1192;219
1194;1198;127
1195;1197;295
1195;1199;383
1196;1192;368
1196;1198;126
1197;1195;295
1197;1198;280
1197;1201;126
1198;1194;127
1198;1196;126
1198;1197;280
1199;1195;383
1200;1202;151
1200;1203;493
1200;1204;438
1201;1197;126
1201;1205;477
1202;1200;151
1203;1200;493
1203;1205;118
1203;1206;149
1204;1200;438
1204;1207;376
1205;1201;477
1205;1203;118
1205;1209;323
1206;1203;149
1206;1208;250
1207;1204;376
1208;1206;250
1209;1205;323
1209;1211;346
1209;1212;153
1210;1211;151
1211;1209;346
1211;1210;151
1212;1209;153
1212;1214;101
1212;1215;115
1213;1216;267
1214;1212;101
1214;1216;235
1214;1217;250
1215;1212;115
1216;1213;267
1216;1214;235
1217;1214;250
1217;1218;209
1217;1221;500
1218;1217;209
1218;1222;336
1219;1220;277
1220;1219;277
1220;1224;241
1221;1217;500
1221;1223;290
1221;1224;228
1222;1218;336
1223;1221;290
1223;1226;495
1224;1220;241
1224;1221;228
1225;1228;318
1226;1223;495
1226;1228;367
1227;1229;241
1228;1225;318
1228;1226;367
1228;1231;292
1229;1227;241
1229;1232;203
1229;1233;180
1230;1231;253
1230;1232;107
1230;1234;143
1231;1228;292
1231;1230;253
1232;1229;203
1232;1230;107
1233;1229;180
1234;1230;143
1234;1235;122
1234;1236;319
1234;1237;431
1235;1234;122
1235;1239;353
1236;1234;319
1236;1238;340
1237;1234;431
1238;1236;340
1238;1241;116
1239;1235;353
1239;1243;280
1240;1242;387
1241;1238;116
1241;1242;288
1242;1240;387
1242;1241;288
1243;1239;280
1243;1244;251
1243;1247;149
1244;1243;251
1244;1245;232
1245;1244;232
1246;1247;131
1247;1243;149
1247;1246;131
1247;1251;214
1248;1250;351
1249;1250;385
1250;1248;351
1250;1249;385
1250;1251;104
1250;1252;171
1250;1254;170
1251;1247;214
1251;1250;104
1252;1250;171
1252;1253;200
1253;1252;200
1253;1257;174
1254;1250;170
1254;1255;155
1255;1254;155
1255;1256;124
1256;1255;124
1257;1253;174
1257;1259;290
1258;1259;250
1259;1257;290
1259;1258;250
1259;1261;206
1259;1263;290
1260;1264;125
1261;1259;206
1261;1265;158
1262;1264;140
1263;1259;290
1263;1267;189
1264;1260;125
1264;1262;140
1264;1266;117
1265;1261;158
1266;1264;117
1266;1270;131
1267;1263;189
1267;1268;203
1267;1270;196
1268;1267;203
1269;1272;257
1269;1273;270
1270;1266;131
1270;1267;196
1270;1272;430
1271;1273;143
1272;1269;257
1272;1270;430
1273;1269;270
1273;1271;143
1273;1277;215
1274;1277;264
1275;1276;220
1275;1279;264
1276;1275;220
1277;1273;215
1277;1274;264
1277;1279;257
1278;1280;453
1279;1275;264
1279;1277;257
1279;1280;204
1279;1281;176
1280;1278;453
1280;1279;204
1280;1284;240
1281;1279;176
1282;1284;288
1283;1284;160
1283;1285;286
1284;1280;240
1284;1282;288
1284;1283;160
1284;1287;317
1285;1283;286
1286;1287;136
1287;1284;317
1287;1286;136
1287;1288;332
1288;1287;332
1288;1290;201
1289;1290;338
1290;1288;201
1290;1289;338
1290;1294;167
1291;1292;226
1291;1295;235
1292;1291;226
1292;1294;213
1293;1296;365
1294;1290;167
1294;1292;213
1294;1296;217
1294;1297;332
1295;1291;235
1295;1298;124
1296;1293;365
1296;1294;217
1296;1299;253
1297;1294;332
1297;1301;383
1298;1295;124
1298;1302;407
1299;1296;253
1300;1303;100
1301;1297;383
1302;1298;407
1302;1304;451
1303;1300;100
1303;1304;127
1303;1305;174
1303;1307;127
1304;1302;451
1304;1303;127
1304;1306;379
1305;1303;174
1306;1304;379
1306;1309;420
1307;1303;127
1307;1308;272
1307;1310;331
1308;1307;272
1309;1306;420
1310;1307;331
1310;1313;204
1311;1314;240
1312;1313;306
1312;1314;125
1313;1310;204
1313;1312;306
1313;1317;111
1314;1311;240
1314;1312;125
1315;1319;290
1316;1320;252
1317;1313;111
1317;1321;121
1318;1319;115
1319;1315;290
1319;1318;115
1319;1320;173
1320;1316;252
1320;1319;173
1320;1324;186
1321;1317;121
1321;1324;123
1321;1325;183
1322;1325;122
1322;1326;129
1323;1324;110
1323;1327;248
1324;1320;186
1324;1321;123
1324;1323;110
1325;1321;183
1325;1322;122
1326;1322;129
1326;1329;127
1327;1323;248
1328;1329;437
1329;1326;127
1329;1328;437
1329;1333;238
1330;1333;148
1331;1332;510
1332;1331;510
1332;1336;287
1333;1329;238
1333;1330;148
1333;1335;330
1334;1338;172
1335;1333;330
1335;1337;348
1335;1339;294
1336;1332;287
1336;1340;157
1337;1335;348
1337;1340;290
1337;1341;364
1338;1334;172
1338;1340;236
1339;1335;294
1340;1336;157
1340;1337;290
1340;1338;236
1340;1342;158
1340;1343;167
1341;1337;364
1342;1340;158
1342;1346;353
1343;1340;167
1344;1346;104
1344;1347;114
1345;1346;119
1345;1349;286
1346;1342;353
1346;1344;104
1346;1345;119
1347;1344;114
1347;1350;128
1348;1349;313
1349;1345;286
1349;1348;313
1350;1347;128
1350;1351;143
1350;1354;185
1351;1350;143
1352;1353;126
1352;1355;303
1352;1356;106
1353;1352;126
1354;1350;185
1354;1355;141
1354;1358;115
1355;1352;303
1355;1354;141
1356;1352;106
1357;1358;283
1358;1354;115
1358;1357;283
1358;1362;267
1359;1360;184
1360;1359;184
1360;1364;120
1361;1363;163
1362;1358;267
1362;1364;105
1363;1361;163
1363;1365;112
1364;1360;120
1364;1362;105
1364;1365;139
1364;1367;175
1365;1363;112
1365;1364;139
1366;1368;176
1367;1364;175
1367;1368;142
1367;1369;259
1368;1366;176
1368;1367;142
1369;1367;259
1369;1370;308
1369;1373;330
1370;1369;308
1370;1371;345
1371;1370;345
1372;1376;405
1373;1369;330
1373;1375;231
1374;1377;107
1374;1378;164
1375;1373;231
1375;1378;363
1376;1372;405
1376;1378;287
1377;1374;107
1378;1374;164
1378;1375;363
1378;1376;287
1378;1379;375
1378;1380;177
1378;1381;146
1378;1382;152
1379;1378;375
1380;1378;177
1381;1378;146
1381;1385;209
1382;1378;152
1382;1386;311
1383;1387;216
1384;1388;481
1385;1381;209
1385;1388;136
1386;1382;311
1387;1383;216
1387;1388;168
1387;1390;220
1388;1384;481
1388;1385;136
1388;1387;168
1389;1392;277
1390;1387;220
1390;1393;196
1391;1393;207
1391;1395;167
1392;1389;277
1392;1395;120
1393;1390;196
1393;1391;207
1393;1396;208
1394;1397;324
1394;1398;279
1395;1391;167
1395;1392;120
1396;1393;208
1396;1398;176
1396;1400;121
1397;1394;324
1398;1394;279
1398;1396;176
1399;1400;308
1400;1396;121
1400;1399;308
1400;1403;187
1401;1403;186
1402;1404;236
1403;1400;187
1403;1401;186
1403;1404;167
1403;1407;232
1404;1402;236
1404;1403;167
1404;1405;115
1405;1404;115
1405;1406;252
1406;1405;252
1406;1410;132
1407;1403;232
1407;1408;203
1408;1407;203
1409;1411;298
1410;1406;132
1410;1412;319
1411;1409;298
1411;1412;225
1411;1413;155
1412;1410;319
1412;1411;225
1413;1411;155
1413;1415;293
1413;1417;162
1414;1415;245
1414;1416;239
1415;1413;293
1415;1414;245
1416;1414;239
1417;1413;162
1417;1421;167
1418;1422;157
1419;1422;253
1420;1422;150
1421;1417;167
1421;1425;142
1422;1418;157
1422;1419;253
1422;1420;150
1422;1423;173
1422;1426;213
1423;1422;173
1424;1425;388
1425;1421;142
1425;1424;388
1425;1426;223
1426;1422;213
1426;1425;223
1426;1428;249
1426;1429;311
1427;1428;134
1427;1431;106
1428;1426;249
1428;1427;134
1428;1430;322
1429;1426;311
1429;1432;239
1430;1428;322
1431;1427;106
1431;1435;136
1432;1429;239
1433;1437;260
1434;1436;360
1435;1431;136
1435;1438;215
1435;1439;243
1436;1434;360
1436;1437;147
1437;1433;260
1437;1436;147
1437;1438;170
1438;1435;215
1438;1437;170
1439;1435;243
1439;1443;251
1440;1441;107
1441;1440;107
1441;1443;271
1441;1445;191
1442;1445;181
1443;1439;251
1443;1441;271
1443;1444;115
1443;1447;133
1444;1443;115
1444;1446;295
1445;1441;191
1445;1442;181
1446;1444;295
1447;1443;133
1447;1449;272
1447;1450;247
1448;1451;291
1448;1452;279
1449;1447;272
1450;1447;247
1450;1453;100
1451;1448;291
1452;1448;279
1452;1454;360
1453;1450;100
1453;1454;138
1453;1455;136
1453;1456;249
1454;1452;360
1454;1453;138
1455;1453;136
1455;1457;124
1456;1453;249
1456;1458;179
1456;1459;165
1457;1455;124
1458;1456;179
1458;1461;293
1459;1456;165
1460;1464;290
1461;1458;293
1461;1465;437
1462;1466;537
1463;1465;582
1464;1460;290
1464;1465;443
1464;1467;402
1465;1461;437
1465;1463;582
1465;1464;443
1466;1462;537
1466;1468;276
1466;1470;155
1467;1464;402
1467;1468;471
1468;1466;276
1468;1467;471
1469;1472;224
1470;1466;155
1470;1471;228
1471;1470;228
1471;1474;326
1472;1469;224
1472;1474;217
1473;1476;210
1474;1471;326
1474;1472;217
1474;1475;122
1475;1474;122
1475;1476;113
1475;1477;103
1476;1473;210
1476;1475;113
1476;1480;224
1477;1475;103
1478;1479;214
1478;1480;366
1479;1478;214
1480;1476;224
1480;1478;366
1480;1482;260
1480;1483;338
1481;1483;522
1482;1480;260
1483;1480;338
1483;1481;522
1483;1484;281
1483;1485;113
1484;1483;281
1484;1488;199
1485;1483;113
1485;1487;378
1485;1489;109
1486;1489;377
1487;1485;378
1488;1484;199
1488;1491;314
1489;1485;109
1489;1486;377
1489;1490;226
1489;1492;185
1490;1489;226
1491;1488;314
1492;1489;185
1492;1493;183
1492;1494;296
1493;1492;183
1493;1496;268
1494;1492;296
1495;1497;200
1496;1493;268
1496;1500;154
1497;1495;200
1497;1499;353
1498;1502;179
1499;1497;353
1499;1503;166
1500;1496;154
1500;1502;331
1501;1502;139
1502;1498;179
1502;1500;331
1502;1501;139
1502;1503;199
1503;1499;166
1503;1502;199
1503;1504;308
1503;1507;373
1504;1503;308
1505;1506;398
1506;1505;398
1506;1507;151
1506;1508;113
1507;1503;373
1507;1506;151
1507;1510;117
1507;1511;199
1508;1506;113
1509;1513;146
1510;1507;117
1511;1507;199
1511;1515;110
1512;1513;145
1512;1514;236
1513;1509;146
1513;1512;145
1513;1517;142
1514;1512;236
1514;1516;254
1515;1511;110
1515;1516;195
1516;1514;254
1516;1515;195
1516;1518;284
1516;1520;177
1517;1513;142
1517;1519;267
1518;1516;284
1519;1517;267
1520;1516;177
1520;1521;398
1521;1520;398
1521;1522;161
1521;1523;398
1521;1524;134
1521;1525;205
1522;1521;161
1523;1521;398
1524;1521;134
1525;1521;205
1525;1527;281
1525;1528;149
1525;1529;315
1526;1529;192
1527;1525;281
1528;1525;149
1529;1525;315
1529;1526;192
1529;1532;135
1529;1533;108
1530;1532;217
1531;1534;107
1532;1529;135
1532;1530;217
1532;1535;129
1533;1529;108
1533;1537;165
1534;1531;107
1534;1535;163
1535;1532;129
1535;1534;163
1536;1538;385
1537;1533;165
1537;1538;168
1538;1536;385
1538;1537;168
1538;1539;104
1538;1540;101
1539;1538;104
1539;1542;163
1540;1538;101
1540;1541;109
1541;1540;109
1541;1543;180
1542;1539;163
1543;1541;180
1543;1546;195
1544;1546;121
1544;1548;291
1545;1546;280
1546;1543;195
1546;1544;121
1546;1545;280
1547;1550;227
1547;1551;191
1548;1544;291
1548;1550;357
1549;1553;171
1550;1547;227
1550;1548;357
1550;1553;235
1551;1547;191
1552;1553;276
1552;1555;128
1553;1549;171
1553;1550;235
1553;1552;276
1553;1557;208
1554;1558;121
1555;1552;128
1556;1558;166
1557;1553;208
1557;1558;155
1557;1559;202
1558;1554;121
1558;1556;166
1558;1557;155
1559;1557;202
1559;1562;306
1560;1561;303
1560;1564;363
1561;1560;303
1561;1562;112
1561;1565;473
1562;1559;306
1562;1561;112
1563;1566;191
1564;1560;363
1565;1561;473
1565;1567;317
1566;1563;191
1566;1568;288
1566;1569;145
1567;1565;317
1567;1568;408
1568;1566;288
1568;1567;408
1569;1566;145
1569;1571;219
1570;1574;175
1571;1569;219
1571;1573;177
1571;1575;425
1572;1574;199
1573;1571;177
1573;1574;244
1574;1570;175
1574;1572;199
1574;1573;244
1574;1576;215
1575;1571;425
1576;1574;215
1576;1580;187
1577;1578;264
1577;1580;286
1578;1577;264
1578;1581;169
1579;1581;215
1579;1582;181
1580;1576;187
1580;1577;286
1581;1578;169
1581;1579;215
1581;1585;283
1582;1579;181
1582;1583;216
1583;1582;216
1583;1587;235
1584;1586;220
1584;1588;141
1585;1581;283
1585;1589;123
1586;1584;220
