0;1;289
0;3;169
1;0;289
1;4;101
2;4;165
3;0;169
4;1;101
4;2;165
4;6;262
5;7;267
6;4;262
6;10;289
7;5;267
7;8;281
8;7;281
8;11;247
8;12;444
9;11;192
10;6;289
10;13;285
11;8;247
11;9;192
11;14;244
12;8;444
13;10;285
13;15;125
14;11;244
14;18;161
15;13;125
15;18;149
16;19;354
17;18;261
17;21;127
18;14;161
18;15;149
18;17;261
19;16;354
19;21;197
20;21;190
20;23;284
20;24;361
21;17;127
21;19;197
21;20;190
21;25;339
22;25;363
23;20;284
24;20;361
24;27;256
25;21;339
25;22;363
26;27;173
27;24;256
27;26;173
27;29;268
27;31;108
28;31;262
29;27;268
29;32;145
30;32;238
31;27;108
31;28;262
32;29;145
32;30;238
32;33;149
32;34;128
33;32;149
34;32;128
34;35;173
34;37;298
35;34;173
35;36;138
35;38;309
35;39;234
36;35;138
37;34;298
38;35;309
39;35;234
39;41;182
40;43;179
41;39;182
41;42;173
42;41;173
42;44;143
43;40;179
43;44;116
43;45;110
44;42;143
44;43;116
45;43;110
45;46;108
45;49;350
46;45;108
46;50;285
47;48;261
48;47;261
48;49;230
48;51;165
49;45;350
49;48;230
50;46;285
50;54;232
51;48;165
52;54;303
53;55;100
54;50;232
54;52;303
54;55;105
54;56;225
54;58;108
55;53;100
55;54;105
56;54;225
56;60;246
57;59;174
57;60;242
58;54;108
58;62;135
59;57;174
59;63;115
60;56;246
60;57;242
60;61;200
61;60;200
62;58;135
62;66;591
63;59;115
64;65;234
64;66;550
65;64;234
66;62;591
66;64;550
66;68;230
67;70;290
67;71;166
68;66;230
68;72;217
69;71;213
69;72;231
70;67;290
71;67;166
71;69;213
71;75;360
72;68;217
72;69;231
72;73;227
73;72;227
74;76;338
74;77;267
75;71;360
75;79;443
76;74;338
77;74;267
77;78;276
77;79;153
77;80;127
78;77;276
78;81;278
79;75;443
79;77;153
80;77;127
80;84;257
81;78;278
82;83;363
82;85;187
83;82;363
83;84;177
84;80;257
84;83;177
84;88;218
85;82;187
85;86;372
86;85;372
87;90;172
88;84;218
88;90;189
88;92;272
89;92;316
89;93;246
90;87;172
90;88;189
91;95;222
92;88;272
92;89;316
93;89;246
93;94;168
93;97;269
94;93;168
94;95;249
94;96;105
95;91;222
95;94;249
95;98;283
96;94;105
97;93;269
97;99;214
97;101;123
98;95;283
99;97;214
100;101;130
100;102;314
100;103;106
101;97;123
101;100;130
102;100;314
102;104;172
103;100;106
104;102;172
104;105;132
104;107;175
105;104;132
105;108;165
106;108;195
107;104;175
107;110;129
107;111;314
108;105;165
108;106;195
109;111;189
110;107;129
111;107;314
111;109;189
111;113;128
112;113;405
113;111;128
113;112;405
113;116;243
114;115;203
115;114;203
115;119;176
116;113;243
116;119;113
116;120;272
117;121;465
118;119;109
118;122;213
119;115;176
119;116;113
119;118;109
119;121;227
120;116;272
120;123;285
120;124;152
121;117;465
121;119;227
122;118;213
123;120;285
123;126;125
124;120;152
124;128;184
125;129;278
126;123;125
127;130;269
128;124;184
128;130;277
128;132;247
129;125;278
129;132;209
130;127;269
130;128;277
131;133;173
131;134;167
132;128;247
132;129;209
132;134;218
133;131;173
134;131;167
134;132;218
134;135;504
135;134;504
135;137;517
136;139;281
137;135;517
137;138;124
137;139;172
137;141;145
138;137;124
138;140;285
139;136;281
139;137;172
139;143;229
140;138;285
140;144;232
141;137;145
141;145;279
142;145;265
143;139;229
143;147;407
144;140;232
144;146;153
145;141;279
145;142;265
146;144;153
147;143;407
147;150;229
148;150;315
149;152;450
150;147;229
150;148;315
150;152;199
151;155;209
152;149;450
152;150;199
152;154;387
152;156;260
153;157;482
154;152;387
154;157;110
155;151;209
155;158;175
156;152;260
157;153;482
157;154;110
157;160;150
157;161;240
158;155;175
158;159;267
158;161;165
159;158;267
160;157;150
160;164;325
161;157;240
161;158;165
161;162;113
162;161;113
163;167;214
164;160;325
164;166;216
164;167;190
165;166;148
165;169;205
166;164;216
166;165;148
167;163;214
167;164;190
168;170;307
169;165;205
169;172;227
169;173;236
170;168;307
170;171;191
170;172;171
171;170;191
171;174;234
171;175;126
172;169;227
172;170;171
173;169;236
174;171;234
174;176;285
174;178;258
175;171;126
176;174;285
176;177;148
176;179;101
177;176;148
178;174;258
179;176;101
179;183;211
180;183;171
181;182;324
182;181;324
182;185;156
183;179;211
183;180;171
183;184;253
184;183;253
184;185;216
184;187;375
185;182;156
185;184;216
185;188;163
186;188;142
186;189;179
187;184;375
188;185;163
188;186;142
188;190;324
188;191;392
189;186;179
189;192;183
190;188;324
191;188;392
192;189;183
192;195;177
193;195;167
194;197;162
195;192;177
195;193;167
195;196;151
196;195;151
196;198;138
197;194;162
197;198;182
197;200;115
198;196;138
198;197;182
198;201;101
199;201;191
200;197;115
200;203;141
201;198;101
201;199;191
201;205;204
202;204;359
203;200;141
203;207;130
204;202;359
204;205;232
205;201;204
205;204;232
205;209;164
206;209;311
206;210;123
207;203;130
207;208;145
208;207;145
209;205;164
209;206;311
210;206;123
210;211;220
210;213;133
211;210;220
212;213;219
212;214;280
212;216;366
213;210;133
213;212;219
213;217;306
214;212;280
215;216;275
216;212;366
216;215;275
216;219;345
217;213;306
218;219;118
219;216;345
219;218;118
219;222;114
220;221;298
220;223;580
221;220;298
221;222;151
222;219;114
222;221;151
223;220;580
223;224;581
224;223;581
224;226;408
224;228;382
225;227;183
226;224;408
227;225;183
227;231;297
228;224;382
228;230;233
229;230;195
229;232;194
230;228;233
230;229;195
230;233;181
231;227;297
231;235;359
232;229;194
233;230;181
233;236;164
233;237;166
234;235;277
235;231;359
235;234;277
235;237;182
236;233;164
237;233;166
237;235;182
237;238;302
238;237;302
238;242;220
239;241;376
240;244;375
241;239;376
241;242;104
241;244;199
241;245;100
242;238;220
242;241;104
243;244;177
244;240;375
244;241;199
244;243;177
244;248;131
245;241;100
245;249;256
246;248;226
246;250;139
247;248;160
248;244;131
248;246;226
248;247;160
249;245;256
250;246;139
250;251;197
250;253;423
250;254;263
251;250;197
252;256;247
253;250;423
254;250;263
254;255;171
255;254;171
255;256;230
255;257;228
256;252;247
256;255;230
256;258;187
257;255;228
257;261;241
258;256;187
259;261;311
259;262;397
260;262;353
261;257;241
261;259;311
262;259;397
262;260;353
262;264;105
263;265;163
263;267;147
264;262;105
264;266;159
265;263;163
265;266;134
266;264;159
266;265;134
266;270;159
267;263;147
267;271;293
268;271;228
269;273;357
270;266;159
270;273;132
270;274;107
271;267;293
271;268;228
272;275;149
273;269;357
273;270;132
273;276;104
274;270;107
274;275;307
275;272;149
275;274;307
275;277;264
276;273;104
277;275;264
277;279;394
278;279;308
278;281;140
279;277;394
279;278;308
279;280;430
279;282;380
280;279;430
280;284;121
281;278;140
282;279;380
282;283;221
283;282;221
283;286;416
284;280;121
285;287;120
285;288;138
286;283;416
286;289;317
287;285;120
288;285;138
288;289;306
288;291;252
289;286;317
289;288;306
290;293;287
291;288;252
291;292;407
292;291;407
292;294;120
293;290;287
293;294;307
293;295;271
294;292;120
294;293;307
295;293;271
295;296;216
295;297;121
295;299;304
296;295;216
296;298;352
297;295;121
298;296;352
299;295;304
299;303;163
300;303;318
301;305;149
302;304;223
302;306;173
303;299;163
303;300;318
303;305;123
304;302;223
305;301;149
305;303;123
305;308;258
305;309;127
306;302;173
306;307;171
307;306;171
307;309;186
308;305;258
308;311;374
309;305;127
309;307;186
309;310;321
310;309;321
310;314;276
311;308;374
312;313;227
312;315;208
313;312;227
313;314;228
314;310;276
314;313;228
315;312;208
315;319;180
316;318;223
317;320;116
318;316;223
318;321;178
319;315;180
319;322;191
319;323;162
320;317;116
320;323;116
321;318;178
321;323;183
321;324;222
322;319;191
323;319;162
323;320;116
323;321;183
324;321;222
324;325;260
325;324;260
325;326;271
326;325;271
326;327;371
327;326;371
327;330;263
328;329;149
329;328;149
329;330;229
329;333;138
330;327;263
330;329;229
330;334;324
331;334;163
332;333;154
333;329;138
333;332;154
334;330;324
334;331;163
334;337;202
334;338;139
335;337;168
336;339;215
337;334;202
337;335;168
337;339;172
337;341;241
338;334;139
338;340;162
339;336;215
339;337;172
339;343;230
340;338;162
340;342;133
341;337;241
341;344;190
342;340;133
343;339;230
344;341;190
344;348;143
345;349;188
346;348;114
347;348;144
347;350;139
348;344;143
348;346;114
348;347;144
348;349;139
349;345;188
349;348;139
350;347;139
350;351;214
350;354;178
351;350;214
352;355;184
353;357;138
354;350;178
354;357;221
355;352;184
355;357;114
355;358;262
356;358;382
356;360;413
357;353;138
357;354;221
357;355;114
357;359;261
357;361;164
358;355;262
358;356;382
358;362;310
359;357;261
360;356;413
361;357;164
361;363;118
361;365;189
362;358;310
363;361;118
364;365;103
365;361;189
365;364;103
365;366;407
365;369;369
366;365;407
366;367;350
367;366;350
368;369;185
369;365;369
369;368;185
369;372;136
370;374;174
371;372;256
372;369;136
372;371;256
372;373;204
372;375;160
373;372;204
373;374;142
373;377;319
374;370;174
374;373;142
374;378;105
375;372;160
375;376;191
375;379;199
376;375;191
377;373;319
378;374;105
379;375;199
379;381;221
379;382;181
379;383;183
380;382;183
381;379;221
382;379;181
382;380;183
382;386;188
383;379;183
383;384;304
383;387;277
384;383;304
384;385;197
384;388;279
385;384;197
386;382;188
386;390;247
387;383;277
387;389;163
388;384;279
389;387;163
389;391;160
389;393;264
390;386;247
391;389;160
392;394;175
392;395;136
393;389;264
393;395;122
394;392;175
395;392;136
395;393;122
395;396;175
395;398;528
395;399;278
396;395;175
397;399;210
397;400;246
398;395;528
398;401;547
399;395;278
399;397;210
400;397;246
400;402;138
400;403;175
400;404;370
401;398;547
402;400;138
402;405;523
403;400;175
404;400;370
404;407;466
405;402;523
405;406;524
406;405;524
407;404;466
407;411;238
408;409;128
409;408;128
409;411;359
410;413;341
411;407;238
411;409;359
411;412;125
411;413;411
411;415;111
412;411;125
412;416;244
413;410;341
413;411;411
414;415;185
414;417;253
414;418;389
415;411;111
415;414;185
415;419;275
416;412;244
417;414;253
418;414;389
419;415;275
419;423;219
420;422;314
421;424;233
422;420;314
422;423;112
422;426;105
423;419;219
423;422;112
424;421;233
424;426;143
424;428;107
425;429;284
426;422;105
426;424;143
426;430;227
427;430;118
428;424;107
428;431;160
429;425;284
429;430;213
429;433;229
430;426;227
430;427;118
430;429;213
430;432;302
431;428;160
432;430;302
433;429;229
433;436;303
434;437;498
435;439;428
436;433;303
436;438;372
436;439;259
437;434;498
437;441;201
438;436;372
439;435;428
439;436;259
439;440;146
440;439;146
440;442;262
440;443;106
441;437;201
441;443;244
442;440;262
443;440;106
443;441;244
443;447;126
444;447;230
445;449;395
446;450;249
447;443;126
447;444;230
447;451;188
448;451;289
449;445;395
449;450;109
449;451;206
449;452;237
450;446;249
450;449;109
450;453;217
450;454;179
451;447;188
451;448;289
451;449;206
452;449;237
453;450;217
453;457;344
454;450;179
454;458;358
455;457;141
456;458;154
457;453;344
457;455;141
458;454;358
458;456;154
458;461;295
459;460;242
459;461;258
460;459;242
460;463;119
461;458;295
461;459;258
461;465;282
462;466;163
463;460;119
464;467;253
465;461;282
465;466;309
465;467;288
465;468;213
466;462;163
466;465;309
466;470;205
467;464;253
467;465;288
467;469;300
468;465;213
469;467;300
469;472;162
470;466;205
471;472;347
471;474;287
472;469;162
472;471;347
473;474;127
473;477;262
474;471;287
474;473;127
475;477;110
476;477;234
476;480;167
477;473;262
477;475;110
477;476;234
478;481;232
479;481;226
480;476;167
480;483;313
480;484;150
481;478;232
481;479;226
481;485;190
482;485;171
483;480;313
484;480;150
484;488;117
485;481;190
485;482;171
485;486;257
485;487;248
486;485;257
486;489;238
487;485;248
487;488;171
488;484;117
488;487;171
488;491;185
489;486;238
489;492;355
490;492;412
491;488;185
492;489;355
492;490;412
492;493;114
493;492;114
493;494;157
493;497;326
494;493;157
494;496;109
494;498;306
495;497;385
496;494;109
497;493;326
497;495;385
498;494;306
498;499;154
499;498;154
499;502;111
499;503;130
500;503;204
500;504;230
501;505;218
502;499;111
503;499;130
503;500;204
503;505;235
504;500;230
504;506;286
504;507;185
505;501;218
505;503;235
506;504;286
506;509;121
507;504;185
507;510;147
508;510;292
509;506;121
509;511;281
510;507;147
510;508;292
511;509;281
511;513;325
512;514;160
512;516;316
513;511;325
513;517;347
514;512;160
514;515;127
515;514;127
515;517;237
515;519;215
516;512;316
517;513;347
517;515;237
518;522;173
519;515;215
519;522;172
520;521;260
520;524;257
521;520;260
521;522;214
521;523;331
522;518;173
522;519;172
522;521;214
523;521;331
523;527;147
524;520;257
525;527;234
526;527;104
527;523;147
527;525;234
527;526;104
527;530;617
528;531;466
529;533;102
530;527;617
530;531;102
530;532;189
531;528;466
531;530;102
532;530;189
532;533;125
532;535;141
532;536;274
533;529;102
533;532;125
534;535;130
535;532;141
535;534;130
536;532;274
536;538;154
537;540;202
538;536;154
538;539;245
539;538;245
539;540;243
539;542;361
540;537;202
540;539;243
540;541;330
540;543;348
541;540;330
541;544;137
542;539;361
543;540;348
544;541;137
544;546;135
545;546;255
545;548;134
545;549;375
546;544;135
546;545;255
546;547;276
546;550;124
547;546;276
547;551;184
548;545;134
549;545;375
550;546;124
550;554;248
551;547;184
552;553;408
552;554;255
553;552;408
554;550;248
554;552;255
554;555;192
554;558;189
555;554;192
555;559;345
556;558;320
557;558;212
558;554;189
558;556;320
558;557;212
558;561;104
559;555;345
560;563;209
560;564;157
561;558;104
561;563;208
562;563;184
563;560;209
563;561;208
563;562;184
563;566;177
563;567;226
564;560;157
564;568;164
565;569;167
566;563;177
567;563;226
567;570;230
567;571;125
568;564;164
569;565;167
569;571;178
569;572;146
570;567;230
571;567;125
571;569;178
572;569;146
572;573;266
572;574;205
573;572;266
574;572;205
574;575;222
574;578;399
575;574;222
575;577;104
576;578;256
577;575;104
578;574;399
578;576;256
578;582;203
579;582;299
580;583;345
580;584;146
581;584;168
582;578;203
582;579;299
582;586;282
583;580;345
584;580;146
584;581;168
584;588;112
585;588;248
586;582;282
586;587;129
586;588;117
586;589;128
587;586;129
588;584;112
588;585;248
588;586;117
588;590;107
589;586;128
590;588;107
590;592;233
590;593;154
591;592;452
592;590;233
592;591;452
593;590;154
593;596;137
594;597;170
595;596;188
595;597;142
596;593;137
596;595;188
597;594;170
597;595;142
597;598;260
598;597;260
598;601;131
598;602;100
599;603;160
600;603;161
601;598;131
602;598;100
602;603;122
603;599;160
603;600;161
603;602;122
603;607;349
604;605;301
605;604;301
605;608;346
606;609;272
607;603;349
607;609;244
608;605;346
608;609;292
609;606;272
609;607;244
609;608;292
609;611;163
610;613;668
610;614;328
611;609;163
611;615;213
612;615;177
612;616;280
613;610;668
614;610;328
614;616;259
615;611;213
615;612;177
615;618;106
616;612;280
616;614;259
616;617;180
617;616;180
618;615;106
618;622;420
619;622;231
620;623;202
621;623;483
622;618;420
622;619;231
622;624;122
623;620;202
623;621;483
623;627;138
624;622;122
624;625;100
625;624;100
625;627;105
625;628;169
626;627;148
626;630;130
627;623;138
627;625;105
627;626;148
628;625;169
628;631;184
629;631;211
629;633;181
630;626;130
630;632;128
630;634;118
631;628;184
631;629;211
632;630;128
633;629;181
634;630;118
634;635;100
634;636;333
635;634;100
636;634;333
636;639;225
637;641;219
638;641;135
639;636;225
639;640;154
639;641;358
640;639;154
640;642;227
641;637;219
641;638;135
641;639;358
641;645;102
642;640;227
643;645;297
643;646;228
644;647;189
645;641;102
645;643;297
645;647;156
646;643;228
647;644;189
647;645;156
647;651;179
648;651;169
649;652;134
650;651;213
650;652;284
651;647;179
651;648;169
651;650;213
652;649;134
652;650;284
652;655;263
653;655;171
654;655;257
654;657;137
655;652;263
655;653;171
655;654;257
655;656;166
656;655;166
656;658;143
656;660;293
657;654;137
658;656;143
658;659;229
659;658;229
659;662;103
659;663;243
660;656;293
661;664;345
662;659;103
662;666;230
663;659;243
664;661;345
664;665;213
664;668;232
665;664;213
665;666;245
665;667;113
666;662;230
666;665;245
666;669;199
666;670;466
667;665;113
668;664;232
668;672;273
669;666;199
669;673;190
670;666;466
671;675;153
672;668;273
672;675;183
673;669;190
674;675;163
674;676;182
675;671;153
675;672;183
675;674;163
676;674;182
676;679;102
677;679;387
678;679;288
678;680;115
679;676;102
679;677;387
679;678;288
679;681;214
680;678;115
680;682;268
680;683;176
680;684;141
681;679;214
682;680;268
682;685;417
682;686;212
683;680;176
683;687;309
684;680;141
685;682;417
685;688;536
686;682;212
687;683;309
687;691;225
688;685;536
689;691;215
690;694;232
691;687;225
691;689;215
691;694;407
692;693;294
693;692;294
693;694;193
694;690;232
694;691;407
694;693;193
694;695;328
695;694;328
695;696;139
696;695;139
696;700;533
697;700;217
698;702;352
699;701;310
700;696;533
700;697;217
700;704;407
701;699;310
701;705;342
702;698;352
702;705;232
703;704;220
703;706;148
703;707;351
704;700;407
704;703;220
705;701;342
705;702;232
705;706;135
706;703;148
706;705;135
706;710;255
707;703;351
708;711;106
709;712;280
710;706;255
710;712;302
710;714;193
711;708;106
711;715;106
712;709;280
712;710;302
713;715;172
714;710;193
714;718;151
715;711;106
715;713;172
715;719;149
716;720;206
717;721;261
718;714;151
718;720;321
718;722;208
719;715;149
719;721;170
719;722;241
720;716;206
720;718;321
721;717;261
721;719;170
721;725;251
722;718;208
722;719;241
723;724;384
724;723;384
724;725;322
725;721;251
725;724;322
725;726;292
725;728;114
726;725;292
727;728;193
727;729;324
728;725;114
728;727;193
728;732;180
729;727;324
729;730;109
729;731;142
730;729;109
731;729;142
731;734;353
732;728;180
733;734;243
734;731;353
734;733;243
734;738;248
735;738;254
736;738;120
737;738;132
737;739;115
738;734;248
738;735;254
738;736;120
738;737;132
738;741;126
738;742;370
739;737;115
739;743;345
740;742;223
741;738;126
742;738;370
742;740;223
742;744;141
743;739;345
744;742;141
744;748;180
745;747;239
745;748;146
746;750;165
747;745;239
747;750;107
748;744;180
748;745;146
749;750;303
749;753;372
750;746;165
750;747;107
750;749;303
751;752;236
752;751;236
752;754;208
753;749;372
753;754;326
753;755;337
754;752;208
754;753;326
754;756;334
755;753;337
756;754;334
756;760;340
757;758;298
757;760;236
757;761;164
758;757;298
758;762;187
759;761;235
760;756;340
760;757;236
761;757;164
761;759;235
761;764;257
762;758;187
763;766;195
764;761;257
764;766;192
764;768;226
765;768;176
766;763;195
766;764;192
766;767;191
766;769;283
767;766;191
768;764;226
768;765;176
768;770;273
769;766;283
770;768;273
770;774;232
771;773;255
772;775;106
773;771;255
773;774;230
773;775;206
774;770;232
774;773;230
774;778;128
775;772;106
775;773;206
775;776;194
776;775;194
776;779;181
777;781;130
778;774;128
779;776;181
779;781;156
779;782;225
779;783;169
780;783;474
781;777;130
781;779;156
782;779;225
783;779;169
783;780;474
783;787;265
784;788;209
785;788;240
786;788;258
787;783;265
787;789;307
787;791;147
788;784;209
788;785;240
788;786;258
788;789;164
788;792;369
789;787;307
789;788;164
790;794;194
791;787;147
792;788;369
792;793;216
792;796;198
793;792;216
793;794;184
793;795;376
794;790;194
794;793;184
795;793;376
795;797;123
796;792;198
796;799;261
797;795;123
797;798;424
797;801;152
798;797;424
799;796;261
799;802;192
800;802;128
801;797;152
801;805;142
802;799;192
802;800;128
802;804;128
803;804;329
803;806;426
804;802;128
804;803;329
804;808;275
805;801;142
805;807;251
806;803;426
807;805;251
807;810;469
808;804;275
809;810;162
810;807;469
810;809;162
810;811;197
810;813;131
810;814;415
811;810;197
812;814;440
813;810;131
813;816;250
814;810;415
814;812;440
815;816;176
815;819;204
816;813;250
816;815;176
817;819;133
818;821;284
819;815;204
819;817;133
819;821;155
820;821;110
820;822;293
820;823;363
821;818;284
821;819;155
821;820;110
822;820;293
823;820;363
823;825;146
823;826;305
824;826;295
825;823;146
825;828;316
826;823;305
826;824;295
826;829;198
827;828;258
827;830;112
827;831;114
828;825;316
828;827;258
829;826;198
830;827;112
831;827;114
831;833;454
832;836;215
833;831;454
833;834;309
833;835;371
834;833;309
834;836;178
834;838;145
835;833;371
836;832;215
836;834;178
836;837;157
836;840;305
837;836;157
838;834;145
839;842;128
839;843;133
840;836;305
840;842;144
841;842;143
842;839;128
842;840;144
842;841;143
842;844;142
842;845;126
843;839;133
843;847;380
844;842;142
845;842;126
846;850;264
847;843;380
847;849;133
847;850;239
847;851;200
848;851;237
848;852;193
849;847;133
850;846;264
850;847;239
851;847;200
851;848;237
851;853;243
852;848;193
852;856;217
853;851;243
853;854;288
853;855;132
854;853;288
855;853;132
855;858;209
856;852;217
857;859;318
857;861;184
858;855;209
858;860;275
859;857;318
859;860;345
859;862;360
859;863;389
860;858;275
860;859;345
861;857;184
861;865;139
862;859;360
863;859;389
864;868;371
865;861;139
865;866;371
866;865;371
866;868;187
866;870;209
867;869;139
868;864;371
868;866;187
869;867;139
869;871;467
869;872;277
870;866;209
870;872;123
871;869;467
872;869;277
872;870;123
872;873;174
872;874;131
873;872;174
873;876;224
874;872;131
875;877;251
876;873;224
876;877;106
876;879;538
877;875;251
877;876;106
877;878;104
878;877;104
878;881;111
879;876;538
880;881;102
881;878;111
881;880;102
881;882;210
881;883;372
881;885;190
882;881;210
883;881;372
883;886;274
884;886;129
884;887;130
885;881;190
886;883;274
886;884;129
887;884;130
887;888;378
887;889;160
887;890;270
887;891;194
888;887;378
889;887;160
890;887;270
890;892;153
891;887;194
892;890;153
892;893;455
893;892;455
893;894;399
893;897;298
894;893;399
895;896;105
895;897;195
895;898;419
896;895;105
897;893;298
897;895;195
898;895;419
898;902;303
899;903;151
900;903;242
901;903;215
902;898;303
902;903;328
903;899;151
903;900;242
903;901;215
903;902;328
903;905;179
904;905;185
905;903;179
905;904;185
905;909;393
906;909;289
907;908;272
907;910;174
908;907;272
908;911;289
908;912;117
909;905;393
909;906;289
909;910;246
910;907;174
910;909;246
911;908;289
911;913;102
912;908;117
912;916;141
913;911;102
913;914;259
913;915;102
914;913;259
914;918;320
915;913;102
915;917;244
916;912;141
917;915;244
917;920;222
918;914;320
918;919;244
919;918;244
919;922;110
920;917;222
921;922;172
922;919;110
922;921;172
922;923;395
923;922;395
923;926;219
924;926;183
924;927;139
925;926;140
926;923;219
926;924;183
926;925;140
927;924;139
927;929;122
928;929;161
928;930;101
929;927;122
929;928;161
930;928;101
930;933;209
930;934;128
931;934;320
932;933;114
933;930;209
933;932;114
933;937;264
934;930;128
934;931;320
934;938;138
935;936;287
935;937;304
936;935;287
937;933;264
937;935;304
938;934;138
938;942;476
939;940;226
939;943;280
940;939;226
941;943;227
941;944;192
942;938;476
942;944;208
943;939;280
943;941;227
943;945;170
944;941;192
944;942;208
944;948;119
945;943;170
946;948;217
946;950;193
947;950;223
948;944;119
948;946;217
948;952;329
949;950;258
949;953;111
950;946;193
950;947;223
950;949;258
950;951;209
951;950;209
951;955;249
952;948;329
953;949;111
954;957;100
955;951;249
955;958;182
955;959;106
956;958;259
957;954;100
957;959;166
958;955;182
958;956;259
959;955;106
959;957;166
959;961;142
960;961;274
960;963;343
961;959;142
961;960;274
962;963;256
962;964;336
962;965;194
963;960;343
963;962;256
963;966;288
963;967;252
964;962;336
965;962;194
966;963;288
966;969;262
967;963;252
968;972;305
969;966;262
969;971;281
970;972;275
970;973;260
971;969;281
971;975;295
972;968;305
972;970;275
973;970;260
973;975;248
974;977;255
975;971;295
975;973;248
975;979;399
976;977;103
976;978;100
976;980;105
977;974;255
977;976;103
978;976;100
979;975;399
979;980;280
979;983;301
980;976;105
980;979;280
981;985;415
982;983;102
982;985;136
982;986;213
983;979;301
983;982;102
984;985;193
985;981;415
985;982;136
985;984;193
986;982;213
986;988;145
987;991;105
988;986;145
988;992;270
989;991;197
989;993;317
990;992;252
991;987;105
991;989;197
991;992;178
992;988;270
992;990;252
992;991;178
992;994;165
993;989;317
993;997;275
994;992;165
995;996;163
996;995;163
996;997;224
997;993;275
997;996;224
997;1001;202
998;999;111
998;1000;187
999;998;111
999;1001;132
999;1002;214
999;1003;310
1000;998;187
1001;997;202
1001;999;132
1002;999;214
1002;1004;318
1003;999;310
1004;1002;318
1004;1008;107
1005;1006;177
1005;1008;175
1006;1005;177
1007;1009;292
1008;1004;107
1008;1005;175
1008;1012;256
1009;1007;292
1009;1013;154
1010;1012;223
1011;1014;188
1012;1008;256
1012;1010;223
1012;1013;123
1012;1016;124
1013;1009;154
1013;1012;123
1014;1011;188
1014;1018;126
1015;1019;164
1016;1012;124
1016;1019;224
1017;1018;187
1018;1014;126
1018;1017;187
1018;1021;169
1019;1015;164
1019;1016;224
1019;1021;161
1019;1023;215
1020;1022;233
1021;1018;169
1021;1019;161
1022;1020;233
1022;1023;104
1022;1026;191
1023;1019;215
1023;1022;104
1023;1024;219
1024;1023;219
1025;1027;117
1026;1022;191
1026;1029;188
1027;1025;117
1027;1031;203
1028;1029;113
1029;1026;188
1029;1028;113
1029;1030;112
1029;1032;219
1030;1029;112
1030;1031;204
1031;1027;203
1031;1030;204
1031;1035;206
1032;1029;219
1033;1035;156
1034;1036;155
1034;1037;160
1035;1031;206
1035;1033;156
1035;1036;218
1036;1034;155
1036;1035;218
1037;1034;160
1037;1038;100
1038;1037;100
1038;1041;177
1039;1043;136
1040;1043;223
1041;1038;177
1041;1043;240
1042;1043;136
1042;1044;155
1043;1039;136
1043;1040;223
1043;1041;240
1043;1042;136
1044;1042;155
1044;1045;175
1044;1046;291
1045;1044;175
1046;1044;291
1046;1048;122
1047;1048;125
1047;1050;333
1048;1046;122
1048;1047;125
1049;1051;160
1049;1052;190
1050;1047;333
1050;1053;292
1051;1049;160
1051;1054;219
1051;1055;103
1052;1049;190
1052;1053;342
1052;1056;239
1053;1050;292
1053;1052;342
1053;1057;421
1054;1051;219
1055;1051;103
1055;1059;112
1056;1052;239
1057;1053;421
1058;1059;248
1059;1055;112
1059;1058;248
1059;1060;199
1059;1061;434
1059;1063;316
1060;1059;199
1060;1062;119
1061;1059;434
1061;1065;290
1062;1060;119
1062;1066;252
1063;1059;316
1064;1068;154
1065;1061;290
1066;1062;252
1066;1067;128
1066;1070;125
1067;1066;128
1067;1071;294
1068;1064;154
1068;1070;234
1069;1072;174
1070;1066;125
1070;1068;234
1070;1073;231
1071;1067;294
1072;1069;174
1072;1073;234
1073;1070;231
1073;1072;234
1073;1074;225
1073;1076;244
1074;1073;225
1074;1077;126
1075;1078;192
1076;1073;244
1077;1074;126
1077;1081;197
1078;1075;192
1078;1080;274
1078;1081;303
1079;1083;141
1080;1078;274
1081;1077;197
1081;1078;303
1081;1082;124
1081;1085;156
1082;1081;124
1083;1079;141
1083;1087;204
1084;1086;186
1085;1081;156
1085;1088;187
1086;1084;186
1086;1088;329
1087;1083;204
1087;1089;256
1087;1091;181
1088;1085;187
1088;1086;329
1088;1091;135
1088;1092;174
1089;1087;256
1089;1090;305
1090;1089;305
1091;1087;181
1091;1088;135
1092;1088;174
1092;1095;178
1093;1094;137
1093;1097;112
1094;1093;137
1094;1098;332
1095;1092;178
1095;1096;256
1095;1099;128
1096;1095;256
1096;1097;186
1097;1093;112
1097;1096;186
1097;1100;240
1098;1094;332
1099;1095;128
1099;1102;118
1100;1097;240
1101;1102;120
1101;1103;266
1102;1099;118
1102;1101;120
1103;1101;266
1103;1105;144
1103;1106;179
1103;1107;209
1104;1108;230
1105;1103;144
1106;1103;179
1106;1109;211
1107;1103;209
1108;1104;230
1108;1110;114
1109;1106;211
1109;1110;103
1109;1113;231
1110;1108;114
1110;1109;103
1111;1115;135
1112;1115;267
1113;1109;231
1113;1115;128
1114;1117;253
1115;1111;135
1115;1112;267
1115;1113;128
1115;1118;110
1116;1119;162
1117;1114;253
1117;1118;246
1117;1120;248
1118;1115;110
1118;1117;246
1119;1116;162
1119;1122;244
1120;1117;248
1120;1122;165
1120;1124;287
1121;1124;275
1121;1125;117
1122;1119;244
1122;1120;165
1122;1123;296
1123;1122;296
1124;1120;287
1124;1121;275
1125;1121;117
1125;1126;149
1126;1125;149
1126;1127;137
1126;1129;282
1126;1130;199
1127;1126;137
1128;1129;233
1129;1126;282
1129;1128;233
1129;1131;270
1129;1132;219
1130;1126;199
1130;1134;152
1131;1129;270
1132;1129;219
1132;1135;197
1133;1134;190
1134;1130;152
1134;1133;190
1134;1137;161
1135;1132;197
1136;1137;196
1136;1138;117
1136;1139;238
1137;1134;161
1137;1136;196
1138;1136;117
1138;1141;193
1139;1136;238
1139;1140;290
1140;1139;290
1141;1138;193
1141;1143;122
1141;1145;265
1142;1145;304
1143;1141;122
1144;1146;356
1144;1147;230
1144;1148;605
1145;1141;265
1145;1142;304
1145;1146;159
1146;1144;356
1146;1145;159
1146;1149;336
1147;1144;230
1147;1151;285
1148;1144;605
1149;1146;336
1150;1152;390
1151;1147;285
1151;1154;142
1152;1150;390
1152;1154;256
1153;1156;338
1154;1151;142
1154;1152;256
1154;1158;175
1155;1157;116
1156;1153;338
1156;1160;260
1157;1155;116
1157;1158;182
1157;1159;181
1158;1154;175
1158;1157;182
1159;1157;181
1159;1160;395
1160;1156;260
1160;1159;395
1160;1161;237
1161;1160;237
1161;1163;185
1162;1163;254
1163;1161;185
1163;1162;254
1163;1167;379
1164;1168;279
1165;1168;262
1165;1169;497
1166;1167;471
1167;1163;379
1167;1166;471
1167;1171;221
1168;1164;279
1168;1165;262
1169;1165;497
1169;1171;283
1169;1172;350
1169;1173;248
1170;1173;284
1170;1174;302
1171;1167;221
1171;1169;283
1172;1169;350
1173;1169;248
1173;1170;284
1174;1170;302
1174;1176;201
1175;1178;445
1176;1174;201
1176;1177;487
1176;1178;166
1177;1176;487
1178;1175;445
1178;1176;166
1178;1181;137
1179;1183;273
1180;1181;168
1181;1178;137
1181;1180;168
1181;1185;359
1182;1185;345
1183;1179;273
1183;1185;142
1183;1186;168
1183;1187;199
1184;1188;138
1185;1181;359
1185;1182;345
1185;1183;142
1185;1188;174
1186;1183;168
1186;1189;287
1187;1183;199
1187;1190;154
1188;1184;138
1188;1185;174
1189;1186;287
1190;1187;154
1190;1191;154
1191;1190;154
1191;1195;231
1192;1195;413
1193;1194;526
1193;1196;468
1194;1193;526
1195;1191;231
1195;1192;413
1195;1196;184
1195;1199;220
1196;1193;468
1196;1195;184
1197;1198;450
1198;1197;450
1198;1199;212
1198;1200;122
1199;1195;220
1199;1198;212
1199;1202;278
1200;1198;122
1200;1204;105
1201;1202;157
1202;1199;278
1202;1201;157
1203;1205;207
1204;1200;105
1204;1205;214
1205;1203;207
1205;1204;214
1205;1206;428
1206;1205;428
1206;1209;255
1207;1208;230
1207;1211;234
1208;1207;230
1208;1209;346
1208;1210;198
1209;1206;255
1209;1208;346
1209;1212;110
1210;1208;198
1211;1207;234
1211;1213;138
1211;1215;216
1212;1209;110
1213;1211;138
1213;1214;160
1214;1213;160
1214;1218;339
1215;1211;216
1215;1219;181
1216;1219;341
1217;1220;476
1218;1214;339
1219;1215;181
1219;1216;341
1219;1220;147
1220;1217;476
1220;1219;147
1220;1223;141
1221;1223;213
1221;1224;141
1222;1225;117
1223;1220;141
1223;1221;213
1223;1226;190
1224;1221;141
1224;1225;353
1224;1228;329
1225;1222;117
1225;1224;353
1225;1227;411
1226;1223;190
1226;1229;237
1227;1225;411
1228;1224;329
1229;1226;237
1229;1232;221
1230;1231;125
1230;1233;181
1230;1234;186
1231;1230;125
1231;1235;228
1232;1229;221
1232;1235;159
1233;1230;181
1234;1230;186
1235;1231;228
1235;1232;159
1235;1237;198
1236;1237;185
1236;1239;518
1237;1235;198
1237;1236;185
1237;1238;419
1238;1237;419
1239;1236;518
1239;1240;134
1239;1242;279
1239;1243;217
1240;1239;134
1241;1245;566
1242;1239;279
1243;1239;217
1243;1244;150
1244;1243;150
1244;1247;305
1245;1241;566
1245;1247;119
1245;1248;120
1246;1250;295
1247;1244;305
1247;1245;119
1248;1245;120
1248;1249;151
1249;1248;151
1249;1251;172
1249;1253;254
1250;1246;295
1250;1253;313
1251;1249;172
1251;1252;271
1252;1251;271
1252;1255;507
1253;1249;254
1253;1250;313
1253;1254;213
1254;1253;213
1254;1256;292
1255;1252;507
1256;1254;292
1256;1257;346
1256;1259;327
1257;1256;346
1258;1260;334
1259;1256;327
1259;1261;388
1259;1263;182
1260;1258;334
1260;1262;344
1260;1264;494
1261;1259;388
1261;1265;324
1262;1260;344
1263;1259;182
1264;1260;494
1264;1266;208
1265;1261;324
1265;1266;102
1265;1267;272
1266;1264;208
1266;1265;102
1267;1265;272
1267;1268;320
1267;1271;120
1268;1267;320
1269;1273;259
1270;1271;301
1270;1272;201
1270;1273;292
1271;1267;120
1271;1270;301
1271;1275;234
1272;1270;201
1273;1269;259
1273;1270;292
1273;1274;138
1274;1273;138
1274;1277;206
1274;1278;118
1275;1271;234
1276;1279;430
1277;1274;206
1277;1280;480
1277;1281;226
1278;1274;118
1278;1279;363
1279;1276;430
1279;1278;363
1279;1283;164
1280;1277;480
1281;1277;226
1281;1284;193
1282;1284;107
1283;1279;164
1284;1281;193
1284;1282;107
1284;1286;138
1284;1288;151
1285;1289;207
1286;1284;138
1286;1290;230
1287;1291;185
1288;1284;151
1288;1289;113
1288;1292;191
1289;1285;207
1289;1288;113
1290;1286;230
1291;1287;185
1291;1293;133
1292;1288;191
1292;1293;108
1292;1294;181
1293;1291;133
1293;1292;108
1293;1296;101
1294;1292;181
1295;1296;295
1296;1293;101
1296;1295;295
1296;1298;334
1297;1301;622
1298;1296;334
1298;1299;296
1299;1298;296
1299;1303;412
1300;1301;371
1300;1302;779
1300;1304;358
1301;1297;622
1301;1300;371
1301;1303;112
1302;1300;779
1303;1299;412
1303;1301;112
1304;1300;358
1304;1306;209
1305;1306;125
1305;1307;242
1306;1304;209
1306;1305;125
1307;1305;242
1307;1309;428
1308;1311;298
1309;1307;428
1309;1310;160
1310;1309;160
1310;1313;172
1311;1308;298
1311;1314;279
1312;1313;273
1312;1314;113
1313;1310;172
1313;1312;273
1314;1311;279
1314;1312;113
1314;1315;214
1314;1316;238
1314;1318;299
1315;1314;214
1316;1314;238
1317;1318;451
1318;1314;299
1318;1317;451
1318;1322;529
1319;1322;113
1320;1321;286
1321;1320;286
1321;1325;194
1322;1318;529
1322;1319;113
1322;1325;166
1323;1324;265
1324;1323;265
1324;1327;169
1325;1321;194
1325;1322;166
1325;1327;150
1325;1328;290
1325;1329;289
1326;1330;303
1327;1324;169
1327;1325;150
1328;1325;290
1328;1332;110
1329;1325;289
1330;1326;303
1330;1332;193
1331;1332;428
1332;1328;110
1332;1330;193
1332;1331;428
1332;1334;116
1332;1336;152
1333;1336;303
1334;1332;116
1334;1335;266
1335;1334;266
1335;1338;320
1336;1332;152
1336;1333;303
1336;1337;335
1337;1336;335
1338;1335;320
1338;1342;208
1339;1341;203
1340;1343;236
1341;1339;203
1341;1343;335
1342;1338;208
1342;1343;129
1342;1346;206
1343;1340;236
1343;1341;335
1343;1342;129
1343;1345;246
1344;1346;164
1344;1347;193
1345;1343;246
1346;1342;206
1346;1344;164
1347;1344;193
1347;1349;168
1348;1349;223
1348;1351;107
1349;1347;168
1349;1348;223
1349;1350;266
1350;1349;266
1351;1348;107
1351;1352;366
1352;1351;366
1352;1354;130
1353;1354;294
1353;1355;294
1353;1356;281
1353;1357;118
1354;1352;130
1354;1353;294
1355;1353;294
1356;1353;281
1356;1359;245
1357;1353;118
1358;1360;173
1359;1356;245
1359;1363;192
1360;1358;173
1360;1362;249
1361;1364;117
1362;1360;249
1362;1363;219
1362;1364;266
1363;1359;192
1363;1362;219
1363;1366;335
1364;1361;117
1364;1362;266
1365;1368;262
1366;1363;335
1366;1367;250
1367;1366;250
1367;1368;178
1368;1365;262
1368;1367;178
1368;1372;322
1369;1372;402
1370;1371;152
1370;1372;217
1371;1370;152
1371;1375;170
1372;1368;322
1372;1369;402
1372;1370;217
1373;1375;273
1374;1377;345
1375;1371;170
1375;1373;273
1375;1376;151
1376;1375;151
1376;1377;195
1377;1374;345
1377;1376;195
1377;1379;332
1378;1379;222
1379;1377;332
1379;1378;222
1379;1382;317
1380;1382;120
1381;1382;140
1381;1384;349
1382;1379;317
1382;1380;120
1382;1381;140
1382;1386;509
1383;1386;269
1384;1381;349
1385;1387;174
1385;1389;105
1386;1382;509
1386;1383;269
1386;1390;158
1387;1385;174
1388;1392;131
1389;1385;105
1389;1392;130
1390;1386;158
1390;1392;120
1391;1394;335
1391;1395;289
1392;1388;131
1392;1389;130
1392;1390;120
1392;1394;242
1393;1395;344
1394;1391;335
1394;1392;242
1394;1396;243
1394;1397;224
1395;1391;289
1395;1393;344
1396;1394;243
1396;1399;292
1396;1400;360
1397;1394;224
1397;1398;348
1398;1397;348
1399;1396;292
1400;1396;360
1400;1403;308
1401;1404;262
1401;1405;156
1402;1406;153
1403;1400;308
1403;1405;138
1404;1401;262
1405;1401;156
1405;1403;138
1405;1406;352
1405;1407;245
1406;1402;153
1406;1405;352
1407;1405;245
1407;1409;155
1408;1409;326
1409;1407;155
1409;1408;326
1409;1411;105
1410;1413;314
1411;1409;105
1411;1412;193
1412;1411;193
1412;1416;361
1413;1410;314
1413;1416;116
1414;1418;191
1415;1419;307
1416;1412;361
1416;1413;116
1416;1418;158
1416;1420;438
1417;1420;422
1418;1414;191
1418;1416;158
1419;1415;307
1419;1420;185
1419;1421;165
1419;1423;169
1420;1416;438
1420;1417;422
1420;1419;185
1420;1422;186
1421;1419;165
1421;1425;150
1422;1420;186
1423;1419;169
1423;1424;144
1423;1427;199
1424;1423;144
1425;1421;150
1425;1426;190
1426;1425;190
1427;1423;199
1427;1430;355
1427;1431;305
1428;1429;303
1429;1428;303
1429;1433;119
1430;1427;355
1431;1427;305
1431;1433;104
1431;1435;238
1432;1436;239
1433;1429;119
1433;1431;104
1434;1435;333
1435;1431;238
1435;1434;333
1435;1437;143
1436;1432;239
1436;1440;167
1437;1435;143
1437;1438;101
1437;1440;102
1438;1437;101
1438;1439;203
1439;1438;203
1440;1436;167
1440;1437;102
1440;1441;352
1440;1442;175
1440;1443;150
1440;1444;487
1441;1440;352
1442;1440;175
1442;1446;227
1443;1440;150
1443;1445;406
1444;1440;487
1445;1443;406
1445;1448;534
1446;1442;227
1447;1448;429
1448;1445;534
1448;1447;429
1448;1451;170
1449;1452;484
1450;1453;356
1451;1448;170
1451;1453;233
1451;1454;316
1452;1449;484
1452;1456;381
1453;1450;356
1453;1451;233
1454;1451;316
1454;1455;233
1455;1454;233
1455;1457;118
1456;1452;381
1456;1459;207
1457;1455;118
1457;1459;216
1458;1459;124
1459;1456;207
1459;1457;216
1459;1458;124
1459;1460;375
1459;1461;312
1459;1463;353
1460;1459;375
1460;1464;235
1461;1459;312
1462;1464;397
1463;1459;353
1463;1465;147
1464;1460;235
1464;1462;397
1465;1463;147
1465;1466;242
1465;1467;147
1466;1465;242
1466;1469;360
1467;1465;147
1468;1470;188
1469;1466;360
1469;1471;211
1470;1468;188
1470;1471;236
1471;1469;211
1471;1470;236
1471;1474;278
1472;1474;325
1472;1475;388
1473;1474;258
1473;1477;331
1474;1471;278
1474;1472;325
1474;1473;258
1475;1472;388
1476;1478;320
1476;1480;234
1477;1473;331
1477;1479;169
1477;1481;156
1478;1476;320
1479;1477;169
1479;1480;242
1480;1476;234
1480;1479;242
1480;1482;205
1481;1477;156
1481;1485;118
1482;1480;205
1482;1486;413
1483;1485;152
1484;1487;407
1485;1481;118
1485;1483;152
1485;1487;269
1485;1488;306
1485;1489;120
1486;1482;413
1487;1484;407
1487;1485;269
1488;1485;306
1489;1485;120
1489;1490;164
1489;1492;188
1490;1489;164
1490;1494;320
1491;1492;308
1491;1493;265
1492;1489;188
1492;1491;308
1493;1491;265
1494;1490;320
1494;1496;279
1495;1497;108
1495;1499;135
1496;1494;279
1496;1497;141
1497;1495;108
1497;1496;141
1498;1501;102
1498;1502;128
1499;1495;135
1499;1500;258
1499;1503;197
1500;1499;258
1501;1498;102
1501;1505;333
1502;1498;128
1502;1503;297
1503;1499;197
1503;1502;297
1503;1504;148
1504;1503;148
1504;1507;355
1505;1501;333
1506;1508;157
1506;1509;262
1507;1504;355
1507;1509;160
1507;1510;140
1507;1511;153
1508;1506;157
1508;1512;281
1509;1506;262
1509;1507;160
1510;1507;140
1511;1507;153
1512;1508;281
1512;1514;105
1513;1515;379
1514;1512;105
1514;1518;113
1515;1513;379
1515;1519;253
1516;1519;314
1517;1519;149
1517;1521;319
1518;1514;113
1518;1521;261
1519;1515;253
1519;1516;314
1519;1517;149
1519;1523;112
1520;1522;406
1521;1517;319
1521;1518;261
1521;1522;209
1521;1524;254
1522;1520;406
1522;1521;209
1523;1519;112
1523;1525;375
1523;1526;280
1523;1527;219
1524;1521;254
1525;1523;375
1526;1523;280
1526;1528;231
1526;1530;163
1527;1523;219
1528;1526;231
1529;1531;111
1530;1526;163
1530;1531;159
1530;1533;155
1530;1534;100
1531;1529;111
1531;1530;159
1532;1534;351
1532;1535;275
1533;1530;155
1534;1530;100
1534;1532;351
1535;1532;275
1535;1536;109
1536;1535;109
1536;1538;181
1537;1538;246
1537;1539;265
1538;1536;181
1538;1537;246
1538;1541;220
1539;1537;265
1540;1544;275
1541;1538;220
1541;1542;162
1542;1541;162
1542;1545;286
1542;1546;129
1543;1546;125
1544;1540;275
1544;1548;150
1545;1542;286
1546;1542;129
1546;1543;125
1546;1548;155
1547;1550;172
1547;1551;231
1548;1544;150
1548;1546;155
1548;1550;214
1549;1550;221
1550;1547;172
1550;1548;214
1550;1549;221
1550;1554;554
1551;1547;231
1551;1552;100
1551;1555;154
1552;1551;100
1552;1556;101
1553;1556;129
1554;1550;554
1555;1551;154
1556;1552;101
1556;1553;129
1556;1559;260
1557;1561;231
1558;1561;200
1558;1562;248
1559;1556;260
1559;1560;303
1560;1559;303
1560;1562;170
1561;1557;231
1561;1558;200
1562;1558;248
1562;1560;170
1562;1565;289
1563;1565;150
1564;1565;414
1565;1562;289
1565;1563;150
1565;1564;414
1565;1568;254
1566;1567;271
1567;1566;271
1567;1571;278
1568;1565;254
1568;1569;180
1569;1568;180
1569;1572;175
1570;1572;201
1570;1574;119
1571;1567;278
1571;1572;274
1572;1569;175
1572;1570;201
1572;1571;274
1572;1576;142
1573;1574;355
1574;1570;119
1574;1573;355
1574;1577;207
1574;1578;314
1575;1578;152
1576;1572;142
1576;1580;265
1577;1574;207
1578;1574;314
1578;1575;152
1579;1581;261
1580;1576;265
1580;1583;166
1581;1579;261
1581;1583;417
1582;1584;193
1582;1586;107
1583;1580;166
1583;1581;417
1583;1586;204
1584;1582;193
1585;1587;103
1586;1582;107
1586;1583;204
1586;1589;109
1587;1585;103
1587;1589;226
