0;4;150
1;2;437
2;1;437
2;3;143
2;6;245
3;2;143
4;0;150
4;5;170
5;4;170
5;8;255
6;2;245
6;10;104
7;10;261
8;5;255
8;9;313
8;10;264
8;11;161
9;8;313
10;6;104
10;7;261
10;8;264
10;12;165
10;13;230
11;8;161
11;14;293
12;10;165
13;10;230
13;17;156
14;11;293
14;18;307
15;17;356
16;20;236
17;13;156
17;15;356
18;14;307
18;19;189
19;18;189
19;20;173
20;16;236
20;19;173
20;21;354
21;20;354
21;22;279
21;23;108
22;21;279
23;21;108
23;24;339
23;25;120
24;23;339
24;28;498
25;23;120
26;29;106
27;28;214
28;24;498
28;27;214
28;29;356
28;30;183
28;31;366
29;26;106
29;28;356
29;32;213
29;33;133
30;28;183
31;28;366
32;29;213
33;29;133
33;37;100
34;38;218
35;36;294
36;35;294
36;38;176
37;33;100
37;41;222
38;34;218
38;36;176
38;41;200
39;43;210
40;41;105
41;37;222
41;38;200
41;40;105
41;44;183
41;45;235
42;43;361
43;39;210
43;42;361
43;45;295
43;46;311
44;41;183
45;41;235
45;43;295
45;47;233
45;48;116
46;43;311
46;49;355
47;45;233
48;45;116
48;50;122
49;46;355
50;48;122
50;53;249
51;52;318
51;55;203
52;51;318
53;50;249
53;55;134
54;57;264
55;51;203
55;53;134
55;59;436
56;57;220
57;54;264
57;56;220
57;58;356
58;57;356
58;59;393
58;62;152
59;55;436
59;58;393
60;62;176
61;62;250
61;64;216
62;58;152
62;60;176
62;61;250
62;66;317
63;64;108
63;65;247
64;61;216
64;63;108
64;67;187
65;63;247
66;62;317
67;64;187
67;69;310
67;70;253
68;70;213
68;71;199
69;67;310
70;67;253
70;68;213
70;72;229
71;68;199
72;70;229
72;74;107
73;76;348
74;72;107
74;75;380
75;74;380
75;77;148
75;78;127
76;73;348
76;78;186
76;79;218
77;75;148
78;75;127
78;76;186
79;76;218
79;80;156
79;81;230
80;79;156
80;83;374
80;84;240
81;79;230
81;82;439
82;81;439
83;80;374
84;80;240
84;86;324
84;88;160
85;86;137
86;84;324
86;85;137
86;87;150
87;86;150
88;84;160
88;92;285
89;90;190
89;91;379
90;89;190
90;93;200
91;89;379
92;88;285
92;96;395
93;90;200
93;95;367
94;97;153
95;93;367
95;97;231
96;92;395
96;97;223
96;100;207
97;94;153
97;95;231
97;96;223
97;98;183
97;99;185
97;101;195
98;97;183
99;97;185
99;103;202
100;96;207
101;97;195
102;105;212
102;106;110
103;99;202
103;106;142
104;105;225
105;102;212
105;104;225
106;102;110
106;103;142
106;107;265
106;108;191
107;106;265
107;110;338
108;106;191
108;112;185
109;111;364
110;107;338
110;111;263
110;113;100
110;114;221
111;109;364
111;110;263
112;108;185
113;110;100
114;110;221
114;117;136
114;118;390
115;116;351
116;115;351
116;117;334
116;119;231
117;114;136
117;116;334
118;114;390
119;116;231
119;120;255
119;121;205
120;119;255
120;122;252
120;123;414
120;124;229
121;119;205
122;120;252
122;125;287
122;126;148
123;120;414
124;120;229
124;128;107
125;122;287
125;129;248
126;122;148
126;130;352
127;128;322
128;124;107
128;127;322
128;132;120
129;125;248
129;131;255
130;126;352
131;129;255
132;128;120
132;136;421
133;134;229
134;133;229
134;136;439
135;137;311
136;132;421
136;134;439
136;137;437
137;135;311
137;136;437
137;139;122
138;139;116
139;137;122
139;138;116
139;141;145
140;142;142
141;139;145
141;142;207
141;144;140
142;140;142
142;141;207
142;146;133
143;146;301
144;141;140
144;145;143
145;144;143
145;147;262
146;142;133
146;143;301
147;145;262
147;151;273
148;149;301
148;152;203
149;148;301
149;150;225
150;149;225
150;154;171
151;147;273
151;153;126
152;148;203
153;151;126
153;154;245
153;155;159
153;156;159
153;157;479
154;150;171
154;153;245
155;153;159
156;153;159
156;158;526
157;153;479
157;160;115
157;161;409
158;156;526
159;162;292
160;157;115
160;164;229
161;157;409
162;159;292
162;163;268
162;165;109
163;162;268
163;166;114
164;160;229
164;165;302
164;168;217
165;162;109
165;164;302
166;163;114
166;170;122
167;170;113
168;164;217
168;169;206
169;168;206
170;166;122
170;167;113
170;171;351
170;174;199
171;170;351
172;176;309
173;174;256
173;175;203
173;176;260
174;170;199
174;173;256
175;173;203
176;172;309
176;173;260
176;177;172
177;176;172
177;178;306
177;181;366
178;177;306
179;181;253
179;183;508
180;181;290
181;177;366
181;179;253
181;180;290
181;185;130
182;186;111
183;179;508
184;186;111
185;181;130
185;189;233
186;182;111
186;184;111
186;187;255
187;186;255
187;189;207
188;189;150
188;190;300
189;185;233
189;187;207
189;188;150
189;191;135
189;192;139
190;188;300
191;189;135
191;194;173
192;189;139
192;196;131
193;196;365
194;191;173
195;199;319
196;192;131
196;193;365
196;197;205
197;196;205
197;198;173
197;200;254
197;201;112
198;197;173
199;195;319
199;200;120
200;197;254
200;199;120
201;197;112
201;202;125
202;201;125
202;203;165
202;204;245
203;202;165
203;206;243
204;202;245
204;207;190
205;207;187
205;208;100
206;203;243
207;204;190
207;205;187
207;209;249
208;205;100
208;210;243
209;207;249
209;213;217
210;208;243
211;213;198
212;216;423
213;209;217
213;211;198
213;215;344
213;216;258
214;218;270
215;213;344
216;212;423
216;213;258
216;219;378
217;218;139
217;221;297
218;214;270
218;217;139
219;216;378
219;220;271
220;219;271
220;221;149
221;217;297
221;220;149
221;225;217
222;223;132
223;222;132
223;224;197
223;226;278
224;223;197
224;225;128
224;227;244
225;221;217
225;224;128
226;223;278
226;228;203
227;224;244
227;230;327
228;226;203
229;231;215
229;233;198
230;227;327
230;233;146
231;229;215
232;236;152
233;229;198
233;230;146
233;235;116
234;237;157
235;233;116
235;236;116
236;232;152
236;235;116
236;239;199
236;240;118
237;234;157
237;238;173
238;237;173
238;241;398
239;236;199
239;241;298
240;236;118
241;238;398
241;239;298
241;243;325
241;245;447
242;243;100
242;246;201
243;241;325
243;242;100
244;247;210
245;241;447
246;242;201
246;248;351
246;250;201
247;244;210
247;251;148
248;246;351
249;253;106
250;246;201
250;251;148
251;247;148
251;250;148
251;255;240
252;255;269
253;249;106
253;255;118
254;255;242
255;251;240
255;252;269
255;253;118
255;254;242
255;258;129
256;260;176
257;258;206
257;261;208
258;255;129
258;257;206
259;260;305
260;256;176
260;259;305
260;264;127
261;257;208
261;263;277
261;264;119
262;265;334
263;261;277
263;266;335
263;267;352
264;260;127
264;261;119
264;265;192
264;268;364
265;262;334
265;264;192
266;263;335
267;263;352
267;270;434
268;264;364
269;270;241
269;271;215
270;267;434
270;269;241
270;273;164
271;269;215
272;276;309
273;270;164
273;274;359
274;273;359
274;275;195
274;278;135
275;274;195
276;272;309
276;278;205
277;278;234
277;279;318
277;281;108
278;274;135
278;276;205
278;277;234
278;280;313
279;277;318
279;282;150
279;283;371
280;278;313
281;277;108
282;279;150
282;285;249
282;286;281
283;279;371
283;284;227
283;287;175
284;283;227
285;282;249
286;282;281
286;289;225
287;283;175
287;290;221
288;289;253
289;286;225
289;288;253
289;292;389
289;293;196
290;287;221
290;291;283
291;290;283
291;294;382
292;289;389
292;296;185
293;289;196
294;291;382
295;299;267
296;292;185
296;300;105
297;299;120
298;299;131
299;295;267
299;297;120
299;298;131
299;301;125
299;302;199
300;296;105
300;301;105
300;303;392
301;299;125
301;300;105
302;299;199
302;305;103
303;300;392
304;307;104
305;302;103
305;307;155
305;308;214
306;308;178
307;304;104
307;305;155
308;305;214
308;306;178
308;309;203
309;308;203
309;312;188
310;313;150
311;314;179
311;315;193
312;309;188
312;314;151
313;310;150
313;314;164
313;316;165
314;311;179
314;312;151
314;313;164
315;311;193
315;319;202
316;313;165
316;318;176
317;319;418
318;316;176
319;315;202
319;317;418
319;323;182
320;321;349
321;320;349
321;322;183
321;323;148
321;324;171
322;321;183
323;319;182
323;321;148
323;325;350
323;327;391
324;321;171
325;323;350
325;326;193
326;325;193
326;328;312
327;323;391
328;326;312
328;331;350
329;330;265
330;329;265
330;334;265
331;328;350
331;332;330
331;335;281
332;331;330
332;334;150
333;337;284
334;330;265
334;332;150
334;338;176
335;331;281
336;337;189
336;338;125
337;333;284
337;336;189
337;341;249
338;334;176
338;336;125
339;341;149
339;343;286
340;342;153
341;337;249
341;339;149
342;340;153
342;343;204
342;344;146
343;339;286
343;342;204
343;345;112
343;347;142
344;342;146
345;343;112
345;348;145
346;350;147
347;343;142
348;345;145
348;350;113
349;351;448
350;346;147
350;348;113
350;351;148
350;352;308
351;349;448
351;350;148
352;350;308
352;353;281
352;354;307
353;352;281
353;355;264
354;352;307
354;356;238
355;353;264
355;358;173
356;354;238
357;361;245
358;355;173
358;360;158
359;361;134
359;362;135
360;358;158
360;364;269
361;357;245
361;359;134
361;363;219
361;364;119
361;365;276
362;359;135
363;361;219
364;360;269
364;361;119
365;361;276
365;366;383
366;365;383
366;367;343
367;366;343
367;368;422
367;371;364
368;367;422
369;370;268
369;371;178
370;369;268
370;372;211
371;367;364
371;369;178
371;373;190
372;370;211
373;371;190
373;374;131
373;376;154
374;373;131
375;379;417
376;373;154
376;380;110
377;378;291
378;377;291
378;381;217
379;375;417
379;380;176
380;376;110
380;379;176
380;381;151
381;378;217
381;380;151
381;382;166
381;383;108
382;381;166
382;386;142
383;381;108
384;386;280
385;387;329
386;382;142
386;384;280
386;389;274
387;385;329
387;390;112
388;392;356
389;386;274
389;391;209
389;393;114
390;387;112
390;393;258
391;389;209
392;388;356
392;394;140
392;395;142
393;389;114
393;390;258
393;395;146
394;392;140
395;392;142
395;393;146
395;398;138
396;397;187
397;396;187
397;398;100
397;399;263
397;400;248
398;395;138
398;397;100
398;402;196
399;397;263
400;397;248
401;403;109
402;398;196
402;403;200
403;401;109
403;402;200
403;405;203
404;405;317
404;406;147
404;408;136
405;403;203
405;404;317
405;407;245
406;404;147
407;405;245
408;404;136
408;411;133
409;411;403
410;411;235
411;408;133
411;409;403
411;410;235
411;412;130
412;411;130
412;416;187
413;414;403
413;416;275
413;417;279
414;413;403
415;417;229
416;412;187
416;413;275
417;413;279
417;415;229
417;419;222
417;420;209
418;420;531
419;417;222
419;421;180
420;417;209
420;418;531
420;423;540
421;419;180
421;422;392
421;424;234
422;421;392
423;420;540
424;421;234
424;425;131
424;426;224
425;424;131
426;424;224
426;428;286
426;429;268
427;429;272
428;426;286
429;426;268
429;427;272
429;430;276
430;429;276
430;432;455
431;433;200
431;435;446
432;430;455
432;434;318
432;436;357
433;431;200
434;432;318
435;431;446
435;436;255
436;432;357
436;435;255
436;440;416
437;440;344
437;441;352
438;440;124
438;442;367
439;443;455
440;436;416
440;437;344
440;438;124
441;437;352
441;443;313
442;438;367
442;444;366
443;439;455
443;441;313
443;445;462
443;446;377
444;442;366
445;443;462
446;443;377
446;447;237
446;448;207
447;446;237
447;451;150
448;446;207
449;453;154
450;452;142
451;447;150
451;452;157
452;450;142
452;451;157
452;456;131
453;449;154
453;454;171
453;455;244
453;456;158
454;453;171
455;453;244
455;459;156
456;452;131
456;453;158
456;458;287
457;460;122
458;456;287
459;455;156
459;463;223
460;457;122
460;463;124
461;462;113
462;461;113
462;463;206
462;466;325
463;459;223
463;460;124
463;462;206
463;465;174
464;466;119
465;463;174
465;467;156
466;462;325
466;464;119
466;468;248
467;465;156
468;466;248
468;472;251
469;472;158
470;474;330
471;474;220
472;468;251
472;469;158
472;473;240
473;472;240
473;477;375
474;470;330
474;471;220
474;477;236
475;476;171
475;477;106
476;475;171
477;473;375
477;474;236
477;475;106
477;480;421
477;481;214
478;481;208
479;483;478
480;477;421
481;477;214
481;478;208
481;484;169
482;484;187
483;479;478
483;484;105
484;481;169
484;482;187
484;483;105
484;485;291
484;487;435
485;484;291
485;486;166
486;485;166
486;488;219
486;489;252
487;484;435
488;486;219
488;491;273
489;486;252
489;490;140
489;492;322
490;489;140
490;494;290
491;488;273
492;489;322
492;493;379
492;495;319
492;496;138
493;492;379
494;490;290
495;492;319
495;498;270
496;492;138
496;499;289
497;498;110
498;495;270
498;497;110
499;496;289
499;503;322
500;504;326
501;503;442
502;504;227
503;499;322
503;501;442
503;506;115
504;500;326
504;502;227
504;505;284
504;508;165
505;504;284
506;503;115
506;509;311
506;510;215
507;508;226
508;504;165
508;507;226
508;510;142
509;506;311
509;511;124
510;506;215
510;508;142
510;513;296
511;509;124
512;516;142
513;510;296
513;514;378
513;515;157
514;513;378
515;513;157
515;518;132
515;519;251
516;512;142
516;519;123
517;520;140
518;515;132
518;522;258
519;515;251
519;516;123
519;520;146
519;521;221
520;517;140
520;519;146
520;524;365
521;519;221
522;518;258
522;526;164
523;527;365
524;520;365
525;528;324
526;522;164
526;529;129
527;523;365
527;529;140
527;530;460
528;525;324
528;532;261
529;526;129
529;527;140
530;527;460
530;533;147
531;534;281
531;535;394
532;528;261
532;533;225
533;530;147
533;532;225
533;535;159
533;536;128
534;531;281
535;531;394
535;533;159
535;539;467
536;533;128
536;538;390
537;538;241
538;536;390
538;537;241
539;535;467
539;540;316
539;542;334
540;539;316
541;542;389
542;539;334
542;541;389
542;543;183
542;546;195
543;542;183
543;547;209
544;547;280
545;547;164
546;542;195
547;543;209
547;544;280
547;545;164
547;548;178
547;550;481
548;547;178
548;552;230
549;551;272
550;547;481
551;549;272
551;552;168
551;555;291
552;548;230
552;551;168
553;557;337
554;556;114
554;557;105
554;558;133
555;551;291
555;558;149
556;554;114
557;553;337
557;554;105
557;559;165
558;554;133
558;555;149
558;560;274
559;557;165
560;558;274
560;561;217
560;562;176
561;560;217
562;560;176
562;565;201
562;566;151
563;564;286
564;563;286
564;566;252
565;562;201
566;562;151
566;564;252
566;569;113
567;569;140
568;571;172
568;572;103
569;566;113
569;567;140
569;571;168
570;571;189
571;568;172
571;569;168
571;570;189
571;574;364
572;568;103
572;573;168
573;572;168
573;576;250
574;571;364
574;575;292
575;574;292
575;579;551
576;573;250
576;577;289
577;576;289
578;579;170
578;580;237
578;582;233
579;575;551
579;578;170
580;578;237
581;582;195
581;583;389
582;578;233
582;581;195
582;584;320
582;585;109
583;581;389
584;582;320
585;582;109
585;587;495
585;588;307
586;588;217
587;585;495
588;585;307
588;586;217
588;591;283
589;591;187
590;591;531
591;588;283
591;589;187
591;590;531
591;592;281
591;593;247
591;595;238
592;591;281
592;594;220
592;596;193
593;591;247
594;592;220
595;591;238
596;592;193
596;597;196
596;598;178
597;596;196
597;599;295
597;600;157
598;596;178
599;597;295
600;597;157
600;601;138
600;602;146
601;600;138
601;603;408
602;600;146
603;601;408
603;607;370
604;606;273
605;607;203
606;604;273
606;607;117
606;610;160
607;603;370
607;605;203
607;606;117
608;611;151
609;611;130
609;613;127
610;606;160
610;612;132
611;608;151
611;609;130
612;610;132
612;615;104
613;609;127
613;614;110
613;615;193
614;613;110
614;617;284
615;612;104
615;613;193
616;620;101
617;614;284
617;620;262
618;620;252
619;623;404
620;616;101
620;617;262
620;618;252
620;621;444
621;620;444
621;623;120
621;624;269
622;623;260
623;619;404
623;621;120
623;622;260
624;621;269
624;626;361
624;628;468
625;629;338
626;624;361
626;627;349
627;626;349
628;624;468
628;630;226
629;625;338
629;632;361
630;628;226
630;634;369
631;632;206
632;629;361
632;631;206
632;633;157
633;632;157
633;635;257
633;637;331
634;630;369
634;636;144
634;638;280
635;633;257
635;639;251
636;634;144
636;639;103
637;633;331
637;640;134
638;634;280
639;635;251
639;636;103
639;641;189
640;637;134
640;642;202
640;643;403
640;644;198
641;639;189
642;640;202
642;645;145
643;640;403
644;640;198
645;642;145
645;646;141
645;649;154
646;645;141
646;648;194
647;648;302
647;650;341
648;646;194
648;647;302
649;645;154
649;653;166
650;647;341
650;654;374
651;655;413
652;654;470
653;649;166
653;656;404
653;657;164
654;650;374
654;652;470
654;655;253
655;651;413
655;654;253
655;659;169
656;653;404
657;653;164
658;659;236
659;655;169
659;658;236
659;660;167
660;659;167
660;661;170
660;663;113
660;664;257
661;660;170
662;666;393
663;660;113
664;660;257
664;666;133
664;668;196
665;667;196
666;662;393
666;664;133
666;670;246
667;665;196
667;669;105
667;670;270
667;671;107
668;664;196
669;667;105
670;666;246
670;667;270
671;667;107
671;672;101
671;675;143
672;671;101
672;676;280
673;674;377
673;677;294
674;673;377
675;671;143
676;672;280
676;678;219
677;673;294
677;678;136
677;680;132
678;676;219
678;677;136
678;679;148
679;678;148
679;681;205
680;677;132
681;679;205
681;683;272
682;683;216
683;681;272
683;682;216
683;684;199
683;685;350
684;683;199
684;686;232
684;687;251
684;688;213
685;683;350
686;684;232
687;684;251
687;690;240
688;684;213
688;689;158
688;691;214
688;692;138
689;688;158
690;687;240
691;688;214
692;688;138
692;693;454
693;692;454
693;694;393
694;693;393
694;696;390
695;696;204
695;698;246
696;694;390
696;695;204
696;700;111
697;700;383
698;695;246
698;702;224
699;700;185
699;701;144
700;696;111
700;697;383
700;699;185
701;699;144
702;698;224
702;705;204
702;706;299
703;707;117
704;705;111
705;702;204
705;704;111
705;709;204
706;702;299
706;708;275
707;703;117
707;711;240
708;706;275
709;705;204
709;711;212
709;713;150
710;713;394
711;707;240
711;709;212
711;715;309
712;713;251
713;709;150
713;710;394
713;712;251
713;716;218
714;715;155
715;711;309
715;714;155
716;713;218
716;717;232
717;716;232
717;718;282
718;717;282
718;720;149
718;722;186
719;721;326
720;718;149
721;719;326
721;723;278
722;718;186
722;726;331
723;721;278
723;724;224
724;723;224
724;726;174
724;727;175
724;728;170
725;726;147
726;722;331
726;724;174
726;725;147
727;724;175
728;724;170
728;731;194
729;733;206
730;732;118
730;733;101
731;728;194
731;733;198
731;734;242
732;730;118
733;729;206
733;730;101
733;731;198
734;731;242
734;738;123
735;737;226
735;739;152
736;737;124
737;735;226
737;736;124
738;734;123
738;741;137
738;742;128
739;735;152
739;741;196
740;744;141
741;738;137
741;739;196
741;744;134
742;738;128
743;747;634
744;740;141
744;741;134
744;746;303
745;747;299
745;748;316
746;744;303
746;748;383
747;743;634
747;745;299
747;749;330
748;745;316
748;746;383
748;752;379
749;747;330
749;750;112
749;753;239
750;749;112
750;751;332
751;750;332
752;748;379
753;749;239
753;755;169
753;757;219
754;755;208
755;753;169
755;754;208
756;758;244
757;753;219
757;758;138
757;759;303
758;756;244
758;757;138
758;760;242
758;762;541
759;757;303
760;758;242
760;763;156
761;762;226
762;758;541
762;761;226
763;760;156
763;764;354
764;763;354
764;767;151
765;766;464
766;765;464
766;770;110
767;764;151
767;768;373
768;767;373
768;769;156
769;768;156
769;770;231
769;773;216
770;766;110
770;769;231
771;774;156
772;774;272
773;769;216
773;776;156
774;771;156
774;772;272
774;777;191
775;777;135
776;773;156
776;777;116
777;774;191
777;775;135
777;776;116
777;779;128
778;780;167
779;777;128
779;780;228
780;778;167
780;779;228
780;782;105
780;783;253
781;784;314
782;780;105
783;780;253
783;784;304
783;787;371
784;781;314
784;783;304
784;786;351
785;786;169
785;789;434
786;784;351
786;785;169
787;783;371
788;789;398
789;785;434
789;788;398
789;790;242
790;789;242
790;792;117
790;794;251
791;795;219
792;790;117
792;793;245
793;792;245
793;795;196
793;796;183
794;790;251
794;798;325
795;791;219
795;793;196
795;799;140
796;793;183
797;799;306
798;794;325
798;801;155
799;795;140
799;797;306
800;802;129
800;804;141
801;798;155
801;804;274
802;800;129
803;806;445
804;800;141
804;801;274
804;805;128
804;808;189
805;804;128
806;803;445
806;810;237
807;808;182
808;804;189
808;807;182
808;810;275
808;811;247
809;810;353
810;806;237
810;808;275
810;809;353
811;808;247
811;815;294
812;814;181
812;815;145
812;816;106
813;816;199
814;812;181
814;817;242
815;811;294
815;812;145
815;819;384
816;812;106
816;813;199
816;818;150
817;814;242
818;816;150
818;820;122
818;822;473
819;815;384
820;818;122
821;823;123
822;818;473
822;823;183
823;821;123
823;822;183
823;826;173
824;828;151
825;828;118
825;829;100
826;823;173
826;827;196
827;826;196
827;831;116
828;824;151
828;825;118
828;831;125
829;825;100
830;833;127
830;834;317
831;827;116
831;828;125
831;832;330
831;834;174
831;835;177
832;831;330
833;830;127
834;830;317
834;831;174
835;831;177
835;837;174
835;838;452
835;839;109
836;837;209
837;835;174
837;836;209
838;835;452
839;835;109
839;841;255
840;843;159
840;844;146
841;839;255
841;845;150
842;846;218
843;840;159
844;840;146
844;846;205
844;847;379
845;841;150
845;846;176
845;848;219
846;842;218
846;844;205
846;845;176
847;844;379
847;850;366
848;845;219
849;850;156
849;851;290
850;847;366
850;849;156
851;849;290
851;852;175
851;853;117
852;851;175
852;855;168
853;851;117
854;856;140
854;858;142
855;852;168
855;857;355
856;854;140
856;860;159
857;855;355
857;860;109
858;854;142
858;859;150
859;858;150
860;856;159
860;857;109
860;863;101
861;862;357
862;861;357
862;863;127
863;860;101
863;862;127
863;864;258
863;865;205
863;866;245
864;863;258
865;863;205
865;868;159
866;863;245
866;870;259
867;870;335
868;865;159
868;869;221
868;872;210
869;868;221
870;866;259
870;867;335
870;873;252
871;875;277
872;868;210
872;875;318
873;870;252
873;877;173
874;875;129
875;871;277
875;872;318
875;874;129
876;877;302
876;880;187
877;873;173
877;876;302
878;880;318
879;881;244
880;876;187
880;878;318
880;882;190
880;884;360
881;879;244
881;882;376
882;880;190
882;881;376
882;883;358
883;882;358
884;880;360
884;885;128
884;886;221
884;888;445
885;884;128
885;889;177
886;884;221
886;887;133
887;886;133
887;891;210
888;884;445
888;892;495
889;885;177
890;893;233
891;887;210
892;888;495
892;895;188
892;896;204
893;890;233
893;895;308
894;895;150
895;892;188
895;893;308
895;894;150
896;892;204
896;897;139
896;898;209
897;896;139
897;899;280
897;901;257
898;896;209
898;900;204
899;897;280
900;898;204
901;897;257
901;904;262
902;903;145
902;904;197
902;906;164
903;902;145
904;901;262
904;902;197
904;908;222
905;906;148
906;902;164
906;905;148
906;909;201
907;910;209
908;904;222
908;910;231
909;906;201
909;911;137
910;907;209
910;908;231
910;912;160
910;913;198
911;909;137
911;915;284
912;910;160
912;914;205
913;910;198
913;916;480
914;912;205
915;911;284
916;913;480
916;920;437
917;921;312
918;919;194
919;918;194
919;922;108
919;923;284
920;916;437
920;924;336
921;917;312
921;924;139
922;919;108
923;919;284
923;924;331
923;927;231
924;920;336
924;921;139
924;923;331
924;926;202
925;928;272
926;924;202
926;930;170
927;923;231
927;928;164
928;925;272
928;927;164
929;931;171
930;926;170
930;933;206
930;934;316
931;929;171
931;932;192
932;931;192
932;933;212
932;936;190
933;930;206
933;932;212
933;937;180
934;930;316
935;939;361
936;932;190
936;939;281
937;933;180
937;938;176
938;937;176
939;935;361
939;936;281
939;941;449
940;942;380
941;939;449
941;942;140
941;943;149
941;944;329
942;940;380
942;941;140
943;941;149
943;946;336
944;941;329
944;945;131
945;944;131
946;943;336
946;949;209
947;948;159
947;951;152
948;947;159
949;946;209
949;950;181
949;953;230
950;949;181
950;951;140
951;947;152
951;950;140
951;952;156
952;951;156
953;949;230
953;955;129
954;956;173
955;953;129
955;958;250
955;959;196
956;954;173
956;959;300
957;960;121
958;955;250
959;955;196
959;956;300
959;962;171
960;957;121
960;963;179
960;964;268
961;963;250
961;965;146
962;959;171
962;966;259
963;960;179
963;961;250
964;960;268
964;966;169
965;961;146
966;962;259
966;964;169
966;967;288
966;969;155
967;966;288
967;968;144
968;967;144
969;966;155
969;973;303
970;971;210
970;972;208
970;974;150
971;970;210
972;970;208
972;976;201
973;969;303
973;974;281
974;970;150
974;973;281
975;979;478
976;972;201
976;977;222
976;980;385
977;976;222
977;978;406
978;977;406
979;975;478
979;980;239
979;981;196
979;982;319
980;976;385
980;979;239
980;983;176
981;979;196
982;979;319
983;980;176
983;984;178
983;985;144
984;983;178
985;983;144
985;987;106
985;988;303
986;988;184
987;985;106
987;989;100
987;990;203
988;985;303
988;986;184
989;987;100
989;991;250
990;987;203
990;992;225
991;989;250
991;993;253
992;990;225
993;991;253
993;997;163
994;995;213
995;994;213
995;997;197
996;997;123
996;1000;226
997;993;163
997;995;197
997;996;123
997;999;229
998;1000;237
999;997;229
1000;996;226
1000;998;237
1000;1003;389
1001;1002;167
1001;1003;172
1002;1001;167
1002;1004;199
1003;1000;389
1003;1001;172
1003;1006;436
1003;1007;254
1004;1002;199
1004;1008;311
1005;1007;535
1006;1003;436
1007;1003;254
1007;1005;535
1007;1010;254
1008;1004;311
1009;1011;100
1009;1013;336
1010;1007;254
1010;1012;112
1010;1014;339
1011;1009;100
1012;1010;112
1013;1009;336
1013;1017;207
1014;1010;339
1014;1016;195
1014;1018;259
1015;1018;179
1016;1014;195
1017;1013;207
1017;1021;137
1018;1014;259
1018;1015;179
1018;1021;139
1019;1023;112
1020;1021;310
1020;1024;154
1021;1017;137
1021;1018;139
1021;1020;310
1022;1023;321
1023;1019;112
1023;1022;321
1023;1024;158
1024;1020;154
1024;1023;158
1024;1025;131
1024;1027;135
1024;1028;351
1025;1024;131
1026;1028;386
1027;1024;135
1027;1029;165
1027;1030;244
1028;1024;351
1028;1026;386
1029;1027;165
1030;1027;244
1030;1031;165
1031;1030;165
1031;1032;108
1031;1033;201
1031;1035;284
1032;1031;108
1033;1031;201
1033;1037;168
1034;1038;248
1035;1031;284
1036;1037;115
1037;1033;168
1037;1036;115
1037;1038;241
1037;1040;149
1037;1041;348
1038;1034;248
1038;1037;241
1039;1040;191
1040;1037;149
1040;1039;191
1040;1043;283
1041;1037;348
1041;1042;360
1041;1044;373
1042;1041;360
1043;1040;283
1044;1041;373
1044;1046;347
1045;1047;130
1046;1044;347
1046;1049;118
1047;1045;130
1047;1049;197
1048;1049;373
1048;1051;413
1049;1046;118
1049;1047;197
1049;1048;373
1050;1051;113
1051;1048;413
1051;1050;113
1051;1055;171
1052;1053;312
1053;1052;312
1053;1057;161
1054;1057;162
1055;1051;171
1055;1056;172
1055;1057;124
1056;1055;172
1056;1058;193
1056;1059;220
1057;1053;161
1057;1054;162
1057;1055;124
1058;1056;193
1058;1061;145
1059;1056;220
1060;1061;237
1061;1058;145
1061;1060;237
1061;1064;183
1062;1066;106
1063;1066;387
1064;1061;183
1064;1066;410
1065;1069;116
1066;1062;106
1066;1063;387
1066;1064;410
1066;1068;351
1066;1070;350
1067;1068;307
1067;1071;233
1068;1066;351
1068;1067;307
1068;1069;202
1068;1072;215
1069;1065;116
1069;1068;202
1070;1066;350
1070;1073;158
1070;1074;108
1071;1067;233
1072;1068;215
1072;1076;201
1073;1070;158
1074;1070;108
1075;1077;319
1075;1078;350
1076;1072;201
1076;1078;142
1076;1079;320
1077;1075;319
1078;1075;350
1078;1076;142
1078;1081;368
1079;1076;320
1080;1083;393
1081;1078;368
1081;1082;243
1082;1081;243
1082;1083;141
1082;1085;326
1083;1080;393
1083;1082;141
1084;1087;112
1085;1082;326
1085;1087;134
1085;1088;245
1086;1088;138
1086;1090;174
1087;1084;112
1087;1085;134
1087;1089;334
1088;1085;245
1088;1086;138
1089;1087;334
1089;1091;378
1089;1092;467
1090;1086;174
1090;1093;488
1091;1089;378
1091;1094;209
1092;1089;467
1093;1090;488
1094;1091;209
1094;1096;367
1095;1096;266
1096;1094;367
1096;1095;266
1096;1099;131
1096;1100;311
1097;1098;339
1098;1097;339
1098;1102;251
1099;1096;131
1100;1096;311
1100;1102;162
1101;1103;228
1102;1098;251
1102;1100;162
1102;1103;141
1102;1104;441
1103;1101;228
1103;1102;141
1104;1102;441
1104;1107;111
1104;1108;106
1105;1106;217
1105;1108;118
1106;1105;217
1106;1109;191
1107;1104;111
1108;1104;106
1108;1105;118
1108;1111;181
1109;1106;191
1110;1111;460
1111;1108;181
1111;1110;460
1111;1112;107
1112;1111;107
1112;1113;267
1112;1116;185
1113;1112;267
1114;1116;125
1114;1118;253
1115;1118;359
1116;1112;185
1116;1114;125
1117;1119;123
1118;1114;253
1118;1115;359
1118;1122;169
1119;1117;123
1119;1121;143
1119;1122;195
1119;1123;103
1120;1121;252
1121;1119;143
1121;1120;252
1122;1118;169
1122;1119;195
1122;1124;345
1123;1119;103
1123;1125;290
1123;1127;138
1124;1122;345
1125;1123;290
1126;1129;352
1127;1123;138
1127;1128;171
1127;1130;254
1127;1131;198
1128;1127;171
1128;1129;203
1128;1132;149
1129;1126;352
1129;1128;203
1130;1127;254
1131;1127;198
1132;1128;149
1132;1133;176
1132;1135;188
1133;1132;176
1133;1134;380
1134;1133;380
1134;1136;249
1135;1132;188
1136;1134;249
1136;1140;288
1137;1140;268
1138;1141;258
1139;1140;134
1140;1136;288
1140;1137;268
1140;1139;134
1140;1141;202
1140;1142;264
1141;1138;258
1141;1140;202
1142;1140;264
1142;1145;124
1143;1144;314
1144;1143;314
1144;1145;155
1145;1142;124
1145;1144;155
1145;1146;518
1146;1145;518
1146;1150;345
1147;1148;173
1147;1151;224
1148;1147;173
1148;1149;184
1149;1148;184
1149;1150;176
1149;1153;227
1150;1146;345
1150;1149;176
1150;1152;114
1151;1147;224
1151;1154;213
1152;1150;114
1153;1149;227
1154;1151;213
1154;1157;318
1155;1159;193
1156;1157;271
1157;1154;318
1157;1156;271
1157;1159;372
1158;1162;330
1159;1155;193
1159;1157;372
1159;1160;197
1160;1159;197
1160;1162;214
1160;1163;143
1161;1163;166
1162;1158;330
1162;1160;214
1163;1160;143
1163;1161;166
1163;1165;125
1163;1167;178
1164;1165;198
1164;1166;105
1165;1163;125
1165;1164;198
1166;1164;105
1167;1163;178
1167;1171;126
1168;1169;132
1168;1170;140
1169;1168;132
1169;1171;104
1170;1168;140
1171;1167;126
1171;1169;104
1171;1174;181
1171;1175;165
1172;1173;313
1172;1176;342
1173;1172;313
1173;1177;225
1174;1171;181
1174;1177;133
1174;1178;136
1175;1171;165
1176;1172;342
1176;1180;567
1177;1173;225
1177;1174;133
1178;1174;136
1178;1181;140
1178;1182;204
1179;1182;118
1180;1176;567
1181;1178;140
1182;1178;204
1182;1179;118
1182;1185;176
1183;1185;284
1184;1186;184
1185;1182;176
1185;1183;284
1185;1186;248
1186;1184;184
1186;1185;248
1186;1190;230
1187;1188;173
1187;1191;180
1188;1187;173
1189;1193;149
1190;1186;230
1190;1193;111
1191;1187;180
1191;1194;228
1192;1193;297
1192;1194;202
1192;1195;174
1193;1189;149
1193;1190;111
1193;1192;297
1194;1191;228
1194;1192;202
1194;1196;110
1195;1192;174
1195;1197;295
1196;1194;110
1197;1195;295
1197;1198;301
1197;1200;383
1198;1197;301
1199;1200;350
1200;1197;383
1200;1199;350
1200;1203;163
1201;1202;387
1201;1205;422
1202;1201;387
1203;1200;163
1203;1204;165
1203;1205;214
1204;1203;165
1204;1207;147
1204;1208;176
1205;1201;422
1205;1203;214
1206;1210;137
1207;1204;147
1208;1204;176
1208;1211;197
1209;1210;385
1209;1212;137
1210;1206;137
1210;1209;385
1211;1208;197
1211;1212;249
1211;1214;135
1212;1209;137
1212;1211;249
1212;1213;263
1213;1212;263
1213;1216;134
1214;1211;135
1214;1215;346
1215;1214;346
1216;1213;134
1216;1218;241
1217;1219;307
1217;1221;238
1218;1216;241
1218;1220;238
1218;1222;224
1219;1217;307
1219;1220;177
1220;1218;238
1220;1219;177
1220;1224;222
1221;1217;238
1222;1218;224
1223;1226;413
1224;1220;222
1224;1225;229
1224;1228;474
1225;1224;229
1225;1226;304
1225;1229;309
1226;1223;413
1226;1225;304
1227;1229;357
1228;1224;474
1228;1232;336
1229;1225;309
1229;1227;357
1230;1233;189
1231;1232;152
1231;1235;353
1232;1228;336
1232;1231;152
1233;1230;189
1233;1236;237
1234;1235;143
1235;1231;353
1235;1234;143
1235;1238;336
1236;1233;237
1236;1237;264
1236;1238;243
1237;1236;264
1237;1241;308
1238;1235;336
1238;1236;243
1239;1240;140
1240;1239;140
1240;1242;289
1241;1237;308
1241;1243;345
1242;1240;289
1242;1243;174
1242;1244;154
1242;1246;125
1243;1241;345
1243;1242;174
1244;1242;154
1244;1245;124
1245;1244;124
1246;1242;125
1246;1249;286
1247;1248;159
1248;1247;159
1248;1249;117
1249;1246;286
1249;1248;117
1249;1252;145
1250;1254;185
1251;1253;252
1252;1249;145
1252;1256;285
1253;1251;252
1253;1254;258
1254;1250;185
1254;1253;258
1254;1256;242
1255;1256;227
1255;1258;234
1256;1252;285
1256;1254;242
1256;1255;227
1256;1259;242
1257;1261;275
1258;1255;234
1258;1261;365
1259;1256;242
1259;1262;273
1259;1263;344
1260;1263;301
1260;1264;272
1261;1257;275
1261;1258;365
1261;1265;158
1262;1259;273
1263;1259;344
1263;1260;301
1264;1260;272
1265;1261;158
1265;1267;149
1266;1269;126
1267;1265;149
1267;1269;133
1268;1271;294
1269;1266;126
1269;1267;133
1269;1270;248
1269;1271;248
1270;1269;248
1270;1272;265
1270;1273;368
1271;1268;294
1271;1269;248
1272;1270;265
1273;1270;368
1273;1274;327
1274;1273;327
1274;1277;377
1275;1277;171
1276;1279;258
1277;1274;377
1277;1275;171
1277;1279;246
1277;1280;111
1277;1281;191
1278;1280;158
1279;1276;258
1279;1277;246
1279;1283;103
1280;1277;111
1280;1278;158
1281;1277;191
1281;1282;191
1282;1281;191
1283;1279;103
1283;1285;117
1283;1286;153
1283;1287;221
1284;1285;279
1285;1283;117
1285;1284;279
1286;1283;153
1287;1283;221
1287;1288;307
1288;1287;307
1288;1290;320
1288;1291;303
1289;1292;265
1290;1288;320
1290;1292;265
1290;1294;184
1291;1288;303
1292;1289;265
1292;1290;265
1292;1296;354
1293;1296;196
1294;1290;184
1295;1296;225
1295;1297;139
1296;1292;354
1296;1293;196
1296;1295;225
1297;1295;139
1297;1299;232
1298;1299;213
1298;1301;197
1299;1297;232
1299;1298;213
1299;1302;214
1300;1301;164
1301;1298;197
1301;1300;164
1301;1303;566
1302;1299;214
1302;1304;212
1303;1301;566
1304;1302;212
1304;1307;217
1305;1309;298
1306;1307;174
1306;1309;251
1306;1310;249
1307;1304;217
1307;1306;174
1308;1309;223
1309;1305;298
1309;1306;251
1309;1308;223
1309;1312;110
1310;1306;249
1311;1312;106
1311;1313;367
1311;1315;102
1312;1309;110
1312;1311;106
1313;1311;367
1314;1315;322
1315;1311;102
1315;1314;322
1315;1316;482
1316;1315;482
1316;1318;190
1317;1321;114
1318;1316;190
1318;1321;267
1319;1322;223
1320;1321;186
1320;1322;149
1321;1317;114
1321;1318;267
1321;1320;186
1322;1319;223
1322;1320;149
1322;1323;199
1323;1322;199
1323;1324;194
1324;1323;194
1324;1325;162
1325;1324;162
1325;1327;486
1326;1328;296
1326;1330;184
1327;1325;486
1327;1331;478
1328;1326;296
1329;1330;163
1329;1333;316
1330;1326;184
1330;1329;163
1330;1331;177
1330;1334;155
1331;1327;478
1331;1330;177
1332;1334;256
1333;1329;316
1333;1335;481
1333;1337;302
1334;1330;155
1334;1332;256
1334;1338;129
1335;1333;481
1336;1338;306
1336;1339;227
1337;1333;302
1338;1334;129
1338;1336;306
1338;1340;315
1339;1336;227
1340;1338;315
1340;1344;290
1341;1342;163
1342;1341;163
1342;1343;178
1342;1344;250
1342;1346;525
1343;1342;178
1344;1340;290
1344;1342;250
1345;1346;185
1345;1349;224
1346;1342;525
1346;1345;185
1346;1348;273
1347;1349;161
1347;1350;337
1347;1351;128
1348;1346;273
1349;1345;224
1349;1347;161
1350;1347;337
1351;1347;128
1351;1352;206
1351;1353;134
1352;1351;206
1353;1351;134
1353;1356;231
1354;1356;406
1355;1356;594
1356;1353;231
1356;1354;406
1356;1355;594
1356;1357;100
1356;1360;229
1357;1356;100
1358;1361;211
1359;1362;184
1360;1356;229
1360;1362;225
1361;1358;211
1361;1362;153
1361;1363;178
1362;1359;184
1362;1360;225
1362;1361;153
1362;1364;154
1362;1365;130
1363;1361;178
1364;1362;154
1365;1362;130
1365;1367;175
1365;1369;212
1366;1368;132
1367;1365;175
1367;1368;135
1368;1366;132
1368;1367;135
1369;1365;212
1369;1372;180
1370;1371;148
1370;1374;219
1371;1370;148
1372;1369;180
1372;1376;158
1373;1375;157
1373;1376;153
1374;1370;219
1374;1376;193
1375;1373;157
1376;1372;158
1376;1373;153
1376;1374;193
1376;1379;157
1377;1379;277
1377;1381;252
1378;1380;189
1379;1376;157
1379;1377;277
1379;1383;116
1380;1378;189
1380;1383;246
1381;1377;252
1381;1384;308
1382;1385;238
1383;1379;116
1383;1380;246
1383;1387;112
1384;1381;308
1385;1382;238
1385;1388;294
1385;1389;102
1386;1390;289
1387;1383;112
1387;1388;291
1387;1391;337
1388;1385;294
1388;1387;291
1389;1385;102
1389;1392;264
1390;1386;289
1390;1393;307
1390;1394;183
1391;1387;337
1392;1389;264
1392;1394;389
1393;1390;307
1394;1390;183
1394;1392;389
1394;1397;445
1395;1397;485
1396;1398;505
1396;1399;339
1397;1394;445
1397;1395;485
1397;1399;425
1398;1396;505
1399;1396;339
1399;1397;425
1399;1402;287
1400;1403;402
1401;1402;305
1401;1404;125
1402;1399;287
1402;1401;305
1403;1400;402
1403;1405;245
1404;1401;125
1404;1405;269
1404;1406;277
1405;1403;245
1405;1404;269
1406;1404;277
1406;1407;225
1407;1406;225
1407;1408;315
1408;1407;315
1408;1411;239
1408;1412;294
1409;1413;392
1410;1412;159
1410;1414;289
1411;1408;239
1411;1413;211
1412;1408;294
1412;1410;159
1413;1409;392
1413;1411;211
1414;1410;289
1414;1417;461
1415;1418;171
1416;1417;188
1417;1414;461
1417;1416;188
1417;1419;302
1418;1415;171
1418;1419;401
1419;1417;302
1419;1418;401
1419;1421;333
1420;1424;125
1421;1419;333
1421;1424;136
1421;1425;324
1422;1423;373
1423;1422;373
1423;1424;150
1423;1427;172
1424;1420;125
1424;1421;136
1424;1423;150
1425;1421;324
1426;1427;180
1427;1423;172
1427;1426;180
1427;1429;164
1427;1430;331
1428;1431;260
1428;1432;350
1429;1427;164
1429;1431;252
1430;1427;331
1431;1428;260
1431;1429;252
1431;1433;151
1432;1428;350
1433;1431;151
1433;1437;118
1434;1435;232
1435;1434;232
1435;1439;110
1436;1439;144
1437;1433;118
1437;1438;306
1437;1439;347
1437;1440;380
1438;1437;306
1439;1435;110
1439;1436;144
1439;1437;347
1439;1441;213
1439;1442;123
1440;1437;380
1441;1439;213
1442;1439;123
1442;1444;349
1443;1444;219
1444;1442;349
1444;1443;219
1444;1446;355
1444;1448;389
1445;1448;236
1446;1444;355
1446;1447;154
1447;1446;154
1448;1444;389
1448;1445;236
1448;1452;619
1449;1450;411
1450;1449;411
1450;1451;178
1451;1450;178
1451;1453;207
1451;1454;221
1452;1448;619
1452;1453;156
1453;1451;207
1453;1452;156
1453;1457;460
1454;1451;221
1455;1456;313
1455;1457;206
1456;1455;313
1457;1453;460
1457;1455;206
1457;1459;132
1457;1461;120
1458;1461;136
1459;1457;132
1460;1463;137
1460;1464;124
1461;1457;120
1461;1458;136
1461;1464;173
1462;1466;151
1463;1460;137
1463;1466;170
1464;1460;124
1464;1461;173
1464;1465;187
1464;1468;431
1465;1464;187
1466;1462;151
1466;1463;170
1467;1469;107
1468;1464;431
1468;1470;373
1469;1467;107
1469;1470;189
1470;1468;373
1470;1469;189
1470;1472;182
1471;1473;302
1472;1470;182
1472;1474;160
1473;1471;302
1473;1474;103
1473;1476;424
1474;1472;160
1474;1473;103
1475;1476;255
1475;1479;183
1476;1473;424
1476;1475;255
1476;1477;290
1476;1478;231
1476;1480;481
1477;1476;290
1478;1476;231
1479;1475;183
1480;1476;481
1480;1483;280
1481;1482;599
1481;1484;359
1481;1485;392
1482;1481;599
1483;1480;280
1483;1486;243
1484;1481;359
1484;1487;260
1485;1481;392
1485;1486;298
1486;1483;243
1486;1485;298
1486;1490;352
1487;1484;260
1487;1489;183
1488;1489;140
1489;1487;183
1489;1488;140
1490;1486;352
1490;1494;262
1491;1492;134
1491;1493;174
1492;1491;134
1492;1494;264
1493;1491;174
1493;1496;230
1494;1490;262
1494;1492;264
1495;1498;250
1496;1493;230
1496;1497;165
1496;1499;104
1496;1500;341
1497;1496;165
1497;1498;324
1498;1495;250
1498;1497;324
1499;1496;104
1499;1503;119
1500;1496;341
1501;1502;468
1501;1503;287
1502;1501;468
1502;1506;535
1503;1499;119
1503;1501;287
1504;1505;130
1504;1506;136
1505;1504;130
1505;1509;256
1506;1502;535
1506;1504;136
1506;1507;129
1507;1506;129
1507;1508;224
1508;1507;224
1508;1510;189
1508;1511;303
1509;1505;256
1510;1508;189
1511;1508;303
1511;1514;289
1512;1514;375
1513;1514;147
1513;1516;270
1514;1511;289
1514;1512;375
1514;1513;147
1514;1515;105
1515;1514;105
1515;1517;248
1516;1513;270
1516;1520;119
1517;1515;248
1518;1521;378
1519;1523;423
1520;1516;119
1520;1521;393
1521;1518;378
1521;1520;393
1521;1523;142
1522;1524;415
1522;1525;248
1522;1526;202
1523;1519;423
1523;1521;142
1523;1527;226
1524;1522;415
1525;1522;248
1525;1529;330
1526;1522;202
1526;1527;358
1526;1528;151
1527;1523;226
1527;1526;358
1528;1526;151
1528;1530;175
1529;1525;330
1530;1528;175
1530;1531;199
1530;1533;131
1531;1530;199
1532;1534;284
1533;1530;131
1533;1534;274
1533;1537;126
1534;1532;284
1534;1533;274
1535;1537;476
1535;1539;301
1536;1538;235
1537;1533;126
1537;1535;476
1537;1538;100
1538;1536;235
1538;1537;100
1538;1540;104
1538;1541;132
1539;1535;301
1540;1538;104
1541;1538;132
1541;1545;161
1542;1544;201
1542;1545;337
1543;1545;322
1544;1542;201
1544;1546;172
1544;1547;241
1545;1541;161
1545;1542;337
1545;1543;322
1546;1544;172
1546;1548;107
1547;1544;241
1548;1546;107
1548;1552;409
1549;1551;427
1549;1553;352
1550;1552;146
1551;1549;427
1552;1548;409
1552;1550;146
1552;1553;264
1552;1554;111
1552;1555;148
1553;1549;352
1553;1552;264
1554;1552;111
1555;1552;148
1555;1559;202
1556;1558;270
1557;1558;312
1557;1559;281
1557;1560;176
1558;1556;270
1558;1557;312
1559;1555;202
1559;1557;281
1559;1562;178
1560;1557;176
1560;1561;114
1560;1563;270
1561;1560;114
1562;1559;178
1562;1566;389
1563;1560;270
1563;1567;278
1564;1566;180
1565;1566;323
1566;1562;389
1566;1564;180
1566;1565;323
1567;1563;278
1567;1570;168
1568;1570;182
1569;1570;332
1570;1567;168
1570;1568;182
1570;1569;332
1570;1573;203
1571;1572;267
1572;1571;267
1572;1573;294
1572;1575;283
1573;1570;203
1573;1572;294
1573;1576;308
1574;1575;341
1575;1572;283
1575;1574;341
1575;1579;237
1576;1573;308
1577;1578;201
1577;1579;104
1578;1577;201
1578;1580;389
1579;1575;237
1579;1577;104
1580;1578;389
1580;1581;242
1580;1582;327
1581;1580;242
1581;1585;262
1582;1580;327
1582;1584;156
1583;1585;193
1584;1582;156
1585;1581;262
1585;1583;193
1585;1589;320
1586;1587;129
1587;1586;129
