0;1;225
0;4;191
1;0;225
1;2;135
2;1;135
2;3;445
3;2;445
3;5;380
4;0;191
5;3;380
5;6;135
5;9;365
6;5;135
7;8;286
8;7;286
8;9;306
8;10;268
9;5;365
9;8;306
10;8;268
10;12;275
11;15;249
12;10;275
12;13;266
12;15;197
13;12;266
13;14;115
14;13;115
15;11;249
15;12;197
15;17;350
15;18;226
15;19;335
16;17;347
17;15;350
17;16;347
18;15;226
19;15;335
19;22;269
20;21;107
20;22;251
20;23;248
21;20;107
22;19;269
22;20;251
22;24;100
23;20;248
23;25;110
24;22;100
24;28;269
25;23;110
26;28;182
27;31;147
28;24;269
28;26;182
28;30;277
29;30;217
30;28;277
30;29;217
30;32;196
30;33;286
31;27;147
31;32;234
31;34;175
32;30;196
32;31;234
33;30;286
34;31;175
34;36;184
35;36;190
36;34;184
36;35;190
36;37;110
36;38;177
37;36;110
38;36;177
38;40;188
39;41;223
40;38;188
40;43;140
40;44;267
41;39;223
41;43;154
42;43;221
42;45;196
42;46;102
43;40;140
43;41;154
43;42;221
44;40;267
44;47;206
45;42;196
46;42;102
46;48;329
46;49;342
47;44;206
47;50;305
48;46;329
49;46;342
49;53;106
50;47;305
51;52;137
51;55;309
52;51;137
52;53;332
53;49;106
53;52;332
53;56;185
53;57;418
54;56;301
55;51;309
56;53;185
56;54;301
56;58;137
56;59;251
57;53;418
58;56;137
58;62;327
59;56;251
60;62;192
60;64;101
61;65;143
62;58;327
62;60;192
63;67;332
64;60;101
64;65;402
64;68;209
65;61;143
65;64;402
65;67;215
66;70;513
67;63;332
67;65;215
68;64;209
68;72;217
69;70;185
70;66;513
70;69;185
70;74;153
71;72;145
71;73;149
72;68;217
72;71;145
73;71;149
73;76;259
74;70;153
74;75;131
75;74;131
75;78;342
76;73;259
76;77;388
76;78;159
77;76;388
78;75;342
78;76;159
78;79;179
79;78;179
79;82;214
80;83;322
81;83;164
82;79;214
82;83;129
82;86;247
83;80;322
83;81;164
83;82;129
83;84;430
83;87;189
84;83;430
85;89;376
86;82;247
86;88;107
87;83;189
88;86;107
88;92;128
89;85;376
89;90;168
89;93;410
90;89;168
90;91;290
90;92;294
91;90;290
91;94;101
92;88;128
92;90;294
93;89;410
94;91;101
94;98;209
95;98;204
96;97;346
97;96;346
97;98;254
97;100;207
98;94;209
98;95;204
98;97;254
99;100;260
99;102;341
100;97;207
100;99;260
100;101;142
101;100;142
101;103;223
101;104;163
101;105;380
102;99;341
103;101;223
103;106;442
104;101;163
105;101;380
105;109;269
106;103;442
107;108;212
107;109;257
107;110;113
108;107;212
108;111;189
109;105;269
109;107;257
110;107;113
111;108;189
111;112;130
111;113;215
112;111;130
112;114;361
113;111;215
114;112;361
114;117;386
115;118;435
116;117;349
117;114;386
117;116;349
117;119;113
118;115;435
118;120;233
119;117;113
119;120;254
120;118;233
120;119;254
120;123;256
121;125;337
122;123;211
122;126;319
123;120;256
123;122;211
124;126;275
124;127;308
125;121;337
125;126;133
126;122;319
126;124;275
126;125;133
127;124;308
127;128;135
128;127;135
128;130;302
129;132;224
130;128;302
130;131;108
130;133;141
131;130;108
131;132;193
132;129;224
132;131;193
133;130;141
133;135;154
134;135;127
135;133;154
135;134;127
135;139;355
136;140;482
137;139;255
137;140;514
138;139;264
138;142;164
139;135;355
139;137;255
139;138;264
140;136;482
140;137;514
141;142;350
142;138;164
142;141;350
142;145;370
143;146;351
144;148;278
145;142;370
145;146;271
146;143;351
146;145;271
146;148;111
147;149;449
148;144;278
148;146;111
148;149;160
149;147;449
149;148;160
149;150;476
149;151;186
150;149;476
151;149;186
151;153;474
152;153;461
153;151;474
153;152;461
153;154;499
154;153;499
154;155;308
155;154;308
155;158;511
155;159;136
156;158;436
157;160;196
158;155;511
158;156;436
158;160;128
159;155;136
160;157;196
160;158;128
160;163;255
161;162;258
162;161;258
162;164;189
163;160;255
163;166;101
164;162;189
164;166;138
164;167;165
164;168;176
165;167;188
165;169;143
166;163;101
166;164;138
167;164;165
167;165;188
168;164;176
169;165;143
169;171;196
169;173;205
170;172;158
171;169;196
171;172;138
172;170;158
172;171;138
172;174;256
172;175;105
173;169;205
174;172;256
175;172;105
175;177;411
176;178;184
177;175;411
177;178;197
177;180;122
178;176;184
178;177;197
179;183;179
180;177;122
180;184;244
181;184;204
182;183;215
182;184;166
183;179;179
183;182;215
183;186;238
184;180;244
184;181;204
184;182;166
185;186;367
186;183;238
186;185;367
186;187;214
186;188;237
186;189;143
187;186;214
188;186;237
188;191;321
189;186;143
189;190;139
190;189;139
191;188;321
191;193;255
192;193;304
193;191;255
193;192;304
193;195;455
194;196;102
195;193;455
195;196;190
195;198;303
196;194;102
196;195;190
196;200;185
197;198;134
197;201;130
198;195;303
198;197;134
198;199;289
199;198;289
200;196;185
201;197;130
201;204;112
202;203;184
202;204;175
202;206;146
203;202;184
203;207;159
204;201;112
204;202;175
205;208;427
206;202;146
206;209;205
207;203;159
207;210;210
208;205;427
208;211;115
209;206;205
209;211;347
210;207;210
211;208;115
211;209;347
211;212;367
212;211;367
212;214;215
213;214;239
213;216;356
214;212;215
214;213;239
215;217;302
216;213;356
216;218;220
217;215;302
217;218;330
217;219;313
218;216;220
218;217;330
218;220;284
218;221;210
219;217;313
220;218;284
221;218;210
221;223;217
222;223;166
223;221;217
223;222;166
223;224;275
223;225;129
223;226;355
223;227;109
224;223;275
225;223;129
225;228;415
225;229;201
226;223;355
227;223;109
227;230;153
228;225;415
228;231;332
229;225;201
230;227;153
230;234;243
231;228;332
232;236;436
233;237;298
234;230;243
234;237;231
235;238;267
235;239;367
236;232;436
236;237;149
237;233;298
237;234;231
237;236;149
237;238;244
238;235;267
238;237;244
239;235;367
239;242;368
239;243;248
240;243;444
241;242;487
242;239;368
242;241;487
242;244;346
243;239;248
243;240;444
244;242;346
244;245;425
244;246;387
245;244;425
246;244;387
246;247;165
246;250;414
247;246;165
247;249;273
248;250;340
249;247;273
250;246;414
250;248;340
250;251;287
251;250;287
251;255;269
252;255;128
253;257;133
254;258;253
255;251;269
255;252;128
255;256;248
256;255;248
256;259;237
256;260;101
257;253;133
257;260;174
258;254;253
258;259;395
259;256;237
259;258;395
260;256;101
260;257;174
260;264;254
261;262;155
261;263;363
262;261;155
263;261;363
263;265;133
264;260;254
264;268;325
265;263;133
265;266;298
265;269;100
266;265;298
267;271;307
268;264;325
268;272;375
269;265;100
269;271;206
270;274;112
271;267;307
271;269;206
271;272;210
271;273;424
272;268;375
272;271;210
273;271;424
273;274;141
273;276;107
273;277;209
274;270;112
274;273;141
274;275;165
275;274;165
275;279;155
276;273;107
276;280;202
277;273;209
278;279;356
278;281;340
279;275;155
279;278;356
280;276;202
281;278;340
281;284;305
281;285;242
282;283;227
282;284;303
283;282;227
283;286;146
284;281;305
284;282;303
285;281;242
285;289;142
286;283;146
286;290;149
287;288;254
287;290;161
288;287;254
289;285;142
289;293;178
290;286;149
290;287;161
291;293;423
291;295;240
292;293;377
293;289;178
293;291;423
293;292;377
293;294;141
294;293;141
294;297;448
295;291;240
295;298;235
296;300;205
297;294;448
298;295;235
298;300;143
298;302;276
299;300;161
300;296;205
300;298;143
300;299;161
301;302;142
302;298;276
302;301;142
302;303;258
303;302;258
303;304;218
304;303;218
304;306;314
304;307;295
305;306;332
306;304;314
306;305;332
307;304;295
307;308;216
307;310;158
308;307;216
309;310;436
309;312;142
310;307;158
310;309;436
311;312;356
312;309;142
312;311;356
312;316;146
313;317;303
314;315;251
314;316;182
315;314;251
315;318;357
316;312;146
316;314;182
316;317;202
317;313;303
317;316;202
318;315;357
318;320;258
319;320;186
319;323;141
320;318;258
320;319;186
320;324;220
321;322;199
321;325;313
322;321;199
322;324;186
323;319;141
324;320;220
324;322;186
324;328;358
325;321;313
325;326;156
325;327;370
326;325;156
326;329;343
327;325;370
328;324;358
328;330;326
328;332;373
329;326;343
329;333;163
330;328;326
330;334;209
331;335;109
332;328;373
332;336;331
333;329;163
334;330;209
335;331;109
335;338;271
336;332;331
336;339;302
337;339;515
338;335;271
338;342;405
339;336;302
339;337;515
339;340;300
340;339;300
340;341;414
340;342;129
340;344;104
341;340;414
341;345;134
342;338;405
342;340;129
343;344;173
343;346;286
344;340;104
344;343;173
344;348;308
345;341;134
346;343;286
346;349;283
346;350;153
347;348;249
348;344;308
348;347;249
349;346;283
349;351;164
349;353;235
350;346;153
351;349;164
352;353;363
353;349;235
353;352;363
353;354;221
354;353;221
354;355;111
355;354;111
355;357;208
356;357;313
356;358;103
357;355;208
357;356;313
357;359;280
357;360;337
358;356;103
359;357;280
359;361;359
360;357;337
361;359;359
361;362;125
362;361;125
362;363;306
362;365;202
362;366;101
363;362;306
364;366;190
365;362;202
365;367;214
365;368;193
366;362;101
366;364;190
367;365;214
368;365;193
368;371;285
368;372;260
369;370;121
369;371;116
370;369;121
370;373;291
371;368;285
371;369;116
371;374;243
372;368;260
373;370;291
373;376;275
374;371;243
375;379;297
376;373;275
376;378;202
377;379;136
378;376;202
378;381;138
379;375;297
379;377;136
379;380;117
380;379;117
380;384;251
381;378;138
381;382;198
381;383;275
381;384;209
381;385;273
382;381;198
383;381;275
384;380;251
384;381;209
385;381;273
385;387;364
386;387;345
386;389;205
387;385;364
387;386;345
387;388;160
387;390;415
388;387;160
388;391;194
388;392;326
389;386;205
390;387;415
391;388;194
392;388;326
392;396;241
393;396;180
394;397;188
395;396;212
395;397;171
396;392;241
396;393;180
396;395;212
396;399;191
397;394;188
397;395;171
397;401;146
398;399;176
399;396;191
399;398;176
399;400;205
400;399;205
400;403;201
401;397;146
402;406;237
403;400;201
403;404;272
404;403;272
404;405;173
405;404;173
405;406;246
405;409;361
406;402;237
406;405;246
407;410;420
408;411;372
409;405;361
409;412;121
409;413;241
410;407;420
410;414;105
411;408;372
411;414;397
412;409;121
412;416;287
413;409;241
413;415;301
414;410;105
414;411;397
414;418;315
415;413;301
416;412;287
416;418;305
416;420;234
417;418;243
418;414;315
418;416;305
418;417;243
418;421;104
419;423;327
420;416;234
420;423;312
421;418;104
422;425;362
423;419;327
423;420;312
423;424;132
424;423;132
424;427;158
424;428;315
425;422;362
425;429;336
426;429;129
427;424;158
427;430;106
428;424;315
428;429;157
428;432;440
429;425;336
429;426;129
429;428;157
430;427;106
430;434;268
431;433;386
432;428;440
432;433;111
432;435;252
433;431;386
433;432;111
433;436;110
433;437;340
434;430;268
435;432;252
436;433;110
436;438;241
437;433;340
438;436;241
438;441;142
439;440;239
440;439;239
440;441;101
441;438;142
441;440;101
441;444;212
441;445;159
442;443;272
442;446;300
443;442;272
443;445;128
444;441;212
445;441;159
445;443;128
446;442;300
446;450;197
447;448;334
447;451;115
448;447;334
449;453;100
450;446;197
450;453;277
450;454;151
451;447;115
451;454;172
452;455;278
453;449;100
453;450;277
453;455;145
454;450;151
454;451;172
454;457;108
455;452;278
455;453;145
455;459;150
456;459;303
456;460;347
457;454;108
458;459;264
458;462;273
459;455;150
459;456;303
459;458;264
459;463;318
460;456;347
461;463;139
462;458;273
463;459;318
463;461;139
463;465;172
463;467;375
464;468;369
465;463;172
466;467;254
467;463;375
467;466;254
467;468;356
467;471;310
468;464;369
468;467;356
468;469;147
469;468;147
470;471;302
471;467;310
471;470;302
471;473;157
471;475;160
472;473;230
473;471;157
473;472;230
473;474;117
474;473;117
474;478;137
475;471;160
475;479;378
476;477;215
476;480;165
477;476;215
478;474;137
479;475;378
479;480;132
480;476;165
480;479;132
480;483;312
481;482;103
481;483;129
482;481;103
482;484;152
483;480;312
483;481;129
484;482;152
484;485;158
484;486;183
485;484;158
485;487;171
486;484;183
487;485;171
487;490;170
487;491;289
488;491;160
489;491;246
489;493;190
490;487;170
491;487;289
491;488;160
491;489;246
491;494;141
492;493;161
493;489;190
493;492;161
493;495;116
494;491;141
495;493;116
495;498;360
495;499;245
496;497;203
496;498;201
496;500;121
497;496;203
498;495;360
498;496;201
498;501;188
499;495;245
500;496;121
500;504;226
501;498;188
502;503;242
503;502;242
503;504;215
504;500;226
504;503;215
504;506;335
505;509;274
506;504;335
506;507;307
507;506;307
507;508;114
507;511;121
508;507;114
508;509;274
509;505;274
509;508;274
509;510;186
509;512;135
510;509;186
511;507;121
511;515;260
512;509;135
512;516;219
513;517;273
514;515;129
515;511;260
515;514;129
515;518;268
516;512;219
516;519;478
517;513;273
517;520;200
517;521;117
518;515;268
518;521;128
519;516;478
520;517;200
520;522;412
521;517;117
521;518;128
522;520;412
522;526;754
523;526;407
523;527;206
524;525;141
524;528;308
525;524;141
525;527;295
526;522;754
526;523;407
527;523;206
527;525;295
528;524;308
528;530;120
528;531;248
529;531;112
529;532;139
530;528;120
531;528;248
531;529;112
531;533;196
531;534;292
532;529;139
532;535;308
532;536;109
533;531;196
534;531;292
535;532;308
536;532;109
536;537;134
536;538;277
537;536;134
538;536;277
538;539;199
539;538;199
539;541;284
539;543;179
540;543;101
541;539;284
542;543;154
543;539;179
543;540;101
543;542;154
543;547;160
544;546;274
545;549;234
546;544;274
546;548;141
547;543;160
547;550;221
547;551;457
548;546;141
548;549;109
549;545;234
549;548;109
549;550;294
549;552;329
550;547;221
550;549;294
550;554;105
551;547;457
552;549;329
553;554;177
553;557;102
554;550;105
554;553;177
555;559;340
556;559;271
557;553;102
557;558;326
557;560;273
558;557;326
559;555;340
559;556;271
559;561;443
560;557;273
560;564;419
561;559;443
561;562;115
561;563;183
562;561;115
563;561;183
563;567;380
564;560;419
564;567;386
565;566;342
566;565;342
566;568;324
566;569;395
567;563;380
567;564;386
567;569;138
568;566;324
568;570;104
569;566;395
569;567;138
569;571;151
570;568;104
571;569;151
571;572;344
571;573;130
572;571;344
572;575;310
572;576;393
573;571;130
573;574;148
574;573;148
575;572;310
575;577;133
575;579;124
576;572;393
577;575;133
578;582;284
579;575;124
579;580;160
580;579;160
580;581;214
580;582;316
581;580;214
582;578;284
582;580;316
582;585;213
582;586;249
583;585;216
583;587;472
584;588;313
585;582;213
585;583;216
585;589;407
586;582;249
587;583;472
588;584;313
588;589;347
589;585;407
589;588;347
589;592;201
589;593;217
590;592;278
591;592;313
592;589;201
592;590;278
592;591;313
592;594;150
593;589;217
593;595;242
594;592;150
594;597;211
595;593;242
596;600;199
597;594;211
597;598;245
598;597;245
598;600;105
599;600;154
600;596;199
600;598;105
600;599;154
600;602;129
601;605;179
602;600;129
602;606;395
603;604;146
604;603;146
604;606;214
604;607;132
605;601;179
605;607;129
606;602;395
606;604;214
606;609;160
607;604;132
607;605;129
607;611;332
608;611;201
609;606;160
609;610;159
609;613;404
610;609;159
611;607;332
611;608;201
611;612;143
612;611;143
612;615;222
613;609;404
613;617;136
614;615;524
615;612;222
615;614;524
616;619;283
617;613;136
617;621;312
618;619;206
618;620;297
618;621;168
619;616;283
619;618;206
619;622;125
619;623;370
620;618;297
620;624;235
621;617;312
621;618;168
622;619;125
623;619;370
623;626;278
624;620;235
624;627;306
625;627;180
626;623;278
627;624;306
627;625;180
627;628;216
628;627;216
628;629;333
629;628;333
629;633;403
630;633;100
631;634;151
631;635;377
632;634;224
633;629;403
633;630;100
633;634;160
633;636;135
633;637;126
634;631;151
634;632;224
634;633;160
635;631;377
635;638;349
636;633;135
636;639;469
637;633;126
638;635;349
639;636;469
639;643;254
640;642;210
640;644;202
641;642;202
642;640;210
642;641;202
642;645;412
643;639;254
643;646;115
643;647;302
644;640;202
644;647;158
645;642;412
646;643;115
647;643;302
647;644;158
647;650;136
648;651;201
649;650;287
650;647;136
650;649;287
650;651;161
651;648;201
651;650;161
651;652;232
652;651;232
652;655;204
653;655;192
654;656;268
655;652;204
655;653;192
655;656;191
655;658;219
656;654;268
656;655;191
656;657;218
657;656;218
657;660;121
658;655;219
658;659;138
659;658;138
659;662;215
659;663;182
660;657;121
661;662;229
661;664;170
661;665;285
662;659;215
662;661;229
663;659;182
663;667;108
664;661;170
664;668;209
665;661;285
666;669;126
667;663;108
668;664;209
668;669;177
668;670;117
669;666;126
669;668;177
670;668;117
670;671;206
670;674;215
671;670;206
672;674;161
672;675;207
673;676;134
674;670;215
674;672;161
674;677;254
675;672;207
675;678;267
676;673;134
676;678;263
677;674;254
677;681;251
678;675;267
678;676;263
679;680;160
679;681;123
680;679;160
680;684;257
681;677;251
681;679;123
682;683;216
682;684;147
682;685;213
683;682;216
684;680;257
684;682;147
685;682;213
685;689;305
686;687;174
686;689;243
686;690;211
687;686;174
687;691;468
688;689;327
689;685;305
689;686;243
689;688;327
690;686;211
690;692;414
691;687;468
692;690;414
692;693;169
692;695;122
693;692;169
694;695;211
695;692;122
695;694;211
695;698;229
696;699;386
697;698;385
697;699;216
698;695;229
698;697;385
698;700;233
699;696;386
699;697;216
700;698;233
700;703;276
701;703;159
702;705;120
703;700;276
703;701;159
703;706;154
703;707;169
704;705;220
704;706;215
705;702;120
705;704;220
705;708;180
706;703;154
706;704;215
707;703;169
708;705;180
708;709;105
709;708;105
709;710;172
710;709;172
710;711;246
710;713;110
711;710;246
711;714;143
712;714;180
713;710;110
714;711;143
714;712;180
714;715;193
715;714;193
715;716;267
716;715;267
716;719;182
717;720;206
717;721;152
718;719;248
719;716;182
719;718;248
719;723;112
720;717;206
721;717;152
721;722;155
722;721;155
722;724;244
723;719;112
723;724;265
724;722;244
724;723;265
724;726;180
724;727;121
724;728;289
725;727;151
726;724;180
727;724;121
727;725;151
728;724;289
728;730;160
729;733;264
730;728;160
730;732;492
730;733;137
731;733;382
732;730;492
733;729;264
733;730;137
733;731;382
733;734;246
733;736;179
734;733;246
734;735;137
735;734;137
735;739;324
736;733;179
736;737;316
736;740;362
737;736;316
738;740;384
739;735;324
740;736;362
740;738;384
740;744;337
741;743;105
742;744;176
742;746;152
743;741;105
743;744;171
744;740;337
744;742;176
744;743;171
745;746;105
746;742;152
746;745;105
746;750;154
747;749;344
748;750;238
748;752;293
749;747;344
749;751;366
749;752;266
750;746;154
750;748;238
751;749;366
752;748;293
752;749;266
752;753;248
753;752;248
753;754;228
754;753;228
754;756;352
755;758;276
756;754;352
756;758;181
757;760;290
758;755;276
758;756;181
758;761;253
759;763;260
760;757;290
760;764;203
761;758;253
761;764;259
762;765;234
762;766;157
763;759;260
763;765;281
764;760;203
764;761;259
764;766;196
765;762;234
765;763;281
766;762;157
766;764;196
766;770;368
767;768;424
768;767;424
768;771;310
768;772;114
769;771;409
769;773;228
770;766;368
770;772;235
771;768;310
771;769;409
772;768;114
772;770;235
773;769;228
773;776;191
774;776;190
775;776;203
775;778;280
776;773;191
776;774;190
776;775;203
776;780;106
777;779;121
778;775;280
778;781;107
779;777;121
779;783;192
780;776;106
780;783;108
781;778;107
781;782;239
782;781;239
783;779;192
783;780;108
783;786;493
784;785;121
784;786;275
785;784;121
785;787;148
786;783;493
786;784;275
786;788;170
786;789;289
787;785;148
787;790;217
788;786;170
789;786;289
790;787;217
790;791;164
791;790;164
791;792;237
791;795;276
792;791;237
793;795;240
794;796;195
795;791;276
795;793;240
795;796;271
796;794;195
796;795;271
796;800;314
797;800;252
798;800;134
799;801;242
800;796;314
800;797;252
800;798;134
800;803;394
801;799;242
801;802;343
802;801;343
802;804;162
803;800;394
803;804;408
803;805;393
804;802;162
804;803;408
805;803;393
805;808;128
806;808;304
807;809;209
808;805;128
808;806;304
808;810;320
808;812;175
809;807;209
809;812;181
810;808;320
810;811;470
811;810;470
812;808;175
812;809;181
812;815;268
812;816;240
813;817;186
814;815;180
814;817;138
815;812;268
815;814;180
815;819;146
816;812;240
817;813;186
817;814;138
817;818;362
817;820;118
818;817;362
819;815;146
820;817;118
820;822;346
820;823;361
821;822;193
822;820;346
822;821;193
822;824;158
822;825;334
822;826;183
823;820;361
824;822;158
825;822;334
825;827;228
826;822;183
826;829;225
827;825;228
827;828;328
827;830;172
828;827;328
829;826;225
830;827;172
830;831;178
830;832;140
831;830;178
831;833;114
832;830;140
833;831;114
833;834;404
834;833;404
834;835;122
834;838;279
835;834;122
836;840;454
837;838;205
838;834;279
838;837;205
838;841;307
838;842;147
839;840;206
839;842;237
839;843;326
840;836;454
840;839;206
841;838;307
842;838;147
842;839;237
843;839;326
843;844;128
844;843;128
844;846;140
844;848;590
845;846;218
845;847;126
846;844;140
846;845;218
847;845;126
847;851;286
848;844;590
849;852;221
850;852;307
851;847;286
851;852;148
851;853;200
852;849;221
852;850;307
852;851;148
853;851;200
853;854;158
853;857;116
854;853;158
854;856;456
854;858;129
855;856;269
856;854;456
856;855;269
857;853;116
857;859;221
857;861;113
858;854;129
858;862;229
859;857;221
860;861;207
861;857;113
861;860;207
861;863;332
861;864;236
862;858;229
863;861;332
864;861;236
864;865;195
865;864;195
865;866;251
865;868;157
866;865;251
867;871;316
868;865;157
868;872;143
869;871;101
869;872;132
869;873;115
870;873;165
871;867;316
871;869;101
871;875;289
872;868;143
872;869;132
873;869;115
873;870;165
873;874;370
874;873;370
874;876;317
875;871;289
876;874;317
876;877;442
876;878;231
877;876;442
878;876;231
878;880;230
878;881;283
879;880;119
879;882;419
879;883;259
880;878;230
880;879;119
881;878;283
882;879;419
883;879;259
883;884;163
884;883;163
884;885;156
884;888;175
885;884;156
885;889;130
886;887;192
887;886;192
887;890;351
888;884;175
888;890;221
888;892;246
889;885;130
889;893;253
890;887;351
890;888;221
891;894;259
892;888;246
893;889;253
893;896;431
893;897;174
894;891;259
894;897;105
894;898;103
895;898;135
896;893;431
897;893;174
897;894;105
897;900;300
898;894;103
898;895;135
899;901;213
900;897;300
900;901;246
901;899;213
901;900;246
901;902;167
902;901;167
902;905;220
902;906;107
903;904;411
904;903;411
904;906;124
905;902;220
906;902;107
906;904;124
906;907;150
906;908;109
907;906;150
907;909;303
907;911;137
908;906;109
909;907;303
910;912;408
911;907;137
911;912;137
911;914;152
912;910;408
912;911;137
913;914;166
913;915;308
914;911;152
914;913;166
914;918;379
915;913;308
915;916;269
915;917;240
916;915;269
917;915;240
918;914;379
918;919;300
918;920;147
918;921;236
919;918;300
920;918;147
920;923;185
921;918;236
921;925;101
922;924;175
922;926;189
923;920;185
923;927;365
924;922;175
925;921;101
925;926;211
925;928;317
926;922;189
926;925;211
927;923;365
928;925;317
928;929;158
928;932;136
929;928;158
930;931;100
930;932;193
930;933;156
931;930;100
931;934;123
932;928;136
932;930;193
933;930;156
933;936;372
934;931;123
935;937;213
935;938;205
936;933;372
936;939;188
937;935;213
938;935;205
938;939;103
939;936;188
939;938;103
939;942;157
939;943;168
940;943;110
940;944;272
941;943;126
942;939;157
942;945;333
943;939;168
943;940;110
943;941;126
944;940;272
944;947;373
945;942;333
945;948;367
946;950;515
947;944;373
947;949;218
948;945;367
949;947;218
949;953;183
950;946;515
950;951;246
951;950;246
951;952;100
951;953;122
951;954;315
952;951;100
952;955;277
953;949;183
953;951;122
954;951;315
954;958;265
955;952;277
955;956;287
956;955;287
956;959;165
957;961;222
958;954;265
959;956;165
959;960;134
960;959;134
960;964;152
961;957;222
961;962;221
962;961;221
962;965;118
962;966;179
963;967;166
964;960;152
964;965;119
965;962;118
965;964;119
966;962;179
966;968;200
967;963;166
967;969;160
968;966;200
968;969;112
969;967;160
969;968;112
969;971;118
970;971;131
970;974;334
971;969;118
971;970;131
971;972;254
972;971;254
973;975;280
973;977;230
974;970;334
974;978;243
975;973;280
975;976;104
975;978;364
976;975;104
976;979;153
976;980;248
977;973;230
978;974;243
978;975;364
978;981;331
979;976;153
980;976;248
981;978;331
981;982;258
981;985;100
982;981;258
983;984;288
984;983;288
984;987;288
985;981;100
985;989;208
986;990;294
987;984;288
987;988;259
988;987;259
988;990;233
988;991;318
988;992;202
989;985;208
989;990;234
990;986;294
990;988;233
990;989;234
991;988;318
991;995;111
992;988;202
993;996;356
994;996;335
994;997;243
995;991;111
995;997;176
995;999;515
996;993;356
996;994;335
997;994;243
997;995;176
997;998;418
997;1001;315
998;997;418
999;995;515
999;1002;134
999;1003;209
1000;1003;320
1001;997;315
1002;999;134
1002;1006;327
1003;999;209
1003;1000;320
1004;1005;460
1005;1004;460
1005;1009;247
1006;1002;327
1006;1009;407
1007;1009;241
1007;1011;258
1008;1010;378
1009;1005;247
1009;1006;407
1009;1007;241
1009;1013;255
1010;1008;378
1010;1011;116
1011;1007;258
1011;1010;116
1012;1013;297
1012;1015;449
1013;1009;255
1013;1012;297
1014;1016;111
1014;1017;308
1015;1012;449
1015;1017;206
1016;1014;111
1017;1014;308
1017;1015;206
1017;1018;184
1017;1019;292
1018;1017;184
1019;1017;292
1019;1023;149
1020;1023;229
1021;1022;156
1021;1023;219
1021;1025;100
1022;1021;156
1023;1019;149
1023;1020;229
1023;1021;219
1024;1025;154
1024;1027;323
1024;1028;270
1025;1021;100
1025;1024;154
1026;1028;183
1027;1024;323
1028;1024;270
1028;1026;183
1028;1032;248
1029;1030;158
1029;1033;279
1030;1029;158
1030;1032;223
1031;1035;218
1032;1028;248
1032;1030;223
1032;1034;151
1033;1029;279
1034;1032;151
1034;1038;123
1035;1031;218
1035;1039;106
1036;1037;235
1037;1036;235
1037;1039;181
1038;1034;123
1038;1039;217
1039;1035;106
1039;1037;181
1039;1038;217
1039;1040;232
1040;1039;232
1040;1041;273
1041;1040;273
1041;1044;276
1041;1045;110
1042;1043;112
1042;1045;280
1043;1042;112
1044;1041;276
1045;1041;110
1045;1042;280
1045;1048;129
1046;1047;214
1046;1049;259
1047;1046;214
1048;1045;129
1048;1049;169
1049;1046;259
1049;1048;169
1049;1053;109
1050;1054;449
1051;1055;228
1052;1056;121
1053;1049;109
1053;1054;181
1053;1056;244
1054;1050;449
1054;1053;181
1054;1055;195
1055;1051;228
1055;1054;195
1055;1057;294
1056;1052;121
1056;1053;244
1056;1058;112
1057;1055;294
1058;1056;112
1058;1061;169
1059;1060;252
1059;1061;157
1060;1059;252
1061;1058;169
1061;1059;157
1061;1062;246
1062;1061;246
1062;1065;122
1062;1066;210
1063;1065;267
1064;1068;361
1065;1062;122
1065;1063;267
1065;1069;151
1066;1062;210
1067;1068;192
1068;1064;361
1068;1067;192
1068;1070;269
1069;1065;151
1069;1070;119
1069;1073;180
1070;1068;269
1070;1069;119
1070;1072;134
1070;1074;205
1071;1073;186
1072;1070;134
1072;1076;192
1073;1069;180
1073;1071;186
1074;1070;205
1074;1075;123
1075;1074;123
1076;1072;192
1076;1080;421
1077;1080;525
1078;1079;264
1079;1078;264
1079;1081;134
1079;1083;162
1080;1076;421
1080;1077;525
1080;1081;203
1081;1079;134
1081;1080;203
1081;1085;105
1082;1083;105
1083;1079;162
1083;1082;105
1084;1085;145
1084;1086;267
1085;1081;105
1085;1084;145
1086;1084;267
1086;1089;289
1087;1088;177
1087;1089;174
1088;1087;177
1089;1086;289
1089;1087;174
1089;1093;112
1090;1091;214
1090;1092;247
1090;1093;218
1091;1090;214
1091;1094;244
1092;1090;247
1092;1096;149
1093;1089;112
1093;1090;218
1094;1091;244
1095;1099;211
1096;1092;149
1096;1097;118
1097;1096;118
1097;1098;418
1097;1099;245
1098;1097;418
1099;1095;211
1099;1097;245
1099;1103;306
1100;1104;415
1101;1105;204
1102;1103;199
1102;1106;247
1103;1099;306
1103;1102;199
1103;1107;260
1104;1100;415
1104;1107;307
1105;1101;204
1105;1106;275
1106;1102;247
1106;1105;275
1107;1103;260
1107;1104;307
1107;1108;259
1107;1110;257
1108;1107;259
1108;1111;198
1109;1111;337
1110;1107;257
1110;1114;135
1111;1108;198
1111;1109;337
1111;1115;107
1112;1116;170
1113;1116;363
1114;1110;135
1115;1111;107
1115;1119;337
1116;1112;170
1116;1113;363
1116;1117;281
1117;1116;281
1117;1118;370
1118;1117;370
1118;1119;270
1119;1115;337
1119;1118;270
1119;1122;210
1119;1123;195
1120;1121;188
1121;1120;188
1121;1124;228
1122;1119;210
1122;1125;175
1123;1119;195
1123;1126;183
1124;1121;228
1124;1125;112
1125;1122;175
1125;1124;112
1125;1129;211
1126;1123;183
1126;1127;200
1126;1128;103
1127;1126;200
1127;1130;158
1128;1126;103
1129;1125;211
1129;1131;125
1129;1132;269
1130;1127;158
1130;1134;257
1131;1129;125
1132;1129;269
1132;1133;213
1132;1136;105
1133;1132;213
1133;1135;246
1134;1130;257
1135;1133;246
1135;1138;117
1136;1132;105
1137;1141;400
1138;1135;117
1138;1139;279
1139;1138;279
1139;1143;288
1140;1141;192
1140;1142;275
1141;1137;400
1141;1140;192
1141;1143;228
1141;1144;249
1142;1140;275
1142;1145;118
1143;1139;288
1143;1141;228
1144;1141;249
1145;1142;118
1145;1146;166
1145;1148;185
1146;1145;166
1147;1148;100
1147;1151;163
1148;1145;185
1148;1147;100
1149;1150;211
1150;1149;211
1150;1151;131
1150;1153;114
1151;1147;163
1151;1150;131
1152;1154;146
1152;1155;150
1153;1150;114
1153;1155;197
1154;1152;146
1154;1157;239
1154;1158;202
1155;1152;150
1155;1153;197
1156;1157;261
1156;1160;314
1157;1154;239
1157;1156;261
1158;1154;202
1158;1159;112
1158;1162;121
1159;1158;112
1159;1163;377
1160;1156;314
1160;1161;311
1161;1160;311
1162;1158;121
1162;1164;287
1162;1165;146
1163;1159;377
1163;1166;233
1163;1167;297
1164;1162;287
1165;1162;146
1165;1168;182
1166;1163;233
1167;1163;297
1167;1171;299
1168;1165;182
1169;1172;264
1170;1174;211
1171;1167;299
1171;1175;254
1172;1169;264
1172;1173;317
1173;1172;317
1173;1175;257
1173;1176;155
1174;1170;211
1174;1175;108
1175;1171;254
1175;1173;257
1175;1174;108
1175;1179;297
1176;1173;155
1177;1178;193
1177;1181;261
1178;1177;193
1178;1180;340
1179;1175;297
1179;1183;142
1180;1178;340
1180;1183;365
1180;1184;310
1181;1177;261
1181;1182;292
1182;1181;292
1183;1179;142
1183;1180;365
1183;1187;449
1184;1180;310
1184;1185;429
1185;1184;429
1185;1186;482
1186;1185;482
1187;1183;449
1187;1189;140
1188;1191;173
1189;1187;140
1189;1190;530
1189;1191;486
1190;1189;530
1191;1188;173
1191;1189;486
1191;1192;100
1192;1191;100
1192;1193;445
1192;1194;174
1193;1192;445
1193;1197;233
1194;1192;174
1195;1196;224
1195;1197;123
1196;1195;224
1196;1198;193
1196;1199;520
1197;1193;233
1197;1195;123
1198;1196;193
1198;1200;284
1199;1196;520
1200;1198;284
1200;1201;434
1200;1203;272
1201;1200;434
1202;1206;181
1203;1200;272
1203;1205;234
1204;1206;215
1205;1203;234
1205;1208;229
1206;1202;181
1206;1204;215
1206;1209;216
1207;1209;126
1207;1211;206
1208;1205;229
1208;1210;343
1209;1206;216
1209;1207;126
1210;1208;343
1210;1214;154
1211;1207;206
1211;1213;169
1212;1213;196
1212;1215;220
1213;1211;169
1213;1212;196
1214;1210;154
1214;1218;162
1215;1212;220
1215;1216;261
1215;1217;106
1215;1219;120
1216;1215;261
1217;1215;106
1218;1214;162
1218;1220;130
1219;1215;120
1219;1222;139
1220;1218;130
1220;1222;224
1221;1225;354
1222;1219;139
1222;1220;224
1222;1226;149
1223;1225;209
1224;1225;112
1224;1228;111
1225;1221;354
1225;1223;209
1225;1224;112
1225;1226;156
1226;1222;149
1226;1225;156
1227;1231;353
1228;1224;111
1228;1231;351
1229;1231;170
1229;1232;188
1230;1231;104
1231;1227;353
1231;1228;351
1231;1229;170
1231;1230;104
1232;1229;188
1232;1236;388
1233;1234;136
1233;1237;246
1234;1233;136
1234;1235;100
1235;1234;100
1235;1236;252
1236;1232;388
1236;1235;252
1237;1233;246
1237;1239;185
1238;1239;108
1238;1240;129
1239;1237;185
1239;1238;108
1239;1242;201
1240;1238;129
1240;1243;108
1241;1243;387
1241;1244;641
1242;1239;201
1243;1240;108
1243;1241;387
1243;1247;275
1244;1241;641
1245;1246;295
1245;1247;271
1246;1245;295
1247;1243;275
1247;1245;271
1247;1249;139
1247;1250;278
1248;1250;150
1248;1252;435
1249;1247;139
1250;1247;278
1250;1248;150
1250;1254;226
1251;1255;128
1252;1248;435
1253;1254;199
1254;1250;226
1254;1253;199
1254;1255;280
1254;1257;151
1254;1258;165
1255;1251;128
1255;1254;280
1256;1258;540
1257;1254;151
1257;1259;167
1257;1261;214
1258;1254;165
1258;1256;540
1259;1257;167
1260;1261;302
1261;1257;214
1261;1260;302
1261;1262;160
1261;1263;193
1261;1264;131
1262;1261;160
1263;1261;193
1263;1267;182
1264;1261;131
1264;1268;185
1265;1267;210
1266;1267;298
1267;1263;182
1267;1265;210
1267;1266;298
1268;1264;185
1268;1271;116
1268;1272;272
1269;1272;353
1270;1271;331
1271;1268;116
1271;1270;331
1271;1273;181
1272;1268;272
1272;1269;353
1273;1271;181
1273;1275;274
1274;1275;100
1274;1278;334
1275;1273;274
1275;1274;100
1275;1276;350
1276;1275;350
1277;1279;275
1278;1274;334
1278;1279;156
1278;1281;147
1279;1277;275
1279;1278;156
1280;1282;258
1280;1284;223
1281;1278;147
1281;1282;123
1281;1285;248
1282;1280;258
1282;1281;123
1283;1286;107
1284;1280;223
1285;1281;248
1285;1286;156
1286;1283;107
1286;1285;156
1286;1289;211
1287;1291;422
1288;1291;347
1289;1286;211
1289;1293;269
1290;1293;133
1290;1294;180
1291;1287;422
1291;1288;347
1291;1292;132
1292;1291;132
1292;1296;170
1293;1289;269
1293;1290;133
1293;1295;355
1294;1290;180
1294;1297;170
1295;1293;355
1295;1299;393
1296;1292;170
1296;1298;116
1297;1294;170
1297;1298;124
1297;1301;170
1298;1296;116
1298;1297;124
1298;1300;214
1299;1295;393
1300;1298;214
1301;1297;170
1301;1303;200
1302;1305;164
1303;1301;200
1303;1305;316
1304;1305;102
1305;1302;164
1305;1303;316
1305;1304;102
1305;1308;103
1306;1308;187
1306;1310;102
1307;1309;180
1307;1310;103
1308;1305;103
1308;1306;187
1309;1307;180
1310;1306;102
1310;1307;103
1310;1313;494
1311;1314;370
1312;1315;176
1313;1310;494
1313;1316;153
1314;1311;370
1314;1315;364
1315;1312;176
1315;1314;364
1315;1317;180
1316;1313;153
1316;1319;116
1317;1315;180
1317;1319;104
1318;1321;321
1319;1316;116
1319;1317;104
1319;1320;180
1320;1319;180
1320;1321;144
1321;1318;321
1321;1320;144
1321;1323;285
1322;1324;128
1323;1321;285
1323;1325;194
1324;1322;128
1324;1328;132
1325;1323;194
1325;1326;128
1325;1328;184
1326;1325;128
1326;1327;249
1326;1329;254
1327;1326;249
1327;1331;359
1328;1324;132
1328;1325;184
1329;1326;254
1329;1332;113
1330;1334;137
1331;1327;359
1331;1335;221
1332;1329;113
1333;1334;150
1334;1330;137
1334;1333;150
1334;1337;194
1335;1331;221
1335;1336;102
1335;1337;148
1336;1335;102
1336;1338;136
1337;1334;194
1337;1335;148
1337;1339;304
1338;1336;136
1339;1337;304
1339;1340;110
1339;1341;364
1340;1339;110
1340;1343;210
1341;1339;364
1342;1346;380
1343;1340;210
1343;1344;410
1343;1345;250
1343;1346;137
1344;1343;410
1345;1343;250
1345;1348;371
1346;1342;380
1346;1343;137
1346;1349;343
1347;1349;249
1347;1350;263
1347;1351;192
1348;1345;371
1349;1346;343
1349;1347;249
1349;1352;168
1350;1347;263
1351;1347;192
1352;1349;168
1352;1353;274
1353;1352;274
1353;1354;433
1354;1353;433
1354;1358;410
1355;1359;424
1356;1360;491
1357;1361;178
1358;1354;410
1358;1360;123
1359;1355;424
1359;1363;106
1360;1356;491
1360;1358;123
1360;1362;182
1361;1357;178
1361;1364;219
1362;1360;182
1362;1364;103
1363;1359;106
1363;1364;118
1364;1361;219
1364;1362;103
1364;1363;118
1364;1366;126
1364;1367;129
1365;1368;293
1366;1364;126
1367;1364;129
1367;1370;151
1367;1371;195
1368;1365;293
1368;1370;105
1369;1370;103
1370;1367;151
1370;1368;105
1370;1369;103
1371;1367;195
1371;1372;155
1371;1375;113
1372;1371;155
1373;1376;184
1374;1377;233
1374;1378;434
1375;1371;113
1375;1376;148
1375;1377;221
1376;1373;184
1376;1375;148
1377;1374;233
1377;1375;221
1378;1374;434
1378;1379;361
1379;1378;361
1379;1380;338
1380;1379;338
1380;1384;197
1381;1384;161
1381;1385;263
1382;1386;177
1383;1384;121
1384;1380;197
1384;1381;161
1384;1383;121
1384;1388;242
1385;1381;263
1386;1382;177
1386;1388;184
1387;1391;131
1388;1384;242
1388;1386;184
1388;1389;136
1389;1388;136
1389;1390;122
1389;1391;117
1389;1393;126
1390;1389;122
1391;1387;131
1391;1389;117
1392;1395;429
1393;1389;126
1393;1395;277
1394;1397;327
1395;1392;429
1395;1393;277
1395;1399;222
1396;1398;237
1397;1394;327
1397;1399;294
1398;1396;237
1398;1399;203
1398;1400;209
1399;1395;222
1399;1397;294
1399;1398;203
1399;1401;263
1399;1403;393
1400;1398;209
1401;1399;263
1401;1405;369
1402;1403;208
1403;1399;393
1403;1402;208
1404;1405;396
1405;1401;369
1405;1404;396
1405;1408;307
1406;1408;317
1407;1408;168
1408;1405;307
1408;1406;317
1408;1407;168
1408;1409;213
1409;1408;213
1409;1410;342
1409;1413;231
1410;1409;342
1410;1414;274
1411;1412;152
1411;1414;156
1412;1411;152
1413;1409;231
1414;1410;274
1414;1411;156
1414;1415;294
1415;1414;294
1415;1416;156
1415;1417;171
1416;1415;156
1417;1415;171
1417;1419;361
1418;1421;398
1419;1417;361
1419;1420;452
1420;1419;452
1420;1421;413
1421;1418;398
1421;1420;413
1421;1424;159
1422;1426;239
1423;1424;143
1424;1421;159
1424;1423;143
1424;1427;110
1425;1429;133
1426;1422;239
1426;1427;339
1427;1424;110
1427;1426;339
1427;1428;314
1427;1429;151
1428;1427;314
1428;1430;294
1429;1425;133
1429;1427;151
1430;1428;294
1430;1433;123
1431;1433;255
1432;1434;350
1433;1430;123
1433;1431;255
1433;1434;215
1433;1435;248
1434;1432;350
1434;1433;215
1435;1433;248
1435;1438;279
1436;1438;271
1437;1439;201
1437;1440;205
1438;1435;279
1438;1436;271
1438;1440;273
1439;1437;201
1439;1443;234
1440;1437;205
1440;1438;273
1440;1441;120
1440;1444;143
1441;1440;120
1442;1443;276
1443;1439;234
1443;1442;276
1443;1445;124
1444;1440;143
1444;1446;159
1445;1443;124
1445;1447;250
1446;1444;159
1447;1445;250
1447;1450;294
1448;1449;288
1449;1448;288
1449;1450;233
1449;1451;153
1450;1447;294
1450;1449;233
1451;1449;153
1451;1452;304
1452;1451;304
1452;1455;182
1453;1454;135
1453;1455;228
1454;1453;135
1454;1456;245
1454;1457;251
1455;1452;182
1455;1453;228
1455;1458;377
1456;1454;245
1456;1460;308
1457;1454;251
1458;1455;377
1459;1463;289
1460;1456;308
1460;1462;124
1460;1464;149
1461;1464;370
1462;1460;124
1462;1465;328
1463;1459;289
1463;1465;255
1464;1460;149
1464;1461;370
1465;1462;328
1465;1463;255
1465;1468;216
1466;1468;258
1467;1468;212
1468;1465;216
1468;1466;258
1468;1467;212
1468;1471;225
1468;1472;313
1469;1471;101
1470;1472;313
1471;1468;225
1471;1469;101
1472;1468;313
1472;1470;313
1472;1475;153
1473;1474;190
1473;1475;122
1473;1477;108
1474;1473;190
1475;1472;153
1475;1473;122
1476;1477;177
1477;1473;108
1477;1476;177
1477;1480;197
1477;1481;139
1478;1479;258
1479;1478;258
1479;1480;119
1479;1482;212
1480;1477;197
1480;1479;119
1480;1483;276
1480;1484;204
1481;1477;139
1482;1479;212
1482;1486;157
1483;1480;276
1484;1480;204
1485;1488;123
1485;1489;132
1486;1482;157
1486;1490;120
1487;1489;342
1487;1491;171
1488;1485;123
1489;1485;132
1489;1487;342
1490;1486;120
1490;1492;289
1491;1487;171
1491;1494;305
1491;1495;340
1492;1490;289
1492;1495;432
1493;1497;256
1494;1491;305
1495;1491;340
1495;1492;432
1495;1497;290
1496;1497;445
1496;1500;459
1497;1493;256
1497;1495;290
1497;1496;445
1497;1499;311
1497;1501;199
1498;1501;184
1498;1502;168
1499;1497;311
1500;1496;459
1500;1504;115
1501;1497;199
1501;1498;184
1502;1498;168
1503;1506;293
1504;1500;115
1504;1506;210
1504;1508;383
1505;1507;377
1505;1508;192
1506;1503;293
1506;1504;210
1506;1509;378
1507;1505;377
1508;1504;383
1508;1505;192
1508;1510;259
1509;1506;378
1509;1511;212
1509;1513;279
1510;1508;259
1511;1509;212
1512;1514;432
1512;1516;125
1513;1509;279
1513;1515;337
1513;1517;336
1514;1512;432
1515;1513;337
1516;1512;125
1516;1517;258
1516;1518;345
1517;1513;336
1517;1516;258
1517;1520;185
1518;1516;345
1519;1521;249
1520;1517;185
1520;1524;118
1521;1519;249
1521;1522;288
1522;1521;288
1522;1524;126
1523;1524;336
1524;1520;118
1524;1522;126
1524;1523;336
1524;1525;253
1524;1526;270
1525;1524;253
1525;1527;256
1526;1524;270
1527;1525;256
1527;1528;162
1528;1527;162
1528;1530;298
1529;1530;406
1529;1532;172
1529;1533;134
1530;1528;298
1530;1529;406
1531;1532;198
1532;1529;172
1532;1531;198
1532;1535;166
1532;1536;404
1533;1529;134
1533;1534;212
1534;1533;212
1535;1532;166
1535;1538;136
1536;1532;404
1537;1539;297
1538;1535;136
1538;1539;119
1538;1540;201
1539;1537;297
1539;1538;119
1539;1542;201
1540;1538;201
1540;1544;192
1541;1543;127
1542;1539;201
1543;1541;127
1543;1544;271
1544;1540;192
1544;1543;271
1544;1545;168
1545;1544;168
1545;1548;284
1546;1547;245
1547;1546;245
1547;1548;401
1548;1545;284
1548;1547;401
1548;1550;108
1548;1551;287
1549;1551;235
1550;1548;108
1550;1553;326
1551;1548;287
1551;1549;235
1551;1554;160
1552;1554;109
1553;1550;326
1554;1551;160
1554;1552;109
1554;1555;132
1555;1554;132
1555;1558;325
1556;1560;184
1557;1559;145
1558;1555;325
1558;1562;336
1559;1557;145
1559;1560;238
1559;1562;279
1560;1556;184
1560;1559;238
1561;1563;109
1561;1564;146
1562;1558;336
1562;1559;279
1562;1566;179
1563;1561;109
1563;1566;126
1564;1561;146
1564;1565;116
1565;1564;116
1566;1562;179
1566;1563;126
1566;1567;165
1566;1568;209
1566;1570;168
1567;1566;165
1567;1569;287
1567;1571;403
1568;1566;209
1568;1572;339
1569;1567;287
1570;1566;168
1570;1573;354
1571;1567;403
1572;1568;339
1572;1576;128
1573;1570;354
1573;1575;321
1573;1577;255
1574;1578;131
1575;1573;321
1575;1578;395
1576;1572;128
1577;1573;255
1578;1574;131
1578;1575;395
1578;1580;357
1578;1582;192
1579;1583;300
1580;1578;357
1581;1585;231
1582;1578;192
1582;1584;205
1582;1585;323
1583;1579;300
1583;1586;184
1584;1582;205
1584;1587;165
1585;1581;231
1585;1582;323
1585;1589;135
1586;1583;184
1586;1589;285
1587;1584;165
