0;3;185
0;4;126
1;2;140
1;4;135
2;1;140
3;0;185
4;0;126
4;1;135
4;7;422
5;9;487
6;8;117
7;4;422
7;8;168
8;6;117
8;7;168
8;9;165
8;11;191
9;5;487
9;8;165
9;10;202
10;9;202
11;8;191
11;14;153
12;14;228
13;14;327
13;15;237
14;11;153
14;12;228
14;13;327
14;17;197
14;18;119
15;13;237
16;17;380
16;19;503
17;14;197
17;16;380
17;20;127
18;14;119
19;16;503
19;21;317
20;17;127
21;19;317
21;22;194
21;23;196
22;21;194
23;21;196
23;24;248
23;25;276
24;23;248
25;23;276
25;28;236
26;30;259
27;29;196
28;25;236
28;29;309
29;27;196
29;28;309
29;30;209
29;32;236
29;33;284
30;26;259
30;29;209
31;34;117
31;35;118
32;29;236
33;29;284
33;35;274
34;31;117
34;38;322
35;31;118
35;33;274
36;38;161
37;41;272
38;34;322
38;36;161
38;40;133
38;41;221
39;41;358
40;38;133
40;42;108
41;37;272
41;38;221
41;39;358
41;43;100
42;40;108
43;41;100
43;46;395
44;47;216
45;47;348
46;43;395
46;50;335
47;44;216
47;45;348
47;48;389
48;47;389
48;51;143
49;50;322
49;52;160
50;46;335
50;49;322
50;54;165
51;48;143
51;54;148
52;49;160
53;57;473
54;50;165
54;51;148
54;55;233
54;57;228
54;58;153
55;54;233
56;57;124
56;59;125
57;53;473
57;54;228
57;56;124
57;60;347
58;54;153
59;56;125
59;61;288
59;63;188
60;57;347
61;59;288
61;62;101
62;61;101
62;65;206
63;59;188
63;66;100
64;67;102
64;68;247
65;62;206
65;67;106
66;63;100
67;64;102
67;65;106
68;64;247
68;71;237
68;72;257
69;70;100
70;69;100
70;73;157
71;68;237
72;68;257
72;76;292
73;70;157
73;74;185
74;73;185
74;77;186
75;76;206
75;78;153
75;79;278
76;72;292
76;75;206
76;77;343
77;74;186
77;76;343
78;75;153
78;81;245
79;75;278
80;81;163
81;78;245
81;80;163
81;82;200
81;83;115
82;81;200
83;81;115
83;87;335
84;86;327
85;86;203
86;84;327
86;85;203
86;88;252
86;89;259
87;83;335
87;88;390
87;90;104
87;91;154
88;86;252
88;87;390
89;86;259
90;87;104
91;87;154
91;92;138
92;91;138
92;94;161
93;97;123
94;92;161
94;96;342
94;97;287
95;97;199
96;94;342
96;98;162
97;93;123
97;94;287
97;95;199
98;96;162
98;101;100
99;100;129
99;101;172
100;99;129
101;98;100
101;99;172
101;102;272
101;105;345
102;101;272
102;106;116
103;107;183
104;106;195
104;107;369
105;101;345
106;102;116
106;104;195
106;110;236
107;103;183
107;104;369
108;110;139
109;113;230
110;106;236
110;108;139
110;111;116
111;110;116
111;115;231
112;113;321
112;115;205
113;109;230
113;112;321
113;114;348
113;117;392
114;113;348
115;111;231
115;112;205
116;120;356
117;113;392
117;120;460
118;121;110
119;120;158
119;122;220
120;116;356
120;117;460
120;119;158
120;121;121
120;124;211
121;118;110
121;120;121
121;125;260
122;119;220
123;127;320
124;120;211
124;127;311
125;121;260
126;129;228
127;123;320
127;124;311
127;130;112
128;131;205
129;126;228
129;130;318
129;132;195
130;127;112
130;129;318
131;128;205
131;132;230
132;129;195
132;131;230
132;136;150
133;136;398
134;138;141
135;137;270
136;132;150
136;133;398
136;138;145
137;135;270
137;139;328
137;140;153
138;134;141
138;136;145
138;140;176
138;141;137
138;142;197
139;137;328
139;143;121
140;137;153
140;138;176
140;144;133
141;138;137
142;138;197
143;139;121
144;140;133
144;146;344
144;147;254
145;149;140
146;144;344
147;144;254
147;148;194
147;149;211
148;147;194
148;152;288
149;145;140
149;147;211
149;153;274
150;151;323
151;150;323
151;154;319
152;148;288
153;149;274
153;157;227
154;151;319
154;156;182
154;157;317
155;159;300
156;154;182
157;153;227
157;154;317
157;161;182
158;160;238
159;155;300
159;162;257
160;158;238
160;163;226
161;157;182
161;162;216
161;163;140
161;164;284
162;159;257
162;161;216
163;160;226
163;161;140
163;165;383
164;161;284
164;167;378
165;163;383
166;167;283
166;168;258
167;164;378
167;166;283
168;166;258
168;170;132
169;170;164
169;172;137
170;168;132
170;169;164
170;171;144
171;170;144
171;173;169
171;175;211
172;169;137
173;171;169
173;177;203
174;178;121
175;171;211
176;180;101
177;173;203
177;178;172
177;179;202
178;174;121
178;177;172
178;180;151
179;177;202
180;176;101
180;178;151
180;184;120
181;182;208
181;183;355
181;184;357
182;181;208
182;186;397
183;181;355
183;185;402
184;180;120
184;181;357
184;188;301
185;183;402
186;182;397
187;189;422
187;190;127
188;184;301
188;191;439
189;187;422
190;187;127
190;192;144
191;188;439
191;194;158
192;190;144
192;194;177
193;194;219
193;195;192
194;191;158
194;192;177
194;193;219
195;193;192
195;197;156
195;198;244
195;199;193
196;197;411
197;195;156
197;196;411
198;195;244
199;195;193
199;201;294
200;202;154
201;199;294
201;203;205
202;200;154
202;205;211
202;206;268
203;201;205
203;207;111
204;207;310
205;202;211
206;202;268
206;207;177
207;203;111
207;204;310
207;206;177
207;210;149
208;211;130
209;211;323
210;207;149
210;211;356
210;214;127
211;208;130
211;209;323
211;210;356
212;213;275
213;212;275
213;214;236
213;216;372
214;210;127
214;213;236
215;216;259
215;217;191
215;218;155
216;213;372
216;215;259
216;219;260
217;215;191
217;221;295
218;215;155
219;216;260
219;220;498
219;223;497
220;219;498
221;217;295
222;225;320
222;226;115
223;219;497
223;224;131
223;227;306
224;223;131
224;225;220
225;222;320
225;224;220
225;229;143
226;222;115
227;223;306
228;231;237
229;225;143
229;231;125
229;233;153
230;234;209
231;228;237
231;229;125
231;232;386
232;231;386
233;229;153
233;235;276
233;236;221
234;230;209
234;236;199
234;238;442
235;233;276
236;233;221
236;234;199
237;240;276
238;234;442
238;241;214
238;242;248
239;243;244
240;237;276
240;244;220
241;238;214
242;238;248
242;244;198
243;239;244
243;246;120
243;247;178
244;240;220
244;242;198
244;248;295
245;246;234
245;248;241
246;243;120
246;245;234
246;249;347
246;250;126
247;243;178
248;244;295
248;245;241
248;251;235
249;246;347
250;246;126
251;248;235
251;253;134
252;254;287
252;255;256
253;251;134
253;254;131
254;252;287
254;253;131
254;256;363
254;258;339
255;252;256
255;257;245
256;254;363
257;255;245
257;259;324
258;254;339
258;261;109
259;257;324
259;263;284
260;263;135
260;264;111
261;258;109
262;264;121
263;259;284
263;260;135
264;260;111
264;262;121
264;267;600
265;266;534
266;265;534
266;267;175
266;270;134
267;264;600
267;266;175
268;269;285
268;271;108
269;268;285
270;266;134
270;273;114
270;274;250
271;268;108
271;272;297
271;274;197
272;271;297
273;270;114
273;276;328
274;270;250
274;271;197
274;278;262
275;278;374
275;279;112
276;273;328
277;279;333
278;274;262
278;275;374
279;275;112
279;277;333
279;281;145
279;282;154
280;282;131
281;279;145
282;279;154
282;280;131
282;284;108
283;285;149
284;282;108
284;285;168
285;283;149
285;284;168
285;289;110
286;289;139
287;291;161
288;289;131
288;292;310
289;285;110
289;286;139
289;288;131
289;290;202
290;289;202
290;293;136
291;287;161
291;293;101
291;294;217
292;288;310
293;290;136
293;291;101
293;296;187
294;291;217
294;295;362
294;298;167
295;294;362
296;293;187
296;297;122
297;296;122
297;300;203
298;294;167
298;301;139
299;301;215
299;302;199
300;297;203
301;298;139
301;299;215
301;305;279
302;299;199
302;303;200
303;302;200
303;304;291
303;307;317
304;303;291
305;301;279
306;307;217
306;309;282
307;303;317
307;306;217
308;311;141
309;306;282
309;310;318
309;312;281
310;309;318
310;311;123
310;313;174
311;308;141
311;310;123
311;314;307
312;309;281
312;315;127
313;310;174
314;311;307
315;312;127
315;319;143
316;317;225
317;316;225
317;319;172
318;320;107
318;321;203
318;322;282
319;315;143
319;317;172
319;323;397
320;318;107
320;324;342
321;318;203
321;323;250
322;318;282
323;319;397
323;321;250
323;327;282
324;320;342
324;328;397
325;329;139
326;327;119
327;323;282
327;326;119
328;324;397
328;332;144
329;325;139
329;331;348
330;334;248
331;329;348
331;332;142
331;335;129
332;328;144
332;331;142
333;334;186
334;330;248
334;333;186
334;337;186
335;331;129
335;337;164
336;338;254
337;334;186
337;335;164
337;340;259
338;336;254
338;340;120
339;341;224
340;337;259
340;338;120
340;341;208
340;342;174
341;339;224
341;340;208
341;345;316
342;340;174
343;346;321
344;346;209
344;348;168
345;341;316
345;348;233
346;343;321
346;344;209
347;348;193
347;349;267
348;344;168
348;345;233
348;347;193
348;351;213
349;347;267
349;352;395
349;353;406
350;353;247
351;348;213
352;349;395
352;355;455
353;349;406
353;350;247
353;354;308
354;353;308
354;356;253
355;352;455
356;354;253
356;359;331
357;358;117
358;357;117
358;360;174
358;361;238
359;356;331
359;360;229
360;358;174
360;359;229
361;358;238
361;363;103
362;363;142
363;361;103
363;362;142
363;366;175
364;366;236
365;368;107
366;363;175
366;364;236
366;370;198
367;369;122
367;371;287
368;365;107
368;369;177
369;367;122
369;368;177
369;370;124
370;366;198
370;369;124
370;373;291
371;367;287
372;373;107
373;370;291
373;372;107
373;374;260
373;375;145
373;377;239
374;373;260
375;373;145
376;377;177
377;373;239
377;376;177
377;378;424
377;380;404
378;377;424
378;381;102
379;380;179
380;377;404
380;379;179
381;378;102
381;385;286
382;386;357
383;384;381
383;385;364
384;383;381
385;381;286
385;383;364
385;386;284
385;388;329
386;382;357
386;385;284
387;390;321
388;385;329
388;391;212
388;392;106
389;391;184
390;387;321
390;393;101
391;388;212
391;389;184
391;393;376
392;388;106
392;394;262
393;390;101
393;391;376
394;392;262
394;397;121
395;398;202
395;399;313
396;399;387
397;394;121
397;398;380
398;395;202
398;397;380
398;401;311
398;402;290
399;395;313
399;396;387
399;403;373
400;402;439
401;398;311
401;404;409
402;398;290
402;400;439
403;399;373
403;405;291
404;401;409
404;406;341
405;403;291
406;404;341
406;407;315
406;409;208
407;406;315
407;411;129
408;409;255
409;406;208
409;408;255
409;410;303
409;412;270
410;409;303
411;407;129
411;413;128
411;415;293
412;409;270
412;414;281
413;411;128
414;412;281
415;411;293
415;418;306
416;417;129
417;416;129
417;420;171
418;415;306
418;419;191
419;418;191
419;423;144
420;417;171
420;423;185
421;424;174
422;424;187
422;426;196
423;419;144
423;420;185
423;424;196
424;421;174
424;422;187
424;423;196
425;427;162
425;429;181
426;422;196
426;427;171
427;425;162
427;426;171
427;431;220
428;430;253
428;432;341
429;425;181
429;433;150
430;428;253
431;427;220
431;432;288
431;434;369
432;428;341
432;431;288
433;429;150
433;436;236
434;431;369
434;438;181
435;437;295
435;439;344
436;433;236
436;439;376
437;435;295
437;440;241
438;434;181
439;435;344
439;436;376
439;441;414
439;442;348
440;437;241
441;439;414
442;439;348
442;443;140
442;445;154
443;442;140
444;445;177
445;442;154
445;444;177
445;446;165
446;445;165
446;447;250
446;448;256
447;446;250
447;451;234
448;446;256
449;451;200
450;451;164
450;453;339
451;447;234
451;449;200
451;450;164
452;453;251
452;455;225
452;456;334
453;450;339
453;452;251
453;454;553
453;457;476
454;453;553
455;452;225
455;458;284
456;452;334
457;453;476
458;455;284
458;462;163
459;463;223
460;463;170
461;462;355
462;458;163
462;461;355
462;466;346
463;459;223
463;460;170
463;465;258
464;466;220
465;463;258
465;468;257
466;462;346
466;464;220
466;470;177
467;470;230
468;465;257
468;471;149
469;470;283
469;471;163
470;466;177
470;467;230
470;469;283
471;468;149
471;469;163
471;474;113
472;473;352
473;472;352
473;476;160
474;471;113
474;476;165
475;476;192
475;477;104
476;473;160
476;474;165
476;475;192
477;475;104
477;479;111
477;481;459
478;480;133
478;482;150
479;477;111
479;480;144
479;483;179
480;478;133
480;479;144
480;484;169
481;477;459
482;478;150
483;479;179
483;485;319
484;480;169
484;486;128
484;487;108
485;483;319
486;484;128
486;489;345
486;490;302
487;484;108
488;490;250
489;486;345
490;486;302
490;488;250
490;492;123
491;492;147
492;490;123
492;491;147
492;493;158
492;494;148
493;492;158
493;496;108
494;492;148
494;495;150
495;494;150
495;497;401
496;493;108
496;499;272
497;495;401
497;500;355
498;501;331
499;496;272
499;503;109
500;497;355
501;498;331
501;503;215
501;504;123
501;505;216
502;505;181
503;499;109
503;501;215
503;506;372
504;501;123
504;507;389
505;501;216
505;502;181
505;508;347
506;503;372
507;504;389
508;505;347
508;510;430
509;510;162
509;512;155
510;508;430
510;509;162
510;511;261
511;510;261
512;509;155
512;515;116
513;515;158
513;516;210
514;518;383
515;512;116
515;513;158
515;517;117
516;513;210
516;520;395
517;515;117
517;521;197
518;514;383
518;521;243
519;520;350
520;516;395
520;519;350
521;517;197
521;518;243
521;525;167
522;523;292
523;522;292
523;524;258
524;523;258
524;525;244
525;521;167
525;524;244
525;526;252
526;525;252
526;530;191
527;530;226
528;532;273
529;530;162
530;526;191
530;527;226
530;529;162
530;531;132
530;532;157
530;533;178
531;530;132
532;528;273
532;530;157
533;530;178
533;534;230
533;537;161
534;533;230
534;535;268
534;536;117
535;534;268
536;534;117
537;533;161
537;540;120
538;542;101
539;540;235
540;537;120
540;539;235
540;543;205
541;544;200
542;538;101
542;543;220
543;540;205
543;542;220
543;545;198
543;546;140
544;541;200
544;546;172
545;543;198
545;549;302
546;543;140
546;544;172
547;550;172
548;549;277
549;545;302
549;548;277
549;552;160
550;547;172
550;551;417
550;552;144
551;550;417
552;549;160
552;550;144
552;554;146
552;555;344
553;555;343
553;556;413
554;552;146
554;557;351
555;552;344
555;553;343
556;553;413
557;554;351
557;558;189
557;560;286
558;557;189
559;561;423
559;562;324
559;563;379
560;557;286
560;564;267
561;559;423
562;559;324
563;559;379
563;567;375
564;560;267
564;566;378
565;569;643
566;564;378
566;567;282
567;563;375
567;566;282
567;569;253
568;570;263
569;565;643
569;567;253
569;570;227
569;572;264
569;573;224
570;568;263
570;569;227
570;574;261
571;573;308
571;575;189
572;569;264
573;569;224
573;571;308
573;576;131
573;577;154
574;570;261
575;571;189
576;573;131
576;580;139
577;573;154
578;580;238
578;581;263
578;582;184
579;583;134
580;576;139
580;578;238
581;578;263
582;578;184
582;586;114
583;579;134
583;586;155
584;586;103
584;587;127
585;587;197
586;582;114
586;583;155
586;584;103
586;589;223
587;584;127
587;585;197
588;592;323
589;586;223
589;592;327
590;593;154
591;595;181
592;588;323
592;589;327
592;594;233
592;596;194
593;590;154
593;595;221
594;592;233
594;595;170
594;597;168
595;591;181
595;593;221
595;594;170
596;592;194
597;594;168
597;598;512
597;600;113
598;597;512
599;600;106
599;601;219
600;597;113
600;599;106
601;599;219
601;603;229
601;604;144
602;606;437
603;601;229
603;606;140
603;607;339
604;601;144
605;606;155
606;602;437
606;603;140
606;605;155
606;609;151
607;603;339
607;611;168
608;610;222
609;606;151
609;610;264
609;612;126
610;608;222
610;609;264
610;613;229
611;607;168
612;609;126
613;610;229
613;614;117
614;613;117
614;617;178
614;618;299
615;618;210
616;620;261
617;614;178
617;620;146
618;614;299
618;615;210
618;619;303
618;621;178
619;618;303
620;616;261
620;617;146
620;622;281
621;618;178
621;623;222
622;620;281
622;625;498
623;621;222
623;626;176
624;626;360
625;622;498
625;627;474
626;623;176
626;624;360
626;628;442
627;625;474
628;626;442
628;629;108
628;630;175
628;631;153
629;628;108
630;628;175
631;628;153
631;633;156
631;634;147
632;634;127
632;636;159
633;631;156
633;635;336
634;631;147
634;632;127
634;638;134
635;633;336
636;632;159
636;639;164
637;641;126
638;634;134
639;636;164
639;640;112
639;641;115
639;642;101
640;639;112
641;637;126
641;639;115
642;639;101
642;643;116
643;642;116
643;645;100
643;646;247
644;647;194
644;648;222
645;643;100
645;649;211
646;643;247
646;647;130
647;644;194
647;646;130
648;644;222
649;645;211
649;651;134
649;652;274
650;652;234
650;653;260
651;649;134
652;649;274
652;650;234
652;654;602
653;650;260
653;655;124
654;652;602
655;653;124
655;658;311
656;658;323
657;661;346
658;655;311
658;656;323
658;661;429
659;660;195
659;661;392
660;659;195
661;657;346
661;658;429
661;659;392
661;662;120
662;661;120
662;663;177
663;662;177
663;665;232
663;667;107
664;665;233
665;663;232
665;664;233
666;670;220
667;663;107
667;671;328
668;670;209
668;672;321
669;673;165
670;666;220
670;668;209
670;671;277
671;667;328
671;670;277
671;675;252
672;668;321
672;673;133
672;676;237
673;669;165
673;672;133
673;677;265
674;676;443
675;671;252
675;678;240
676;672;237
676;674;443
676;680;393
677;673;265
677;679;397
678;675;240
678;681;269
679;677;397
679;682;336
680;676;393
680;683;112
680;684;131
681;678;269
682;679;336
683;680;112
684;680;131
684;685;476
684;687;335
685;684;476
686;690;320
687;684;335
687;688;275
688;687;275
688;689;359
688;690;195
688;691;454
689;688;359
689;692;321
690;686;320
690;688;195
690;693;437
691;688;454
692;689;321
692;696;222
693;690;437
694;695;108
695;694;108
695;697;108
696;692;222
696;697;148
697;695;108
697;696;148
697;698;178
697;701;358
698;697;178
698;699;149
699;698;149
699;700;350
700;699;350
700;703;122
701;697;358
701;702;128
701;705;236
702;701;128
702;704;225
703;700;122
704;702;225
704;708;100
705;701;236
706;707;113
706;709;196
707;706;113
708;704;100
708;712;156
709;706;196
709;712;118
710;712;352
711;715;247
712;708;156
712;709;118
712;710;352
712;713;130
712;716;124
713;712;130
714;715;191
714;716;228
715;711;247
715;714;191
715;718;187
716;712;124
716;714;228
717;719;130
717;720;168
718;715;187
718;720;232
718;721;161
718;722;267
719;717;130
720;717;168
720;718;232
720;723;509
721;718;161
722;718;267
722;724;104
722;726;218
723;720;509
724;722;104
724;727;341
725;729;178
726;722;218
726;728;365
727;724;341
727;730;186
728;726;365
729;725;178
729;730;177
729;732;178
730;727;186
730;729;177
731;732;207
731;735;199
732;729;178
732;731;207
732;733;101
733;732;101
734;737;234
735;731;199
735;738;166
736;737;158
736;739;116
736;740;149
737;734;234
737;736;158
737;738;210
738;735;166
738;737;210
739;736;116
740;736;149
740;742;246
741;742;188
742;740;246
742;741;188
742;744;368
742;745;352
742;746;193
743;747;352
744;742;368
744;747;125
745;742;352
746;742;193
747;743;352
747;744;125
747;749;234
748;751;307
749;747;234
749;750;137
750;749;137
750;754;128
751;748;307
751;754;382
751;755;213
752;753;224
753;752;224
753;755;331
753;756;423
754;750;128
754;751;382
755;751;213
755;753;331
755;759;448
756;753;423
757;761;309
758;759;183
758;760;323
758;762;306
759;755;448
759;758;183
760;758;323
761;757;309
761;763;263
761;764;277
762;758;306
762;766;188
763;761;263
763;766;249
763;767;265
764;761;277
765;767;215
766;762;188
766;763;249
766;768;239
767;763;265
767;765;215
767;770;267
768;766;239
769;771;177
770;767;267
770;771;302
771;769;177
771;770;302
771;773;241
771;775;319
772;776;222
773;771;241
774;778;268
775;771;319
775;777;219
776;772;222
776;778;194
776;779;172
777;775;219
777;778;167
777;781;336
778;774;268
778;776;194
778;777;167
779;776;172
780;783;181
781;777;336
781;785;128
782;786;197
783;780;181
783;786;220
784;785;144
784;786;129
785;781;128
785;784;144
785;787;251
786;782;197
786;783;220
786;784;129
786;788;225
787;785;251
788;786;225
788;789;163
789;788;163
789;790;257
789;791;337
790;789;257
791;789;337
791;795;117
792;793;341
792;795;190
792;796;249
793;792;341
794;795;190
795;791;117
795;792;190
795;794;190
795;798;213
796;792;249
796;797;410
797;796;410
798;795;213
798;802;372
799;802;292
800;802;244
801;804;179
802;798;372
802;799;292
802;800;244
802;804;147
802;806;238
803;807;131
804;801;179
804;802;147
805;806;380
805;807;195
806;802;238
806;805;380
807;803;131
807;805;195
807;809;111
807;811;340
808;809;190
808;810;280
809;807;111
809;808;190
809;813;292
810;808;280
811;807;340
812;813;327
812;816;411
813;809;292
813;812;327
813;814;149
813;817;162
814;813;149
814;818;348
815;819;299
816;812;411
817;813;162
818;814;348
818;819;343
819;815;299
819;818;343
819;822;177
820;821;299
821;820;299
821;823;362
822;819;177
822;823;146
822;826;104
823;821;362
823;822;146
823;824;221
823;825;157
824;823;221
824;828;144
825;823;157
826;822;104
826;827;258
827;826;258
828;824;144
828;830;125
829;831;245
829;832;237
830;828;125
830;832;303
830;834;257
831;829;245
831;833;228
832;829;237
832;830;303
833;831;228
833;835;173
834;830;257
834;836;385
835;833;173
836;834;385
836;837;198
836;840;437
837;836;198
837;838;519
837;841;330
838;837;519
838;839;597
839;838;597
840;836;437
840;844;335
841;837;330
842;844;273
842;845;133
843;845;245
844;840;335
844;842;273
844;846;259
845;842;133
845;843;245
845;848;179
846;844;259
847;851;115
848;845;179
848;849;244
848;850;147
849;848;244
849;851;268
850;848;147
851;847;115
851;849;268
851;853;373
851;855;341
852;855;269
853;851;373
853;856;188
854;855;198
855;851;341
855;852;269
855;854;198
855;859;233
856;853;188
857;858;178
857;861;102
858;857;178
858;860;298
859;855;233
859;860;124
859;862;142
860;858;298
860;859;124
861;857;102
862;859;142
862;863;208
862;865;204
863;862;208
863;867;117
864;866;102
865;862;204
865;869;260
866;864;102
866;869;241
867;863;117
868;869;208
868;870;313
868;871;244
869;865;260
869;866;241
869;868;208
870;868;313
870;872;110
871;868;244
871;875;507
872;870;110
873;875;160
874;876;363
874;878;210
875;871;507
875;873;160
875;879;407
876;874;363
877;878;202
877;879;220
877;880;190
878;874;210
878;877;202
879;875;407
879;877;220
879;881;196
880;877;190
880;882;389
881;879;196
882;880;389
882;883;119
882;884;138
883;882;119
883;885;153
883;887;104
884;882;138
884;886;328
885;883;153
886;884;328
886;888;204
887;883;104
887;891;152
888;886;204
889;891;170
890;891;236
891;887;152
891;889;170
891;890;236
891;893;130
892;894;219
892;896;138
893;891;130
893;895;148
894;892;219
895;893;148
895;896;211
895;898;380
896;892;138
896;895;211
897;900;107
898;895;380
898;901;317
899;900;339
900;897;107
900;899;339
900;901;251
901;898;317
901;900;251
901;902;166
901;904;174
902;901;166
903;905;144
903;906;158
903;907;411
904;901;174
904;906;127
905;903;144
906;903;158
906;904;127
907;903;411
907;910;129
908;911;178
909;911;181
910;907;129
910;913;269
911;908;178
911;909;181
911;914;194
912;913;153
912;914;172
913;910;269
913;912;153
913;916;119
914;911;194
914;912;172
915;917;292
915;919;190
916;913;119
916;920;311
917;915;292
917;918;155
917;921;105
918;917;155
919;915;190
920;916;311
920;921;123
921;917;105
921;920;123
921;922;214
922;921;214
922;926;316
923;925;359
923;926;199
924;928;283
925;923;359
925;927;172
926;922;316
926;923;199
926;930;377
927;925;172
928;924;283
928;932;396
929;933;231
930;926;377
930;933;342
931;933;247
932;928;396
932;935;145
933;929;231
933;930;342
933;931;247
933;934;118
933;935;187
933;936;326
934;933;118
934;938;328
935;932;145
935;933;187
936;933;326
937;939;367
937;940;333
938;934;328
938;941;144
939;937;367
939;941;116
940;937;333
940;944;204
941;938;144
941;939;116
942;946;268
943;944;215
944;940;204
944;943;215
944;945;182
944;946;200
945;944;182
946;942;268
946;944;200
946;949;185
947;948;123
948;947;123
948;950;177
949;946;185
949;953;153
950;948;177
950;951;215
950;953;178
951;950;215
952;954;113
953;949;153
953;950;178
953;957;393
954;952;113
954;955;222
955;954;222
955;958;123
955;959;109
956;959;140
957;953;393
957;959;148
957;961;202
958;955;123
959;955;109
959;956;140
959;957;148
960;961;172
961;957;202
961;960;172
961;964;136
962;963;116
963;962;116
963;966;240
964;961;136
964;966;104
965;969;462
966;963;240
966;964;104
966;967;180
966;968;206
967;966;180
967;969;139
968;966;206
969;965;462
969;967;139
969;973;249
970;974;240
971;973;135
972;976;302
973;969;249
973;971;135
973;974;201
973;976;107
974;970;240
974;973;201
974;975;125
975;974;125
976;972;302
976;973;107
976;978;154
976;980;235
977;979;135
978;976;154
978;979;206
979;977;135
979;978;206
980;976;235
980;982;304
981;982;328
981;984;233
982;980;304
982;981;328
982;986;370
983;985;223
983;987;357
984;981;233
985;983;223
986;982;370
986;987;186
986;990;105
987;983;357
987;986;186
987;988;286
988;987;286
988;989;149
989;988;149
990;986;105
990;992;346
991;992;199
992;990;346
992;991;199
992;995;131
993;994;567
994;993;567
994;995;112
994;996;104
995;992;131
995;994;112
995;997;238
996;994;104
996;999;107
997;995;238
998;999;204
998;1002;172
999;996;107
999;998;204
999;1001;264
1000;1001;128
1001;999;264
1001;1000;128
1002;998;172
1002;1006;204
1003;1004;325
1004;1003;325
1004;1006;183
1004;1007;140
1005;1006;146
1005;1009;230
1006;1002;204
1006;1004;183
1006;1005;146
1006;1010;182
1007;1004;140
1008;1012;152
1009;1005;230
1009;1013;105
1010;1006;182
1010;1012;148
1011;1013;203
1012;1008;152
1012;1010;148
1012;1014;144
1013;1009;105
1013;1011;203
1013;1015;228
1014;1012;144
1015;1013;228
1015;1016;187
1015;1018;368
1016;1015;187
1017;1019;354
1018;1015;368
1018;1019;299
1019;1017;354
1019;1018;299
1019;1022;154
1019;1023;263
1020;1023;160
1021;1022;164
1022;1019;154
1022;1021;164
1022;1026;259
1023;1019;263
1023;1020;160
1024;1027;219
1025;1026;184
1026;1022;259
1026;1025;184
1026;1028;108
1027;1024;219
1027;1029;200
1028;1026;108
1028;1031;250
1029;1027;200
1029;1031;291
1030;1031;107
1030;1032;189
1030;1034;221
1031;1028;250
1031;1029;291
1031;1030;107
1032;1030;189
1033;1035;292
1033;1036;248
1034;1030;221
1034;1036;194
1034;1038;319
1035;1033;292
1035;1039;218
1036;1033;248
1036;1034;194
1036;1037;189
1037;1036;189
1037;1041;335
1038;1034;319
1039;1035;218
1039;1042;335
1040;1042;275
1040;1043;136
1040;1044;160
1041;1037;335
1041;1045;245
1042;1039;335
1042;1040;275
1043;1040;136
1044;1040;160
1044;1046;106
1044;1047;219
1045;1041;245
1045;1049;106
1046;1044;106
1047;1044;219
1048;1049;139
1048;1051;308
1049;1045;106
1049;1048;139
1049;1050;145
1050;1049;145
1050;1052;183
1051;1048;308
1051;1053;120
1051;1054;128
1052;1050;183
1053;1051;120
1053;1056;109
1053;1057;245
1054;1051;128
1055;1056;159
1055;1059;109
1056;1053;109
1056;1055;159
1056;1060;137
1057;1053;245
1057;1058;180
1058;1057;180
1058;1061;252
1059;1055;109
1060;1056;137
1060;1062;135
1060;1063;198
1061;1058;252
1062;1060;135
1062;1064;169
1063;1060;198
1063;1065;187
1064;1062;169
1064;1066;307
1065;1063;187
1065;1067;207
1066;1064;307
1066;1070;137
1067;1065;207
1067;1069;220
1068;1071;228
1068;1072;381
1069;1067;220
1070;1066;137
1070;1071;318
1071;1068;228
1071;1070;318
1071;1074;213
1072;1068;381
1072;1076;351
1073;1074;313
1073;1075;182
1074;1071;213
1074;1073;313
1075;1073;182
1076;1072;351
1076;1077;374
1076;1078;151
1077;1076;374
1078;1076;151
1078;1079;325
1079;1078;325
1079;1080;288
1080;1079;288
1080;1082;382
1081;1084;246
1082;1080;382
1082;1083;444
1083;1082;444
1083;1085;126
1083;1086;197
1083;1087;128
1084;1081;246
1084;1088;118
1085;1083;126
1086;1083;197
1087;1083;128
1087;1089;172
1088;1084;118
1088;1090;305
1089;1087;172
1089;1091;171
1090;1088;305
1090;1092;142
1091;1089;171
1091;1092;175
1091;1093;161
1092;1090;142
1092;1091;175
1093;1091;161
1093;1094;119
1093;1095;128
1094;1093;119
1094;1096;117
1095;1093;128
1096;1094;117
1096;1097;178
1096;1098;216
1097;1096;178
1097;1101;189
1098;1096;216
1098;1099;310
1098;1100;221
1098;1102;305
1099;1098;310
1100;1098;221
1100;1103;213
1101;1097;189
1101;1104;299
1102;1098;305
1103;1100;213
1104;1101;299
1104;1105;444
1105;1104;444
1105;1106;441
1105;1107;418
1106;1105;441
1107;1105;418
1107;1109;274
1107;1111;348
1108;1110;341
1108;1111;308
1109;1107;274
1110;1108;341
1110;1113;161
1111;1107;348
1111;1108;308
1111;1114;309
1112;1113;120
1113;1110;161
1113;1112;120
1114;1111;309
1114;1115;140
1114;1116;345
1115;1114;140
1115;1117;199
1115;1118;102
1115;1119;441
1116;1114;345
1117;1115;199
1118;1115;102
1119;1115;441
1119;1122;124
1120;1121;300
1120;1122;284
1121;1120;300
1122;1119;124
1122;1120;284
1122;1123;254
1122;1126;353
1123;1122;254
1123;1127;165
1124;1125;168
1125;1124;168
1125;1127;161
1126;1122;353
1126;1130;226
1127;1123;165
1127;1125;161
1127;1128;259
1128;1127;259
1128;1132;303
1129;1130;251
1129;1131;120
1130;1126;226
1130;1129;251
1130;1133;128
1131;1129;120
1132;1128;303
1132;1134;268
1133;1130;128
1134;1132;268
1134;1137;145
1134;1138;344
1135;1138;123
1136;1138;237
1136;1139;378
1137;1134;145
1138;1134;344
1138;1135;123
1138;1136;237
1139;1136;378
1139;1140;192
1139;1141;203
1140;1139;192
1141;1139;203
1141;1143;191
1141;1145;154
1142;1144;209
1142;1146;192
1143;1141;191
1144;1142;209
1144;1145;274
1145;1141;154
1145;1144;274
1145;1149;196
1146;1142;192
1146;1147;172
1147;1146;172
1147;1150;221
1148;1149;243
1149;1145;196
1149;1148;243
1149;1151;178
1150;1147;221
1151;1149;178
1151;1152;325
1151;1155;263
1152;1151;325
1153;1155;158
1154;1155;234
1155;1151;263
1155;1153;158
1155;1154;234
1155;1158;269
1156;1157;161
1156;1158;164
1156;1160;179
1157;1156;161
1157;1159;206
1158;1155;269
1158;1156;164
1158;1162;296
1159;1157;206
1160;1156;179
1161;1163;205
1162;1158;296
1162;1165;171
1163;1161;205
1163;1166;248
1164;1165;303
1165;1162;171
1165;1164;303
1165;1168;107
1166;1163;248
1166;1167;230
1166;1169;210
1167;1166;230
1168;1165;107
1168;1170;177
1169;1166;210
1169;1173;162
1170;1168;177
1170;1173;269
1171;1172;294
1171;1173;214
1172;1171;294
1172;1176;217
1173;1169;162
1173;1170;269
1173;1171;214
1174;1175;415
1175;1174;415
1175;1178;202
1176;1172;217
1176;1178;381
1176;1180;366
1177;1179;248
1177;1181;474
1178;1175;202
1178;1176;381
1178;1179;245
1179;1177;248
1179;1178;245
1179;1182;167
1180;1176;366
1180;1184;466
1181;1177;474
1181;1183;161
1181;1185;235
1182;1179;167
1183;1181;161
1184;1180;466
1185;1181;235
1185;1187;360
1186;1187;134
1187;1185;360
1187;1186;134
1187;1189;538
1188;1192;297
1189;1187;538
1189;1193;244
1190;1191;239
1190;1194;260
1191;1190;239
1191;1193;145
1192;1188;297
1192;1195;235
1193;1189;244
1193;1191;145
1194;1190;260
1194;1196;259
1195;1192;235
1195;1197;145
1196;1194;259
1196;1197;260
1196;1200;277
1197;1195;145
1197;1196;260
1197;1198;180
1198;1197;180
1199;1200;190
1200;1196;277
1200;1199;190
1200;1204;238
1201;1204;357
1201;1205;333
1202;1206;107
1203;1205;498
1204;1200;238
1204;1201;357
1204;1206;415
1205;1201;333
1205;1203;498
1205;1207;324
1206;1202;107
1206;1204;415
1207;1205;324
1207;1210;103
1207;1211;220
1208;1212;280
1209;1212;257
1210;1207;103
1211;1207;220
1211;1214;230
1212;1208;280
1212;1209;257
1212;1216;183
1213;1216;253
1214;1211;230
1214;1216;187
1214;1218;141
1215;1217;169
1216;1212;183
1216;1213;253
1216;1214;187
1217;1215;169
1217;1221;172
1218;1214;141
1218;1222;232
1219;1223;177
1220;1222;124
1221;1217;172
1221;1225;104
1222;1218;232
1222;1220;124
1222;1223;156
1222;1224;189
1222;1226;253
1223;1219;177
1223;1222;156
1223;1227;166
1224;1222;189
1224;1225;129
1225;1221;104
1225;1224;129
1225;1228;186
1226;1222;253
1227;1223;166
1227;1229;120
1227;1231;139
1228;1225;186
1229;1227;120
1229;1233;143
1230;1232;255
1230;1234;175
1231;1227;139
1231;1234;168
1231;1235;231
1232;1230;255
1233;1229;143
1234;1230;175
1234;1231;168
1235;1231;231
1235;1238;213
1236;1238;339
1237;1239;124
1237;1240;222
1238;1235;213
1238;1236;339
1238;1240;138
1239;1237;124
1240;1237;222
1240;1238;138
1240;1242;366
1241;1243;313
1242;1240;366
1242;1244;262
1242;1246;206
1243;1241;313
1243;1246;284
1244;1242;262
1244;1248;406
1245;1246;213
1246;1242;206
1246;1243;284
1246;1245;213
1247;1248;396
1247;1249;114
1247;1250;195
1248;1244;406
1248;1247;396
1249;1247;114
1250;1247;195
1250;1251;171
1251;1250;171
1251;1253;337
1252;1253;133
1252;1255;142
1252;1256;301
1253;1251;337
1253;1252;133
1254;1257;164
1254;1258;129
1255;1252;142
1255;1258;162
1256;1252;301
1257;1254;164
1257;1260;345
1258;1254;129
1258;1255;162
1259;1261;141
1260;1257;345
1260;1264;367
1261;1259;141
1261;1262;112
1262;1261;112
1262;1264;276
1263;1264;342
1264;1260;367
1264;1262;276
1264;1263;342
1264;1266;208
1265;1269;325
1266;1264;208
1266;1269;223
1267;1268;269
1267;1269;192
1268;1267;269
1268;1270;225
1269;1265;325
1269;1266;223
1269;1267;192
1270;1268;225
1270;1274;344
1271;1273;317
1272;1276;182
1273;1271;317
1273;1277;213
1274;1270;344
1274;1275;463
1274;1276;128
1275;1274;463
1276;1272;182
1276;1274;128
1276;1277;302
1277;1273;213
1277;1276;302
1277;1278;149
1278;1277;149
1278;1279;271
1278;1281;326
1279;1278;271
1280;1281;189
1280;1283;239
1280;1284;337
1281;1278;326
1281;1280;189
1282;1286;391
1283;1280;239
1284;1280;337
1284;1285;189
1284;1286;122
1284;1287;168
1285;1284;189
1285;1289;127
1286;1282;391
1286;1284;122
1287;1284;168
1287;1290;220
1287;1291;178
1288;1289;163
1289;1285;127
1289;1288;163
1290;1287;220
1290;1294;353
1291;1287;178
1291;1292;157
1291;1293;148
1292;1291;157
1293;1291;148
1294;1290;353
1294;1297;153
1294;1298;222
1295;1296;284
1296;1295;284
1296;1298;215
1297;1294;153
1298;1294;222
1298;1296;215
1298;1302;230
1299;1303;318
1300;1301;125
1301;1300;125
1301;1304;337
1302;1298;230
1302;1304;178
1302;1305;325
1303;1299;318
1303;1305;384
1304;1301;337
1304;1302;178
1305;1302;325
1305;1303;384
1305;1307;238
1306;1309;174
1307;1305;238
1307;1308;160
1307;1309;121
1308;1307;160
1308;1310;176
1308;1311;243
1309;1306;174
1309;1307;121
1309;1313;201
1310;1308;176
1311;1308;243
1311;1314;269
1311;1315;107
1312;1315;158
1313;1309;201
1313;1316;156
1314;1311;269
1315;1311;107
1315;1312;158
1315;1317;284
1315;1318;104
1316;1313;156
1317;1315;284
1318;1315;104
1318;1319;284
1318;1321;243
1318;1322;198
1319;1318;284
1320;1322;157
1320;1324;168
1321;1318;243
1321;1323;609
1322;1318;198
1322;1320;157
1322;1325;193
1323;1321;609
1324;1320;168
1325;1322;193
1325;1329;209
1326;1329;330
1327;1331;482
1328;1329;161
1328;1331;170
1328;1332;144
1329;1325;209
1329;1326;330
1329;1328;161
1329;1330;170
1329;1333;253
1330;1329;170
1330;1334;191
1331;1327;482
1331;1328;170
1332;1328;144
1333;1329;253
1333;1335;191
1333;1336;238
1334;1330;191
1335;1333;191
1335;1337;263
1335;1338;178
1336;1333;238
1336;1339;498
1336;1340;202
1337;1335;263
1338;1335;178
1338;1341;481
1339;1336;498
1340;1336;202
1340;1342;406
1340;1343;369
1341;1338;481
1342;1340;406
1342;1345;473
1343;1340;369
1344;1345;106
1345;1342;473
1345;1344;106
1345;1349;238
1346;1347;145
1346;1348;383
1346;1350;244
1347;1346;145
1347;1351;142
1348;1346;383
1349;1345;238
1349;1352;235
1350;1346;244
1351;1347;142
1351;1354;112
1352;1349;235
1352;1354;239
1352;1356;228
1353;1354;121
1353;1357;224
1354;1351;112
1354;1352;239
1354;1353;121
1355;1356;121
1356;1352;228
1356;1355;121
1357;1353;224
1357;1358;203
1357;1359;254
1358;1357;203
1358;1360;165
1359;1357;254
1360;1358;165
1360;1361;296
1361;1360;296
1361;1363;280
1362;1365;158
1363;1361;280
1363;1367;336
1364;1368;163
1365;1362;158
1365;1367;342
1366;1367;253
1367;1363;336
1367;1365;342
1367;1366;253
1367;1369;104
1368;1364;163
1368;1372;126
1369;1367;104
1369;1373;144
1370;1373;143
1370;1374;254
1371;1374;131
1372;1368;126
1372;1374;183
1372;1376;142
1373;1369;144
1373;1370;143
1374;1370;254
1374;1371;131
1374;1372;183
1375;1376;202
1375;1379;260
1376;1372;142
1376;1375;202
1377;1379;131
1377;1380;282
1378;1379;302
1379;1375;260
1379;1377;131
1379;1378;302
1379;1381;294
1380;1377;282
1380;1383;215
1381;1379;294
1382;1383;349
1383;1380;215
1383;1382;349
1383;1384;320
1384;1383;320
1384;1385;192
1384;1386;467
1385;1384;192
1386;1384;467
1386;1388;311
1387;1389;400
1388;1386;311
1388;1392;275
1389;1387;400
1389;1391;167
1389;1392;135
1390;1391;460
1391;1389;167
1391;1390;460
1392;1388;275
1392;1389;135
1392;1393;211
1392;1396;211
1393;1392;211
1393;1395;200
1393;1397;528
1394;1396;165
1395;1393;200
1395;1398;158
1396;1392;211
1396;1394;165
1396;1399;215
1397;1393;528
1398;1395;158
1398;1400;276
1398;1401;258
1398;1402;154
1399;1396;215
1400;1398;276
1401;1398;258
1401;1403;143
1402;1398;154
1402;1404;319
1403;1401;143
1404;1402;319
1404;1405;179
1404;1407;268
1405;1404;179
1405;1409;307
1406;1409;234
1407;1404;268
1408;1409;244
1408;1410;167
1408;1411;138
1409;1405;307
1409;1406;234
1409;1408;244
1409;1413;191
1410;1408;167
1410;1412;149
1410;1414;163
1411;1408;138
1412;1410;149
1413;1409;191
1414;1410;163
1414;1415;141
1415;1414;141
1415;1418;228
1416;1417;440
1416;1420;501
1417;1416;440
1417;1418;293
1417;1421;104
1418;1415;228
1418;1417;293
1419;1423;548
1420;1416;501
1421;1417;104
1421;1424;318
1422;1424;351
1422;1426;442
1423;1419;548
1423;1427;394
1424;1421;318
1424;1422;351
1425;1428;180
1426;1422;442
1426;1430;434
1427;1423;394
1427;1428;229
1427;1431;110
1428;1425;180
1428;1427;229
1428;1432;107
1429;1433;399
1430;1426;434
1430;1433;100
1431;1427;110
1431;1433;163
1431;1435;304
1432;1428;107
1432;1434;163
1433;1429;399
1433;1430;100
1433;1431;163
1434;1432;163
1434;1436;153
1435;1431;304
1435;1438;271
1435;1439;107
1436;1434;153
1437;1439;400
1438;1435;271
1439;1435;107
1439;1437;400
1439;1442;217
1439;1443;297
1440;1442;110
1441;1445;143
1442;1439;217
1442;1440;110
1442;1446;139
1443;1439;297
1444;1445;109
1444;1447;331
1445;1441;143
1445;1444;109
1445;1446;141
1446;1442;139
1446;1445;141
1446;1448;205
1447;1444;331
1448;1446;205
1448;1452;153
1449;1450;342
1449;1451;436
1450;1449;342
1450;1454;267
1451;1449;436
1452;1448;153
1452;1456;261
1453;1455;227
1454;1450;267
1454;1456;245
1455;1453;227
1455;1457;151
1455;1458;130
1456;1452;261
1456;1454;245
1456;1458;199
1457;1455;151
1457;1459;131
1458;1455;130
1458;1456;199
1459;1457;131
1459;1461;101
1460;1461;165
1461;1459;101
1461;1460;165
1461;1464;168
1461;1465;200
1462;1463;117
1463;1462;117
1463;1465;104
1463;1466;353
1463;1467;304
1464;1461;168
1465;1461;200
1465;1463;104
1465;1469;238
1466;1463;353
1467;1463;304
1467;1471;327
1468;1471;123
1469;1465;238
1470;1473;144
1471;1467;327
1471;1468;123
1471;1475;153
1472;1474;291
1472;1475;314
1473;1470;144
1473;1474;203
1474;1472;291
1474;1473;203
1475;1471;153
1475;1472;314
1475;1478;362
1476;1480;439
1477;1480;346
1477;1481;275
1478;1475;362
1478;1481;468
1479;1481;265
1480;1476;439
1480;1477;346
1481;1477;275
1481;1478;468
1481;1479;265
1481;1484;144
1482;1483;259
1482;1484;179
1482;1485;130
1483;1482;259
1483;1487;145
1484;1481;144
1484;1482;179
1485;1482;130
1485;1488;381
1486;1490;435
1487;1483;145
1488;1485;381
1488;1490;367
1488;1491;109
1489;1492;216
1490;1486;435
1490;1488;367
1491;1488;109
1491;1495;185
1492;1489;216
1492;1493;146
1493;1492;146
1493;1495;198
1493;1496;191
1493;1497;215
1494;1496;304
1495;1491;185
1495;1493;198
1495;1499;107
1496;1493;191
1496;1494;304
1497;1493;215
1497;1500;485
1498;1501;406
1499;1495;107
1499;1502;164
1499;1503;102
1500;1497;485
1501;1498;406
1501;1505;176
1502;1499;164
1503;1499;102
1503;1507;250
1504;1505;469
1504;1506;175
1505;1501;176
1505;1504;469
1505;1507;275
1506;1504;175
1506;1510;469
1507;1503;250
1507;1505;275
1508;1510;243
1508;1511;399
1509;1510;146
1510;1506;469
1510;1508;243
1510;1509;146
1510;1512;274
1510;1513;368
1511;1508;399
1511;1514;354
1512;1510;274
1512;1516;386
1513;1510;368
1514;1511;354
1514;1518;263
1515;1516;322
1515;1517;127
1516;1512;386
1516;1515;322
1517;1515;127
1517;1520;326
1518;1514;263
1518;1521;198
1519;1520;246
1520;1517;326
1520;1519;246
1520;1523;375
1521;1518;198
1522;1523;334
1522;1524;215
1523;1520;375
1523;1522;334
1524;1522;215
1524;1527;219
1525;1529;132
1526;1527;232
1526;1529;139
1527;1524;219
1527;1526;232
1527;1528;205
1528;1527;205
1528;1531;112
1529;1525;132
1529;1526;139
1529;1532;278
1530;1531;107
1531;1528;112
1531;1530;107
1531;1535;237
1532;1529;278
1533;1536;137
1534;1535;109
1534;1536;172
1535;1531;237
1535;1534;109
1535;1537;177
1536;1533;137
1536;1534;172
1536;1538;152
1536;1539;323
1537;1535;177
1538;1536;152
1538;1540;239
1539;1536;323
1540;1538;239
1540;1544;324
1541;1544;589
1542;1543;131
1543;1542;131
1543;1547;196
1544;1540;324
1544;1541;589
1544;1547;144
1544;1548;147
1545;1547;156
1545;1549;111
1546;1548;318
1547;1543;196
1547;1544;144
1547;1545;156
1548;1544;147
1548;1546;318
1548;1552;176
1549;1545;111
1549;1550;220
1550;1549;220
1550;1551;350
1551;1550;350
1551;1555;263
1552;1548;176
1553;1554;222
1553;1557;278
1554;1553;222
1555;1551;263
1555;1556;213
1555;1558;353
1556;1555;213
1556;1559;117
1557;1553;278
1557;1561;216
1558;1555;353
1559;1556;117
1559;1560;236
1559;1561;207
1560;1559;236
1560;1564;111
1561;1557;216
1561;1559;207
1561;1562;200
1562;1561;200
1562;1563;136
1563;1562;136
1563;1567;264
1564;1560;111
1565;1568;209
1565;1569;200
1566;1567;102
1566;1569;283
1567;1563;264
1567;1566;102
1568;1565;209
1569;1565;200
1569;1566;283
1569;1572;178
1570;1571;120
1570;1572;123
1571;1570;120
1571;1574;367
1571;1575;146
1572;1569;178
1572;1570;123
1572;1576;415
1573;1574;314
1573;1577;395
1574;1571;367
1574;1573;314
1575;1571;146
1575;1578;288
1576;1572;415
1576;1579;357
1577;1573;395
1578;1575;288
1579;1576;357
1579;1580;690
1580;1579;690
1580;1581;157
1580;1583;203
1580;1584;354
1581;1580;157
1582;1585;111
1582;1586;184
1583;1580;203
1584;1580;354
1584;1588;321
1585;1582;111
1586;1582;184
1586;1588;173
1586;1589;146
1587;1590;220
