0;2;177
0;4;231
1;2;151
1;5;371
2;0;177
2;1;151
3;4;173
4;0;231
4;3;173
4;6;265
5;1;371
5;8;332
6;4;265
6;7;130
7;6;130
8;5;332
8;12;142
9;12;171
10;11;242
11;10;242
11;14;130
12;8;142
12;9;171
12;16;378
13;14;294
13;17;368
14;11;130
14;13;294
15;16;255
15;19;141
16;12;378
16;15;255
17;13;368
17;18;367
17;19;114
18;17;367
19;15;141
19;17;114
19;22;124
20;21;189
21;20;189
21;23;159
22;19;124
22;25;379
23;21;159
23;27;143
24;25;200
24;27;130
24;28;303
25;22;379
25;24;200
26;27;275
27;23;143
27;24;130
27;26;275
27;29;416
28;24;303
29;27;416
29;33;183
30;34;163
31;35;163
32;33;189
32;34;116
33;29;183
33;32;189
34;30;163
34;32;116
34;35;155
34;37;115
35;31;163
35;34;155
36;38;248
37;34;115
37;39;113
38;36;248
38;41;438
39;37;113
39;43;252
40;41;166
40;42;225
40;43;167
41;38;438
41;40;166
41;44;175
42;40;225
43;39;252
43;40;167
43;45;162
44;41;175
44;47;146
44;48;259
45;43;162
45;46;202
46;45;202
46;49;387
46;50;234
47;44;146
47;51;137
48;44;259
49;46;387
50;46;234
50;53;148
50;54;208
51;47;137
52;54;400
53;50;148
53;56;239
54;50;208
54;52;400
54;55;316
55;54;316
55;57;407
56;53;239
56;58;174
56;60;509
57;55;407
58;56;174
58;59;151
59;58;151
60;56;509
60;61;111
61;60;111
61;62;227
61;63;182
62;61;227
62;66;287
63;61;182
64;67;126
65;68;148
65;69;126
66;62;287
66;67;233
66;69;182
66;70;147
67;64;126
67;66;233
68;65;148
69;65;126
69;66;182
69;72;141
70;66;147
70;74;101
71;73;146
71;75;314
72;69;141
73;71;146
73;77;287
74;70;101
74;77;217
75;71;314
75;79;197
76;78;135
76;79;258
77;73;287
77;74;217
78;76;135
78;82;155
79;75;197
79;76;258
80;82;257
80;84;101
81;82;388
82;78;155
82;80;257
82;81;388
82;86;288
83;87;244
84;80;101
85;88;344
86;82;288
86;90;213
87;83;244
87;90;172
88;85;344
88;90;245
88;92;134
89;93;275
90;86;213
90;87;172
90;88;245
90;94;221
91;94;266
92;88;134
92;95;172
93;89;275
93;94;154
93;96;324
94;90;221
94;91;266
94;93;154
95;92;172
95;97;371
96;93;324
96;98;373
96;99;347
97;95;371
98;96;373
99;96;347
99;100;139
100;99;139
100;103;152
101;103;579
102;105;239
103;100;152
103;101;579
103;104;107
103;106;234
103;107;149
104;103;107
105;102;239
105;108;363
106;103;234
107;103;149
107;108;288
107;110;258
108;105;363
108;107;288
109;111;213
110;107;258
110;112;173
111;109;213
111;112;104
111;113;296
112;110;173
112;111;104
112;115;296
113;111;296
114;117;150
114;118;142
115;112;296
115;118;191
116;118;270
117;114;150
117;120;286
118;114;142
118;115;191
118;116;270
118;121;362
119;122;234
120;117;286
121;118;362
121;122;343
122;119;234
122;121;343
122;125;273
123;127;242
124;125;263
125;122;273
125;124;263
125;127;136
125;128;153
126;127;370
126;130;408
127;123;242
127;125;136
127;126;370
128;125;153
128;131;285
129;132;246
130;126;408
131;128;285
131;135;142
132;129;246
132;133;222
132;134;255
133;132;222
133;136;194
134;132;255
134;138;310
135;131;142
135;136;122
136;133;194
136;135;122
137;139;125
138;134;310
138;140;469
138;141;201
139;137;125
139;141;225
139;142;105
139;143;468
140;138;469
141;138;201
141;139;225
142;139;105
143;139;468
143;147;430
144;145;335
145;144;335
145;146;173
145;149;178
146;145;173
146;147;431
146;148;206
147;143;430
147;146;431
148;146;206
149;145;178
149;153;273
150;152;304
151;153;114
152;150;304
152;154;127
152;155;303
152;156;174
153;149;273
153;151;114
153;156;183
153;157;178
154;152;127
155;152;303
156;152;174
156;153;183
156;158;293
157;153;178
158;156;293
158;159;253
158;162;245
159;158;253
160;161;364
160;162;227
161;160;364
162;158;245
162;160;227
162;165;178
163;167;161
164;167;166
164;168;179
165;162;178
165;166;215
166;165;215
166;169;134
167;163;161
167;164;166
167;170;129
167;171;241
168;164;179
169;166;134
169;172;125
169;173;239
170;167;129
170;172;124
171;167;241
172;169;125
172;170;124
172;175;135
172;176;232
173;169;239
174;175;187
174;177;195
175;172;135
175;174;187
175;178;419
176;172;232
177;174;195
177;179;134
178;175;419
179;177;134
179;181;250
179;182;143
180;184;534
181;179;250
181;183;316
181;185;293
182;179;143
183;181;316
183;187;115
184;180;534
184;187;245
184;188;253
185;181;293
186;190;117
187;183;115
187;184;245
188;184;253
188;189;330
189;188;330
189;191;257
190;186;117
190;191;109
191;189;257
191;190;109
191;192;249
192;191;249
192;193;129
192;194;331
193;192;129
194;192;331
194;197;228
195;197;460
195;199;382
196;198;168
197;194;228
197;195;460
197;198;370
198;196;168
198;197;370
199;195;382
199;201;153
200;201;345
201;199;153
201;200;345
201;204;214
202;203;279
203;202;279
203;204;214
203;206;126
204;201;214
204;203;214
205;207;309
205;208;205
206;203;126
206;208;119
207;205;309
207;211;283
208;205;205
208;206;119
208;209;230
209;208;230
210;214;188
211;207;283
211;213;137
212;215;249
213;211;137
213;217;209
214;210;188
214;216;201
214;217;126
215;212;249
215;217;140
216;214;201
216;220;200
217;213;209
217;214;126
217;215;140
218;222;189
219;220;203
220;216;200
220;219;203
220;222;251
220;223;146
221;223;416
222;218;189
222;220;251
222;224;224
222;226;126
223;220;146
223;221;416
224;222;224
224;227;221
225;227;238
226;222;126
226;230;110
227;224;221
227;225;238
227;231;141
228;232;149
229;232;336
230;226;110
230;234;128
231;227;141
231;235;206
232;228;149
232;229;336
232;234;149
233;237;199
234;230;128
234;232;149
235;231;206
235;239;255
236;237;191
236;239;237
237;233;199
237;236;191
237;238;282
237;240;237
238;237;282
238;241;239
239;235;255
239;236;237
239;242;244
240;237;237
241;238;239
241;243;283
241;244;200
241;245;267
242;239;244
243;241;283
244;241;200
244;246;210
245;241;267
246;244;210
246;247;186
247;246;186
247;248;238
247;250;197
248;247;238
249;250;201
250;247;197
250;249;201
250;251;230
251;250;230
251;254;276
251;255;102
252;255;188
252;256;224
253;256;292
254;251;276
255;251;102
255;252;188
256;252;224
256;253;292
256;258;221
256;260;373
257;258;155
257;259;270
258;256;221
258;257;155
258;261;391
259;257;270
259;262;248
260;256;373
260;263;390
261;258;391
262;259;248
263;260;390
263;267;430
264;265;230
264;266;174
264;267;213
264;268;280
265;264;230
266;264;174
267;263;430
267;264;213
268;264;280
268;271;292
269;273;187
270;273;215
271;268;292
271;272;208
271;275;150
272;271;208
272;274;240
273;269;187
273;270;215
273;275;124
274;272;240
274;276;240
274;278;429
275;271;150
275;273;124
275;277;158
276;274;240
276;280;505
277;275;158
277;281;449
278;274;429
279;282;218
280;276;505
281;277;449
281;285;136
282;279;218
282;285;121
282;286;143
283;286;166
283;287;167
284;288;105
285;281;136
285;282;121
285;288;120
285;289;184
286;282;143
286;283;166
287;283;167
287;290;105
288;284;105
288;285;120
289;285;184
289;291;358
290;287;105
291;289;358
291;294;136
292;295;487
292;296;160
293;296;128
294;291;136
294;298;331
295;292;487
296;292;160
296;293;128
296;300;130
297;299;398
298;294;331
298;301;222
299;297;398
299;300;134
299;302;278
300;296;130
300;299;134
300;304;196
301;298;222
301;304;195
302;299;278
302;305;113
303;305;219
304;300;196
304;301;195
305;302;113
305;303;219
305;306;337
306;305;337
306;310;159
307;310;134
308;309;118
309;308;118
309;310;234
310;306;159
310;307;134
310;309;234
310;311;207
310;314;184
311;310;207
312;313;176
312;314;231
313;312;176
313;316;220
313;317;204
314;310;184
314;312;231
315;317;116
316;313;220
316;319;138
317;313;204
317;315;116
317;318;122
318;317;122
318;321;109
319;316;138
320;324;104
321;318;109
321;322;162
321;323;220
321;324;183
322;321;162
322;325;290
323;321;220
323;326;172
323;327;322
324;320;104
324;321;183
325;322;290
325;328;120
326;323;172
326;329;240
327;323;322
328;325;120
328;331;160
328;332;392
329;326;240
330;331;132
331;328;160
331;330;132
332;328;392
332;333;234
333;332;234
333;334;276
334;333;276
334;338;349
335;339;189
336;337;324
337;336;324
337;339;372
337;341;249
338;334;349
338;342;293
339;335;189
339;337;372
340;341;319
341;337;249
341;340;319
341;343;182
342;338;293
342;343;358
343;341;182
343;342;358
343;344;265
344;343;265
344;346;123
344;348;113
345;346;277
346;344;123
346;345;277
346;347;156
347;346;156
348;344;113
348;351;442
349;351;119
350;354;241
351;348;442
351;349;119
351;354;239
352;353;288
353;352;288
353;354;201
353;355;247
353;356;178
354;350;241
354;351;239
354;353;201
355;353;247
355;357;215
356;353;178
356;360;490
357;355;215
357;361;143
358;361;416
359;362;108
360;356;490
360;362;486
361;357;143
361;358;416
361;363;240
362;359;108
362;360;486
363;361;240
363;366;519
364;367;129
365;369;175
366;363;519
366;367;220
366;369;228
366;370;192
367;364;129
367;366;220
368;372;184
369;365;175
369;366;228
370;366;192
370;374;248
371;372;102
372;368;184
372;371;102
372;374;155
373;374;195
373;376;224
373;377;345
374;370;248
374;372;155
374;373;195
375;377;147
375;378;318
375;379;287
376;373;224
377;373;345
377;375;147
378;375;318
378;380;208
379;375;287
380;378;208
380;384;499
381;382;267
382;381;267
382;386;313
383;386;201
383;387;104
384;380;499
384;385;198
384;388;176
385;384;198
385;387;150
386;382;313
386;383;201
387;383;104
387;385;150
387;391;132
388;384;176
389;391;143
390;392;322
390;393;125
391;387;132
391;389;143
391;394;124
392;390;322
393;390;125
393;396;185
394;391;124
394;395;112
395;394;112
395;396;109
395;399;419
396;393;185
396;395;109
396;398;320
397;398;127
398;396;320
398;397;127
399;395;419
399;402;170
399;403;150
400;402;160
400;404;236
401;402;262
402;399;170
402;400;160
402;401;262
403;399;150
404;400;236
404;405;182
405;404;182
405;406;137
405;408;127
406;405;137
406;407;412
407;406;412
408;405;127
408;410;286
408;411;404
409;412;361
410;408;286
410;414;101
411;408;404
412;409;361
412;414;255
412;415;581
412;416;193
413;417;408
414;410;101
414;412;255
414;417;178
414;418;260
415;412;581
416;412;193
416;420;260
417;413;408
417;414;178
417;421;200
418;414;260
418;422;236
419;420;263
420;416;260
420;419;263
420;423;239
421;417;200
422;418;236
422;426;134
423;420;239
424;425;142
424;426;165
425;424;142
426;422;134
426;424;165
426;430;280
427;429;186
427;430;318
428;432;274
429;427;186
430;426;280
430;427;318
430;432;323
431;433;377
432;428;274
432;430;323
432;435;423
433;431;377
433;434;376
434;433;376
434;435;153
434;438;173
435;432;423
435;434;153
435;436;443
436;435;443
437;439;352
437;440;321
438;434;173
438;440;126
439;437;352
439;442;158
439;443;334
440;437;321
440;438;126
440;441;318
441;440;318
442;439;158
442;444;209
443;439;334
443;446;219
443;447;269
444;442;209
445;447;300
446;443;219
446;449;318
447;443;269
447;445;300
448;451;435
449;446;318
449;452;355
450;452;273
450;454;336
451;448;435
451;455;364
452;449;355
452;450;273
453;456;165
454;450;336
454;458;132
455;451;364
455;457;203
456;453;165
456;460;294
457;455;203
457;458;132
457;459;213
458;454;132
458;457;132
459;457;213
459;462;212
460;456;294
460;463;197
461;463;199
461;464;101
462;459;212
462;463;127
462;465;138
463;460;197
463;461;199
463;462;127
464;461;101
464;467;383
465;462;138
466;468;403
467;464;383
467;469;400
468;466;403
468;472;209
469;467;400
469;471;158
470;472;519
471;469;158
471;475;248
472;468;209
472;470;519
472;474;224
473;476;281
474;472;224
474;476;121
475;471;248
475;476;214
475;477;184
476;473;281
476;474;121
476;475;214
476;480;243
477;475;184
477;479;232
478;482;242
479;477;232
479;481;185
480;476;243
481;479;185
481;483;161
482;478;242
482;485;164
483;481;161
483;487;162
484;486;313
485;482;164
485;488;177
486;484;313
486;489;302
487;483;162
487;488;165
487;490;132
488;485;177
488;487;165
489;486;302
489;493;337
490;487;132
490;491;197
491;490;197
491;493;139
492;493;220
492;494;159
493;489;337
493;491;139
493;492;220
493;495;119
493;496;235
494;492;159
495;493;119
495;498;112
496;493;235
496;499;229
497;501;335
498;495;112
499;496;229
499;502;198
500;502;148
501;497;335
501;502;250
502;499;198
502;500;148
502;501;250
502;503;163
502;506;285
503;502;163
503;507;279
504;506;344
504;508;351
505;507;283
506;502;285
506;504;344
506;510;324
507;503;279
507;505;283
507;509;441
508;504;351
508;512;239
509;507;441
510;506;324
511;514;152
512;508;239
512;516;356
513;517;371
514;511;152
514;516;326
515;517;303
516;512;356
516;514;326
516;517;205
517;513;371
517;515;303
517;516;205
517;520;387
518;520;313
518;522;116
519;520;107
519;523;557
520;517;387
520;518;313
520;519;107
521;524;621
522;518;116
523;519;557
523;525;140
524;521;621
524;528;473
525;523;140
525;528;157
526;528;287
526;530;186
527;531;280
528;524;473
528;525;157
528;526;287
529;531;211
529;533;197
530;526;186
530;531;307
531;527;280
531;529;211
531;530;307
532;533;131
532;534;181
532;535;157
533;529;197
533;532;131
533;537;236
534;532;181
535;532;157
536;537;183
536;540;107
537;533;236
537;536;183
538;540;117
539;540;323
540;536;107
540;538;117
540;539;323
540;541;113
541;540;113
541;542;206
541;543;219
541;544;362
542;541;206
543;541;219
543;545;128
544;541;362
544;547;436
545;543;128
545;546;158
546;545;158
546;549;335
546;550;299
547;544;436
548;550;291
548;552;350
549;546;335
550;546;299
550;548;291
551;552;396
551;555;404
552;548;350
552;551;396
552;556;196
553;554;171
554;553;171
554;558;118
555;551;404
556;552;196
556;557;155
557;556;155
557;561;161
558;554;118
558;559;365
559;558;365
559;560;132
560;559;132
560;562;154
561;557;161
561;562;106
561;564;255
562;560;154
562;561;106
563;566;180
564;561;255
564;565;437
564;566;244
564;567;349
565;564;437
566;563;180
566;564;244
566;568;410
567;564;349
568;566;410
568;569;221
568;570;160
569;568;221
570;568;160
570;572;212
570;573;170
571;572;115
571;574;422
571;575;164
572;570;212
572;571;115
573;570;170
574;571;422
574;578;452
575;571;164
576;577;411
576;579;255
577;576;411
578;574;452
578;582;375
579;576;255
579;581;155
580;583;286
581;579;155
581;582;102
582;578;375
582;581;102
582;585;184
583;580;286
583;584;270
584;583;270
584;587;328
585;582;184
585;587;387
585;588;203
586;587;243
587;584;328
587;585;387
587;586;243
588;585;203
588;590;259
589;593;242
590;588;259
590;591;100
590;593;209
591;590;100
592;593;177
592;595;267
593;589;242
593;590;209
593;592;177
593;596;288
593;597;461
594;595;164
594;598;191
595;592;267
595;594;164
596;593;288
597;593;461
598;594;191
598;601;238
599;602;289
599;603;109
600;603;241
601;598;238
601;605;203
602;599;289
602;604;256
603;599;109
603;600;241
604;602;256
604;605;241
604;606;218
605;601;203
605;604;241
605;607;191
605;608;333
606;604;218
606;610;267
607;605;191
608;605;333
609;612;485
610;606;267
610;611;119
610;614;168
611;610;119
611;615;394
612;609;485
612;614;117
613;617;200
614;610;168
614;612;117
615;611;394
615;618;157
616;618;262
617;613;200
617;618;197
617;620;242
618;615;157
618;616;262
618;617;197
618;619;186
619;618;186
620;617;242
620;621;359
620;622;133
620;623;112
621;620;359
622;620;133
623;620;112
623;627;107
624;627;159
625;629;120
626;627;110
626;629;148
627;623;107
627;624;159
627;626;110
627;631;411
628;632;181
629;625;120
629;626;148
629;633;134
630;632;211
631;627;411
632;628;181
632;630;211
632;633;130
633;629;134
633;632;130
633;634;107
633;635;217
634;633;107
634;638;145
635;633;217
636;638;111
637;639;320
638;634;145
638;636;111
638;639;115
638;640;319
639;637;320
639;638;115
640;638;319
640;644;356
641;645;142
642;643;272
643;642;272
643;646;296
643;647;380
644;640;356
644;646;123
645;641;142
645;648;270
646;643;296
646;644;123
647;643;380
647;650;109
648;645;270
648;651;220
649;652;150
650;647;109
650;651;314
651;648;220
651;650;314
651;653;328
651;654;164
652;649;150
652;654;320
653;651;328
653;655;300
653;656;364
654;651;164
654;652;320
654;657;142
655;653;300
656;653;364
657;654;142
657;659;322
657;660;338
657;661;105
658;662;288
659;657;322
659;663;206
660;657;338
660;662;215
661;657;105
661;664;132
662;658;288
662;660;215
662;666;412
663;659;206
664;661;132
665;666;347
665;668;349
666;662;412
666;665;347
667;670;272
667;671;287
668;665;349
668;669;310
669;668;310
669;672;285
670;667;272
671;667;287
671;672;154
672;669;285
672;671;154
672;676;274
673;674;408
674;673;408
674;675;158
674;676;215
675;674;158
675;677;158
675;679;268
676;672;274
676;674;215
676;678;514
677;675;158
678;676;514
678;681;109
679;675;268
679;680;343
680;679;343
680;683;327
681;678;109
682;684;134
683;680;327
683;684;213
684;682;134
684;683;213
684;685;392
685;684;392
685;686;234
685;687;241
685;689;413
686;685;234
687;685;241
688;692;176
689;685;413
689;691;384
690;693;285
691;689;384
691;695;483
692;688;176
692;693;369
693;690;285
693;692;369
693;696;160
694;695;294
694;698;100
695;691;483
695;694;294
696;693;160
696;699;366
697;699;208
698;694;100
698;701;265
698;702;228
699;696;366
699;697;208
699;702;253
699;703;290
700;704;133
701;698;265
701;704;149
702;698;228
702;699;253
703;699;290
704;700;133
704;701;149
704;707;155
705;706;276
705;707;142
706;705;276
707;704;155
707;705;142
707;708;176
707;711;234
708;707;176
708;709;295
709;708;295
709;710;206
710;709;206
711;707;234
711;715;180
712;714;420
712;716;158
713;716;203
714;712;420
714;718;477
715;711;180
715;716;209
716;712;158
716;713;203
716;715;209
717;721;236
718;714;477
718;719;133
718;721;103
719;718;133
719;723;181
720;724;242
721;717;236
721;718;103
721;722;127
721;725;243
722;721;127
723;719;181
724;720;242
724;726;235
725;721;243
725;726;183
725;727;172
726;724;235
726;725;183
727;725;172
727;729;252
728;729;453
728;730;130
728;732;148
729;727;252
729;728;453
730;728;130
730;733;194
731;734;131
732;728;148
732;735;254
733;730;194
733;737;276
734;731;131
734;736;295
734;737;214
735;732;254
736;734;295
737;733;276
737;734;214
737;741;216
738;739;238
739;738;238
739;741;169
739;743;223
740;742;415
741;737;216
741;739;169
741;744;109
741;745;362
742;740;415
742;746;167
743;739;223
744;741;109
744;747;237
745;741;362
745;746;105
746;742;167
746;745;105
747;744;237
747;748;191
748;747;191
748;750;143
748;751;202
749;753;108
750;748;143
750;753;145
751;748;202
751;752;211
751;754;218
752;751;211
753;749;108
753;750;145
753;755;262
753;756;125
753;757;122
754;751;218
754;758;145
755;753;262
756;753;125
757;753;122
757;760;111
757;761;240
758;754;145
758;762;172
759;761;506
760;757;111
761;757;240
761;759;506
762;758;172
762;765;136
763;767;415
764;766;345
765;762;136
765;769;128
766;764;345
766;767;103
766;769;185
766;770;123
767;763;415
767;766;103
768;770;146
769;765;128
769;766;185
769;773;217
770;766;123
770;768;146
771;773;101
772;773;124
773;769;217
773;771;101
773;772;124
773;776;227
773;777;135
774;775;191
775;774;191
775;776;193
776;773;227
776;775;193
776;779;127
777;773;135
777;778;106
778;777;106
779;776;127
779;782;391
780;784;135
781;784;381
782;779;391
782;785;157
782;786;195
783;785;162
784;780;135
784;781;381
784;786;115
785;782;157
785;783;162
786;782;195
786;784;115
786;789;207
786;790;200
787;788;294
788;787;294
788;792;185
789;786;207
789;791;232
790;786;200
790;794;135
791;789;232
792;788;185
792;793;256
792;795;354
793;792;256
793;797;183
794;790;135
794;798;256
795;792;354
795;796;511
796;795;511
797;793;183
797;798;178
797;800;134
798;794;256
798;797;178
799;803;216
800;797;134
800;803;319
801;802;220
801;805;188
802;801;220
803;799;216
803;800;319
803;804;286
804;803;286
804;807;198
805;801;188
805;806;152
805;807;226
805;809;353
806;805;152
806;808;105
807;804;198
807;805;226
808;806;105
809;805;353
809;810;217
810;809;217
810;811;145
810;812;222
811;810;145
811;814;151
811;815;277
812;810;222
813;816;190
813;817;510
814;811;151
814;816;272
815;811;277
815;818;222
816;813;190
816;814;272
817;813;510
817;819;378
818;815;222
819;817;378
819;820;231
820;819;231
820;821;104
820;824;123
821;820;104
822;824;159
823;824;150
823;825;179
823;826;330
823;827;341
824;820;123
824;822;159
824;823;150
825;823;179
826;823;330
827;823;341
827;830;251
828;829;391
828;830;280
829;828;391
829;831;247
830;827;251
830;828;280
831;829;247
831;834;206
831;835;347
832;833;205
832;834;150
833;832;205
833;837;430
834;831;206
834;832;150
835;831;347
836;837;331
836;839;151
837;833;430
837;836;331
838;839;235
839;836;151
839;838;235
839;843;193
840;843;103
841;843;264
842;843;177
842;846;323
843;839;193
843;840;103
843;841;264
843;842;177
843;845;187
844;847;337
845;843;187
845;848;227
846;842;323
847;844;337
847;848;236
848;845;227
848;847;236
848;849;163
849;848;163
849;852;195
850;851;264
851;850;264
851;852;193
852;849;195
852;851;193
852;853;266
852;856;103
853;852;266
854;858;141
855;858;400
856;852;103
856;857;243
856;859;225
857;856;243
858;854;141
858;855;400
858;859;211
858;860;130
859;856;225
859;858;211
859;861;323
860;858;130
860;862;317
861;859;323
861;863;176
862;860;317
862;864;268
863;861;176
863;866;128
864;862;268
865;869;132
866;863;128
866;870;297
867;869;255
867;870;267
868;871;309
869;865;132
869;867;255
869;873;269
870;866;297
870;867;267
870;871;204
871;868;309
871;870;204
871;872;401
872;871;401
873;869;269
873;877;262
874;878;280
875;877;112
875;879;153
876;880;188
877;873;262
877;875;112
878;874;280
878;881;290
879;875;153
879;881;228
879;883;113
880;876;188
880;881;295
881;878;290
881;879;228
881;880;295
881;882;200
882;881;200
883;879;113
883;885;286
884;886;343
885;883;286
885;886;259
885;887;161
885;888;150
886;884;343
886;885;259
887;885;161
887;891;434
888;885;150
889;892;503
890;891;111
890;892;300
891;887;434
891;890;111
892;889;503
892;890;300
892;893;251
893;892;251
893;894;134
893;896;181
893;897;207
894;893;134
895;897;110
896;893;181
896;898;172
897;893;207
897;895;110
897;899;215
898;896;172
899;897;215
899;902;251
900;902;189
900;903;195
900;904;226
901;905;282
902;899;251
902;900;189
902;905;163
903;900;195
903;906;162
904;900;226
905;901;282
905;902;163
905;908;110
906;903;162
906;909;261
907;911;382
908;905;110
908;911;135
909;906;261
910;911;235
910;914;347
911;907;382
911;908;135
911;910;235
911;913;161
912;916;306
913;911;161
913;915;211
914;910;347
914;916;225
915;913;211
916;912;306
916;914;225
916;919;184
917;918;150
917;919;162
918;917;150
919;916;184
919;917;162
919;920;379
919;922;114
920;919;379
920;921;372
921;920;372
922;919;114
922;924;315
923;924;405
923;925;236
924;922;315
924;923;405
925;923;236
925;926;195
926;925;195
926;927;203
927;926;203
927;930;108
928;931;166
929;932;259
929;933;246
930;927;108
930;931;205
931;928;166
931;930;205
931;932;250
932;929;259
932;931;250
933;929;246
933;935;240
933;936;199
934;936;183
935;933;240
935;939;286
936;933;199
936;934;183
937;939;114
938;939;400
939;935;286
939;937;114
939;938;400
939;940;152
939;943;150
940;939;152
940;941;574
941;940;574
942;943;226
942;946;294
943;939;150
943;942;226
943;944;174
943;947;308
944;943;174
944;948;213
945;949;144
946;942;294
947;943;308
948;944;213
948;952;242
949;945;144
949;952;244
950;951;153
950;952;194
950;953;100
951;950;153
952;948;242
952;949;244
952;950;194
953;950;100
953;954;343
954;953;343
954;956;277
955;956;268
955;959;235
956;954;277
956;955;268
956;958;382
957;960;239
957;961;275
958;956;382
959;955;235
959;963;132
960;957;239
960;963;219
961;957;275
962;963;272
963;959;132
963;960;219
963;962;272
963;964;239
963;967;155
964;963;239
965;966;220
966;965;220
966;969;128
967;963;155
967;970;106
968;970;298
969;966;128
969;973;113
970;967;106
970;968;298
970;973;130
971;973;151
972;975;187
972;976;300
973;969;113
973;970;130
973;971;151
973;975;374
973;977;166
974;975;362
975;972;187
975;973;374
975;974;362
976;972;300
977;973;166
977;981;215
978;981;240
979;980;318
979;982;255
980;979;318
980;981;284
981;977;215
981;978;240
981;980;284
982;979;255
982;984;240
982;986;139
983;985;113
984;982;240
985;983;113
985;987;293
986;982;139
986;989;133
986;990;131
987;985;293
987;989;291
988;989;407
989;986;133
989;987;291
989;988;407
989;991;172
989;992;207
989;993;145
990;986;131
991;989;172
992;989;207
992;995;102
993;989;145
993;994;331
993;996;115
993;997;297
994;993;331
995;992;102
996;993;115
996;999;179
997;993;297
998;999;101
998;1001;145
999;996;179
999;998;101
999;1002;242
1000;1003;206
1001;998;145
1001;1005;135
1002;999;242
1002;1003;185
1002;1006;195
1003;1000;206
1003;1002;185
1004;1006;119
1004;1008;106
1005;1001;135
1006;1002;195
1006;1004;119
1006;1010;102
1007;1008;194
1008;1004;106
1008;1007;194
1008;1009;151
1009;1008;151
1010;1006;102
1010;1011;259
1010;1012;266
1010;1014;115
1011;1010;259
1011;1013;381
1012;1010;266
1012;1016;164
1013;1011;381
1013;1017;505
1014;1010;115
1014;1015;237
1015;1014;237
1015;1018;189
1016;1012;164
1016;1020;303
1017;1013;505
1018;1015;189
1019;1021;233
1019;1022;186
1020;1016;303
1020;1021;177
1020;1024;362
1021;1019;233
1021;1020;177
1022;1019;186
1023;1025;203
1023;1027;216
1024;1020;362
1024;1028;381
1025;1023;203
1026;1029;286
1027;1023;216
1027;1028;205
1028;1024;381
1028;1027;205
1028;1029;136
1028;1031;137
1029;1026;286
1029;1028;136
1030;1034;302
1031;1028;137
1031;1033;133
1032;1033;489
1033;1031;133
1033;1032;489
1033;1035;320
1034;1030;302
1034;1035;172
1034;1038;393
1035;1033;320
1035;1034;172
1035;1039;256
1036;1037;359
1037;1036;359
1037;1038;135
1038;1034;393
1038;1037;135
1039;1035;256
1039;1040;197
1040;1039;197
1040;1043;374
1040;1044;129
1041;1045;153
1042;1044;181
1043;1040;374
1043;1046;104
1044;1040;129
1044;1042;181
1044;1047;111
1045;1041;153
1045;1047;175
1046;1043;104
1047;1044;111
1047;1045;175
1047;1048;131
1047;1050;314
1047;1051;163
1048;1047;131
1048;1052;318
1049;1052;264
1050;1047;314
1051;1047;163
1051;1055;197
1052;1048;318
1052;1049;264
1052;1054;108
1053;1056;182
1053;1057;220
1054;1052;108
1055;1051;197
1055;1059;238
1056;1053;182
1056;1060;234
1057;1053;220
1057;1061;132
1058;1060;311
1059;1055;238
1059;1061;208
1059;1063;368
1060;1056;234
1060;1058;311
1060;1064;241
1061;1057;132
1061;1059;208
1061;1062;181
1062;1061;181
1063;1059;368
1064;1060;241
1064;1067;323
1065;1067;284
1065;1068;183
1066;1069;449
1067;1064;323
1067;1065;284
1068;1065;183
1068;1071;116
1069;1066;449
1069;1070;106
1070;1069;106
1070;1071;116
1070;1074;157
1071;1068;116
1071;1070;116
1072;1075;223
1073;1076;175
1073;1077;202
1074;1070;157
1074;1076;132
1075;1072;223
1075;1077;143
1076;1073;175
1076;1074;132
1076;1080;149
1077;1073;202
1077;1075;143
1078;1079;207
1078;1080;149
1078;1081;149
1079;1078;207
1080;1076;149
1080;1078;149
1080;1082;222
1081;1078;149
1081;1085;191
1082;1080;222
1083;1084;130
1084;1083;130
1084;1086;132
1085;1081;191
1085;1086;201
1086;1084;132
1086;1085;201
1086;1090;145
1087;1088;312
1087;1090;264
1088;1087;312
1089;1092;105
1090;1086;145
1090;1087;264
1090;1092;107
1090;1093;327
1091;1093;167
1092;1089;105
1092;1090;107
1093;1090;327
1093;1091;167
1093;1097;151
1094;1098;292
1095;1097;242
1096;1098;114
1097;1093;151
1097;1095;242
1097;1098;151
1098;1094;292
1098;1096;114
1098;1097;151
1098;1099;212
1099;1098;212
1099;1101;319
1100;1101;295
1100;1103;330
1100;1104;133
1101;1099;319
1101;1100;295
1102;1104;244
1102;1105;464
1102;1106;363
1103;1100;330
1104;1100;133
1104;1102;244
1105;1102;464
1105;1108;251
1106;1102;363
1106;1107;398
1107;1106;398
1108;1105;251
1108;1112;140
1109;1110;107
1109;1113;333
1110;1109;107
1111;1113;155
1111;1114;214
1112;1108;140
1112;1116;358
1113;1109;333
1113;1111;155
1113;1117;340
1114;1111;214
1114;1115;232
1115;1114;232
1115;1119;304
1116;1112;358
1116;1117;120
1116;1118;143
1117;1113;340
1117;1116;120
1118;1116;143
1119;1115;304
1119;1122;166
1120;1121;372
1120;1122;201
1120;1124;269
1121;1120;372
1121;1123;268
1122;1119;166
1122;1120;201
1123;1121;268
1124;1120;269
1124;1128;105
1125;1126;127
1125;1128;103
1126;1125;127
1126;1129;177
1127;1129;225
1127;1130;296
1128;1124;105
1128;1125;103
1129;1126;177
1129;1127;225
1130;1127;296
1130;1133;425
1131;1133;125
1131;1134;349
1132;1133;337
1133;1130;425
1133;1131;125
1133;1132;337
1133;1135;136
1133;1136;173
1134;1131;349
1135;1133;136
1135;1137;169
1136;1133;173
1137;1135;169
1137;1141;250
1138;1142;273
1139;1141;114
1140;1142;134
1141;1137;250
1141;1139;114
1141;1142;118
1142;1138;273
1142;1140;134
1142;1141;118
1142;1146;126
1143;1145;270
1144;1147;148
1145;1143;270
1145;1146;126
1145;1148;167
1146;1142;126
1146;1145;126
1146;1147;409
1147;1144;148
1147;1146;409
1147;1149;355
1148;1145;167
1148;1152;302
1149;1147;355
1149;1151;546
1150;1152;203
1150;1153;278
1151;1149;546
1152;1148;302
1152;1150;203
1152;1154;161
1153;1150;278
1154;1152;161
1154;1158;226
1155;1156;132
1155;1157;277
1155;1158;184
1156;1155;132
1156;1159;363
1157;1155;277
1157;1161;101
1158;1154;226
1158;1155;184
1159;1156;363
1160;1161;422
1161;1157;101
1161;1160;422
1161;1164;346
1161;1165;294
1162;1164;397
1163;1167;227
1164;1161;346
1164;1162;397
1164;1167;130
1165;1161;294
1166;1169;375
1167;1163;227
1167;1164;130
1167;1170;145
1168;1171;309
1169;1166;375
1169;1172;216
1170;1167;145
1170;1174;277
1171;1168;309
1171;1172;143
1172;1169;216
1172;1171;143
1172;1175;147
1172;1176;172
1173;1177;218
1174;1170;277
1174;1177;303
1175;1172;147
1176;1172;172
1176;1179;252
1176;1180;232
1177;1173;218
1177;1174;303
1177;1178;172
1178;1177;172
1178;1180;104
1179;1176;252
1179;1181;153
1179;1183;179
1180;1176;232
1180;1178;104
1180;1182;155
1181;1179;153
1181;1185;235
1182;1180;155
1182;1184;287
1183;1179;179
1184;1182;287
1184;1186;168
1185;1181;235
1186;1184;168
1186;1189;124
1187;1190;350
1187;1191;152
1188;1191;113
1189;1186;124
1189;1193;261
1190;1187;350
1190;1192;204
1191;1187;152
1191;1188;113
1191;1193;124
1192;1190;204
1193;1189;261
1193;1191;124
1193;1194;260
1193;1195;338
1194;1193;260
1194;1196;119
1195;1193;338
1195;1197;167
1196;1194;119
1197;1195;167
1197;1200;210
1198;1199;224
1198;1200;129
1199;1198;224
1200;1197;210
1200;1198;129
1200;1203;156
1201;1202;387
1202;1201;387
1202;1205;215
1202;1206;106
1203;1200;156
1203;1207;209
1204;1206;233
1204;1208;186
1205;1202;215
1206;1202;106
1206;1204;233
1206;1207;247
1206;1209;165
1207;1203;209
1207;1206;247
1208;1204;186
1208;1212;284
1209;1206;165
1209;1210;269
1209;1211;181
1210;1209;269
1211;1209;181
1212;1208;284
1212;1213;195
1212;1214;145
1212;1216;281
1213;1212;195
1214;1212;145
1215;1216;132
1215;1218;324
1216;1212;281
1216;1215;132
1217;1218;253
1218;1215;324
1218;1217;253
1218;1221;161
1219;1223;179
1220;1222;391
1220;1224;149
1221;1218;161
1221;1222;221
1221;1223;204
1222;1220;391
1222;1221;221
1223;1219;179
1223;1221;204
1223;1226;328
1224;1220;149
1225;1226;256
1225;1227;108
1226;1223;328
1226;1225;256
1226;1228;138
1227;1225;108
1228;1226;138
1228;1230;155
1229;1232;399
1230;1228;155
1230;1232;175
1230;1234;115
1231;1234;118
1232;1229;399
1232;1230;175
1233;1234;184
1233;1237;215
1234;1230;115
1234;1231;118
1234;1233;184
1234;1236;139
1235;1238;202
1236;1234;139
1236;1239;264
1237;1233;215
1238;1235;202
1238;1239;120
1238;1242;106
1239;1236;264
1239;1238;120
1239;1240;145
1239;1241;149
1239;1243;195
1240;1239;145
1241;1239;149
1242;1238;106
1243;1239;195
1243;1246;120
1244;1247;338
1245;1246;110
1245;1247;135
1246;1243;120
1246;1245;110
1246;1248;172
1246;1249;189
1247;1244;338
1247;1245;135
1247;1250;319
1248;1246;172
1248;1251;188
1249;1246;189
1249;1253;299
1250;1247;319
1251;1248;188
1252;1253;174
1252;1254;140
1253;1249;299
1253;1252;174
1253;1257;204
1254;1252;140
1254;1258;242
1255;1258;179
1256;1260;285
1257;1253;204
1258;1254;242
1258;1255;179
1258;1260;187
1258;1261;405
1258;1262;177
1259;1261;202
1260;1256;285
1260;1258;187
1261;1258;405
1261;1259;202
1261;1263;187
1262;1258;177
1263;1261;187
1263;1264;164
1264;1263;164
1264;1265;232
1265;1264;232
1265;1269;123
1266;1267;324
1266;1269;139
1267;1266;324
1268;1272;104
1269;1265;123
1269;1266;139
1269;1273;276
1270;1274;112
1271;1272;204
1271;1273;176
1272;1268;104
1272;1271;204
1272;1275;185
1273;1269;276
1273;1271;176
1273;1276;149
1274;1270;112
1274;1277;195
1274;1278;127
1275;1272;185
1275;1278;102
1276;1273;149
1277;1274;195
1278;1274;127
1278;1275;102
1278;1279;282
1279;1278;282
1279;1283;255
1280;1281;122
1281;1280;122
1281;1284;157
1281;1285;117
1282;1285;134
1283;1279;255
1283;1284;199
1284;1281;157
1284;1283;199
1284;1288;136
1285;1281;117
1285;1282;134
1285;1287;189
1285;1289;398
1286;1287;279
1287;1285;189
1287;1286;279
1287;1290;141
1288;1284;136
1289;1285;398
1290;1287;141
1290;1294;695
1291;1293;145
1291;1294;307
1292;1295;335
1293;1291;145
1293;1297;102
1294;1290;695
1294;1291;307
1294;1295;229
1294;1296;159
1295;1292;335
1295;1294;229
1295;1298;367
1296;1294;159
1297;1293;102
1298;1295;367
1298;1299;413
1299;1298;413
1299;1302;285
1300;1301;284
1301;1300;284
1301;1302;208
1302;1299;285
1302;1301;208
1302;1306;337
1303;1305;406
1304;1306;406
1305;1303;406
1305;1308;248
1306;1302;337
1306;1304;406
1306;1309;206
1306;1310;190
1307;1308;577
1308;1305;248
1308;1307;577
1308;1311;353
1308;1312;281
1309;1306;206
1310;1306;190
1310;1313;199
1311;1308;353
1311;1314;277
1311;1315;288
1312;1308;281
1313;1310;199
1313;1315;184
1313;1317;148
1314;1311;277
1315;1311;288
1315;1313;184
1315;1316;225
1316;1315;225
1317;1313;148
1317;1321;299
1318;1320;233
1319;1322;205
1320;1318;233
1320;1321;197
1320;1322;228
1321;1317;299
1321;1320;197
1321;1323;189
1321;1325;244
1322;1319;205
1322;1320;228
1322;1326;277
1323;1321;189
1324;1325;194
1325;1321;244
1325;1324;194
1326;1322;277
1326;1328;223
1326;1329;355
1326;1330;154
1327;1328;159
1328;1326;223
1328;1327;159
1328;1331;259
1329;1326;355
1330;1326;154
1330;1334;280
1331;1328;259
1332;1336;145
1333;1336;218
1334;1330;280
1334;1336;275
1334;1337;221
1335;1337;169
1336;1332;145
1336;1333;218
1336;1334;275
1336;1340;113
1337;1334;221
1337;1335;169
1337;1339;128
1338;1339;238
1338;1341;279
1339;1337;128
1339;1338;238
1340;1336;113
1341;1338;279
1341;1343;173
1342;1344;196
1343;1341;173
1343;1344;174
1343;1346;115
1344;1342;196
1344;1343;174
1345;1346;407
1346;1343;115
1346;1345;407
1346;1347;229
1347;1346;229
1347;1348;237
1347;1351;263
1348;1347;237
1349;1350;249
1349;1351;143
1349;1353;139
1350;1349;249
1351;1347;263
1351;1349;143
1351;1354;342
1352;1353;378
1353;1349;139
1353;1352;378
1353;1355;242
1354;1351;342
1354;1357;444
1355;1353;242
1356;1357;227
1357;1354;444
1357;1356;227
1357;1360;373
1358;1359;361
1359;1358;361
1359;1361;378
1360;1357;373
1360;1361;144
1361;1359;378
1361;1360;144
1361;1363;156
1362;1366;183
1363;1361;156
1363;1366;285
1364;1366;200
1364;1367;100
1365;1366;212
1366;1362;183
1366;1363;285
1366;1364;200
1366;1365;212
1366;1368;169
1367;1364;100
1367;1369;440
1367;1370;175
1368;1366;169
1368;1372;150
1369;1367;440
1370;1367;175
1370;1371;342
1371;1370;342
1372;1368;150
1372;1373;188
1372;1376;218
1373;1372;188
1374;1376;154
1375;1376;119
1375;1377;224
1376;1372;218
1376;1374;154
1376;1375;119
1377;1375;224
1377;1380;581
1378;1380;102
1379;1382;331
1380;1377;581
1380;1378;102
1380;1381;135
1380;1382;189
1380;1383;196
1381;1380;135
1382;1379;331
1382;1380;189
1382;1386;128
1383;1380;196
1384;1387;221
1385;1386;214
1385;1388;314
1386;1382;128
1386;1385;214
1387;1384;221
1387;1391;253
1388;1385;314
1388;1389;168
1388;1392;169
1389;1388;168
1390;1392;234
1391;1387;253
1391;1392;174
1391;1394;249
1391;1395;382
1392;1388;169
1392;1390;234
1392;1391;174
1393;1394;168
1394;1391;249
1394;1393;168
1395;1391;382
1395;1397;183
1395;1399;154
1396;1400;143
1397;1395;183
1398;1400;265
1398;1401;294
1399;1395;154
1399;1400;243
1399;1403;161
1400;1396;143
1400;1398;265
1400;1399;243
1401;1398;294
1402;1403;249
1402;1405;108
1403;1399;161
1403;1402;249
1404;1405;280
1404;1407;354
1405;1402;108
1405;1404;280
1405;1406;346
1406;1405;346
1406;1409;346
1407;1404;354
1407;1410;366
1408;1409;269
1409;1406;346
1409;1408;269
1410;1407;366
1410;1413;246
1411;1412;280
1412;1411;280
1412;1414;131
1413;1410;246
1413;1415;192
1413;1417;219
1414;1412;131
1414;1415;154
1415;1413;192
1415;1414;154
1416;1419;354
1417;1413;219
1417;1418;266
1418;1417;266
1418;1420;192
1419;1416;354
1419;1420;244
1420;1418;192
1420;1419;244
1420;1421;264
1421;1420;264
1421;1422;207
1422;1421;207
1422;1424;236
1423;1425;243
1424;1422;236
1424;1425;130
1424;1428;113
1425;1423;243
1425;1424;130
1425;1427;120
1426;1428;269
1427;1425;120
1428;1424;113
1428;1426;269
1428;1429;144
1429;1428;144
1429;1433;163
1430;1433;216
1430;1434;285
1431;1432;205
1432;1431;205
1432;1433;178
1432;1435;141
1433;1429;163
1433;1430;216
1433;1432;178
1434;1430;285
1434;1437;598
1435;1432;141
1435;1439;100
1436;1438;360
1437;1434;598
1438;1436;360
1438;1439;293
1439;1435;100
1439;1438;293
1439;1440;563
1439;1443;109
1440;1439;563
1441;1443;101
1442;1443;146
1442;1445;176
1442;1446;368
1443;1439;109
1443;1441;101
1443;1442;146
1444;1448;193
1445;1442;176
1446;1442;368
1446;1447;378
1447;1446;378
1447;1450;118
1448;1444;193
1448;1449;117
1448;1451;315
1449;1448;117
1449;1453;286
1450;1447;118
1450;1452;212
1450;1454;252
1451;1448;315
1452;1450;212
1452;1453;144
1453;1449;286
1453;1452;144
1454;1450;252
1454;1455;171
1455;1454;171
1455;1457;605
1455;1459;343
1456;1458;282
1456;1459;232
1456;1460;328
1457;1455;605
1458;1456;282
1459;1455;343
1459;1456;232
1459;1461;340
1459;1462;113
1460;1456;328
1460;1463;130
1461;1459;340
1462;1459;113
1463;1460;130
1463;1466;201
1463;1467;155
1464;1465;122
1464;1467;296
1465;1464;122
1465;1468;192
1466;1463;201
1467;1463;155
1467;1464;296
1468;1465;192
1468;1470;310
1469;1473;309
1470;1468;310
1470;1472;384
1471;1472;266
1471;1473;117
1472;1470;384
1472;1471;266
1473;1469;309
1473;1471;117
1473;1474;246
1474;1473;246
1474;1475;252
1474;1476;222
1475;1474;252
1475;1477;118
1476;1474;222
1476;1478;221
1477;1475;118
1477;1479;131
1477;1480;327
1478;1476;221
1478;1482;103
1479;1477;131
1480;1477;327
1481;1485;471
1482;1478;103
1482;1483;283
1483;1482;283
1483;1486;123
1484;1487;210
1485;1481;471
1485;1488;158
1485;1489;227
1486;1483;123
1486;1488;128
1487;1484;210
1487;1489;178
1488;1485;158
1488;1486;128
1489;1485;227
1489;1487;178
1489;1490;206
1489;1492;109
1489;1493;259
1490;1489;206
1491;1492;266
1491;1494;204
1492;1489;109
1492;1491;266
1493;1489;259
1494;1491;204
1494;1498;125
1495;1496;213
1495;1499;216
1496;1495;213
1496;1500;149
1497;1498;275
1498;1494;125
1498;1497;275
1498;1501;160
1499;1495;216
1500;1496;149
1500;1501;206
1500;1502;103
1500;1503;237
1501;1498;160
1501;1500;206
1501;1504;104
1502;1500;103
1503;1500;237
1504;1501;104
1504;1505;161
1504;1507;267
1505;1504;161
1506;1510;177
1507;1504;267
1507;1508;341
1508;1507;341
1508;1511;260
1509;1511;335
1510;1506;177
1510;1513;336
1511;1508;260
1511;1509;335
1511;1512;120
1511;1513;328
1511;1515;163
1512;1511;120
1512;1514;245
1513;1510;336
1513;1511;328
1514;1512;245
1515;1511;163
1515;1518;369
1516;1517;325
1516;1518;211
1516;1520;377
1517;1516;325
1518;1515;369
1518;1516;211
1518;1521;309
1519;1522;724
1520;1516;377
1521;1518;309
1521;1522;423
1521;1524;172
1522;1519;724
1522;1521;423
1523;1527;223
1524;1521;172
1524;1528;273
1525;1527;163
1526;1527;246
1527;1523;223
1527;1525;163
1527;1526;246
1527;1531;378
1528;1524;273
1528;1530;196
1529;1531;289
1529;1533;206
1530;1528;196
1530;1534;257
1531;1527;378
1531;1529;289
1532;1536;420
1533;1529;206
1533;1536;147
1533;1537;110
1534;1530;257
1534;1537;147
1535;1536;106
1536;1532;420
1536;1533;147
1536;1535;106
1536;1539;228
1537;1533;110
1537;1534;147
1537;1540;250
1538;1539;266
1539;1536;228
1539;1538;266
1539;1541;335
1540;1537;250
1540;1543;335
1541;1539;335
1542;1544;168
1542;1545;238
1542;1546;333
1543;1540;335
1543;1544;347
1543;1547;102
1544;1542;168
1544;1543;347
1545;1542;238
1546;1542;333
1546;1548;127
1547;1543;102
1547;1551;136
1548;1546;127
1548;1552;263
1549;1553;351
1550;1552;399
1551;1547;136
1551;1554;154
1552;1548;263
1552;1550;399
1553;1549;351
1553;1554;292
1553;1557;326
1554;1551;154
1554;1553;292
1555;1559;123
1556;1559;333
1557;1553;326
1557;1559;229
1557;1560;270
1558;1562;183
1559;1555;123
1559;1556;333
1559;1557;229
1559;1562;231
1560;1557;270
1561;1562;163
1562;1558;183
1562;1559;231
1562;1561;163
1562;1566;341
1563;1564;353
1563;1566;186
1564;1563;353
1565;1567;432
1565;1568;209
1566;1562;341
1566;1563;186
1566;1569;159
1567;1565;432
1567;1569;262
1568;1565;209
1569;1566;159
1569;1567;262
1569;1571;377
1569;1573;226
1570;1574;426
1571;1569;377
1572;1574;156
1573;1569;226
1573;1574;384
1573;1575;146
1574;1570;426
1574;1572;156
1574;1573;384
1574;1576;328
1575;1573;146
1576;1574;328
1576;1577;125
1577;1576;125
1577;1580;211
1578;1579;125
1579;1578;125
1579;1580;165
1580;1577;211
1580;1579;165
1580;1581;205
1581;1580;205
1581;1582;222
1581;1583;181
1582;1581;222
1582;1585;205
1583;1581;181
1583;1584;178
1584;1583;178
1584;1587;206
1584;1588;319
1585;1582;205
1585;1586;169
