0;3;645
1;4;421
2;5;450
3;0;645
3;7;124
4;1;421
4;5;354
5;2;450
5;4;354
5;9;295
6;9;232
6;10;105
7;3;124
7;11;259
8;10;272
9;5;295
9;6;232
9;13;131
10;6;105
10;8;272
11;7;259
11;12;146
11;15;187
12;11;146
12;14;210
13;9;131
13;16;307
13;17;281
14;12;210
14;17;187
15;11;187
15;19;178
16;13;307
17;13;281
17;14;187
17;21;331
18;20;143
18;21;241
19;15;178
20;18;143
20;24;286
21;17;331
21;18;241
21;25;166
22;26;246
23;25;225
24;20;286
24;26;140
25;21;166
25;23;225
26;22;246
26;24;140
26;27;169
26;30;169
27;26;169
27;28;183
28;27;183
28;32;131
29;32;121
30;26;169
30;31;151
30;33;197
31;30;151
31;34;116
32;28;131
32;29;121
32;36;240
33;30;197
33;35;102
34;31;116
34;38;291
35;33;102
36;32;240
37;38;247
37;40;127
38;34;291
38;37;247
38;39;349
39;38;349
39;41;158
40;37;127
41;39;158
41;45;165
42;43;171
43;42;171
43;45;231
44;46;297
44;47;176
45;41;165
45;43;231
45;47;228
45;48;245
46;44;297
47;44;176
47;45;228
48;45;245
48;52;205
49;52;340
49;53;274
50;52;258
51;52;250
52;48;205
52;49;340
52;50;258
52;51;250
52;54;199
53;49;274
53;56;251
54;52;199
55;57;348
55;58;184
56;53;251
56;58;334
57;55;348
58;55;184
58;56;334
58;62;236
59;61;158
59;63;311
60;63;246
61;59;158
62;58;236
62;66;326
63;59;311
63;60;246
63;64;532
63;67;333
64;63;532
65;67;145
66;62;326
66;67;220
67;63;333
67;65;145
67;66;220
67;69;266
67;71;242
68;69;212
69;67;266
69;68;212
70;73;409
71;67;242
71;72;250
71;74;231
72;71;250
73;70;409
73;77;285
74;71;231
74;75;399
74;78;108
75;74;399
76;78;316
76;79;302
77;73;285
77;78;294
77;80;254
78;74;108
78;76;316
78;77;294
79;76;302
79;81;277
80;77;254
80;84;180
81;79;277
81;85;360
82;84;203
83;86;415
84;80;180
84;82;203
84;87;384
85;81;360
86;83;415
86;88;326
87;84;384
87;88;212
88;86;326
88;87;212
88;90;150
88;92;170
89;90;282
90;88;150
90;89;282
90;93;421
91;93;126
91;95;138
92;88;170
93;90;421
93;91;126
93;94;153
94;93;153
95;91;138
95;96;261
96;95;261
96;97;205
96;100;165
97;96;205
98;100;515
99;100;245
100;96;165
100;98;515
100;99;245
100;102;235
100;103;107
101;105;282
102;100;235
102;105;319
103;100;107
103;104;100
104;103;100
104;106;156
104;108;175
105;101;282
105;102;319
106;104;156
107;110;277
108;104;175
108;110;186
108;111;162
108;112;510
109;111;117
110;107;277
110;108;186
111;108;162
111;109;117
111;113;215
112;108;510
113;111;215
113;117;285
114;118;297
115;116;227
115;118;147
116;115;227
117;113;285
117;118;241
118;114;297
118;115;147
118;117;241
118;120;331
119;120;131
119;121;243
120;118;331
120;119;131
120;122;205
120;124;356
121;119;243
122;120;205
123;125;326
124;120;356
124;127;196
125;123;326
125;128;264
126;127;106
126;130;160
127;124;196
127;126;106
127;128;111
128;125;264
128;127;111
129;130;136
130;126;160
130;129;136
130;131;193
130;132;415
130;133;247
131;130;193
132;130;415
133;130;247
133;134;230
133;136;190
134;133;230
134;135;349
135;134;349
136;133;190
136;137;104
137;136;104
137;141;160
138;140;176
138;142;153
139;142;137
140;138;176
140;141;184
141;137;160
141;140;184
142;138;153
142;139;137
142;144;209
143;146;305
144;142;209
144;145;251
144;148;224
145;144;251
146;143;305
146;147;316
146;150;159
147;146;316
148;144;224
148;150;218
149;150;376
149;152;408
150;146;159
150;148;218
150;149;376
150;151;335
150;154;353
151;150;335
152;149;408
152;155;263
153;156;218
154;150;353
155;152;263
155;158;489
156;153;218
156;157;240
157;156;240
157;158;182
158;155;489
158;157;182
158;160;302
158;162;103
159;163;200
160;158;302
161;164;272
162;158;103
162;164;265
163;159;200
163;164;265
163;166;108
164;161;272
164;162;265
164;163;265
164;165;253
165;164;253
166;163;108
166;169;265
166;170;164
167;168;254
167;170;157
168;167;254
169;166;265
170;166;164
170;167;157
170;171;169
171;170;169
171;172;533
172;171;533
172;174;183
172;175;153
173;174;187
174;172;183
174;173;187
175;172;153
175;178;144
175;179;218
176;178;159
176;180;118
177;180;125
178;175;144
178;176;159
179;175;218
179;183;322
180;176;118
180;177;125
180;181;159
181;180;159
182;183;134
183;179;322
183;182;134
183;184;349
183;185;127
183;186;233
184;183;349
185;183;127
186;183;233
186;187;104
187;186;104
187;189;128
187;190;158
187;191;380
188;192;359
189;187;128
190;187;158
190;192;213
191;187;380
191;193;227
191;194;304
192;188;359
192;190;213
193;191;227
194;191;304
194;196;115
195;197;132
195;199;135
196;194;115
196;197;163
196;198;193
197;195;132
197;196;163
198;196;193
198;201;239
199;195;135
200;202;247
200;203;147
200;204;160
201;198;239
201;203;228
201;205;335
202;200;247
203;200;147
203;201;228
204;200;160
205;201;335
205;207;107
206;207;314
206;209;457
207;205;107
207;206;314
207;211;139
208;211;181
209;206;457
210;213;153
211;207;139
211;208;181
211;212;331
211;213;122
212;211;331
212;214;263
212;216;241
213;210;153
213;211;122
214;212;263
215;216;339
216;212;241
216;215;339
216;220;264
217;219;166
217;220;234
218;221;194
219;217;166
220;216;264
220;217;234
220;221;224
220;222;204
221;218;194
221;220;224
221;223;122
222;220;204
223;221;122
223;224;156
223;226;201
224;223;156
224;227;262
225;229;327
226;223;201
226;229;160
227;224;262
227;230;234
228;230;222
229;225;327
229;226;160
230;227;234
230;228;222
230;232;258
231;232;114
231;234;235
232;230;258
232;231;114
232;236;188
233;236;195
234;231;235
234;238;108
235;238;351
235;239;260
236;232;188
236;233;195
237;239;542
238;234;108
238;235;351
238;240;350
239;235;260
239;237;542
240;238;350
240;242;317
240;243;294
240;244;182
241;243;161
242;240;317
243;240;294
243;241;161
244;240;182
244;245;182
245;244;182
245;248;344
245;249;354
246;248;233
247;251;243
248;245;344
248;246;233
248;252;249
249;245;354
249;250;333
249;253;179
250;249;333
250;254;221
251;247;243
251;253;428
252;248;249
253;249;179
253;251;428
254;250;221
254;256;143
254;257;150
255;258;326
256;254;143
256;259;214
257;254;150
257;258;100
258;255;326
258;257;100
258;261;153
259;256;214
259;262;199
260;264;292
261;258;153
261;263;220
262;259;199
262;266;111
263;261;220
263;265;230
264;260;292
264;265;271
264;268;170
265;263;230
265;264;271
266;262;111
266;267;199
267;266;199
267;269;275
267;271;217
268;264;170
269;267;275
269;270;264
270;269;264
271;267;217
271;274;351
272;274;269
272;275;278
273;275;198
274;271;351
274;272;269
274;277;304
275;272;278
275;273;198
275;279;183
276;278;244
277;274;304
278;276;244
278;279;456
279;275;183
279;278;456
279;282;452
280;281;305
280;282;174
280;283;202
281;280;305
281;284;313
282;279;452
282;280;174
283;280;202
284;281;313
284;287;276
285;287;212
286;288;113
287;284;276
287;285;212
287;289;344
288;286;113
288;290;254
289;287;344
289;290;200
289;293;355
290;288;254
290;289;200
290;292;306
291;293;368
291;295;379
292;290;306
293;289;355
293;291;368
293;294;146
293;297;217
294;293;146
295;291;379
295;299;167
296;297;360
297;293;217
297;296;360
298;301;461
299;295;167
299;300;262
300;299;262
300;301;143
301;298;461
301;300;143
301;304;109
302;303;122
302;304;396
303;302;122
303;305;137
304;301;109
304;302;396
304;306;174
305;303;137
305;307;173
306;304;174
306;308;215
307;305;173
307;310;365
308;306;215
309;311;285
310;307;365
310;311;102
311;309;285
311;310;102
311;312;263
311;313;205
312;311;263
312;314;594
313;311;205
313;316;385
314;312;594
315;317;274
315;318;236
316;313;385
316;318;223
317;315;274
318;315;236
318;316;223
318;320;109
319;320;244
320;318;109
320;319;244
320;321;175
321;320;175
321;323;419
322;326;353
323;321;419
323;326;102
324;325;109
325;324;109
325;329;282
326;322;353
326;323;102
326;327;391
327;326;391
327;331;380
328;332;157
329;325;282
329;330;357
329;333;295
330;329;357
331;327;380
331;332;173
331;333;145
332;328;157
332;331;173
332;334;227
332;336;189
333;329;295
333;331;145
334;332;227
335;337;215
336;332;189
336;338;202
336;339;239
337;335;215
337;339;298
338;336;202
339;336;239
339;337;298
339;340;142
340;339;142
340;344;156
341;344;134
342;344;328
342;345;245
343;344;167
343;347;124
344;340;156
344;341;134
344;342;328
344;343;167
344;346;300
345;342;245
346;344;300
346;350;230
347;343;124
348;350;102
349;352;315
350;346;230
350;348;102
350;353;258
351;353;159
352;349;315
352;354;192
353;350;258
353;351;159
353;355;226
354;352;192
354;357;191
355;353;226
355;356;168
355;357;150
355;359;188
356;355;168
357;354;191
357;355;150
357;361;180
358;360;234
359;355;188
360;358;234
360;362;181
360;363;299
361;357;180
361;364;171
361;365;226
362;360;181
362;366;114
363;360;299
364;361;171
364;367;225
364;368;205
365;361;226
365;369;267
366;362;114
366;369;213
367;364;225
368;364;205
368;370;102
368;372;336
369;365;267
369;366;213
369;373;322
370;368;102
371;374;164
372;368;336
372;374;242
373;369;322
373;375;318
374;371;164
374;372;242
374;376;126
375;373;318
376;374;126
376;378;222
377;378;126
377;379;132
378;376;222
378;377;126
378;380;193
379;377;132
379;382;206
379;383;248
380;378;193
380;381;147
381;380;147
381;384;154
382;379;206
383;379;248
383;386;148
384;381;154
385;386;163
386;383;148
386;385;163
386;389;259
387;388;218
387;391;173
388;387;218
388;389;207
389;386;259
389;388;207
389;392;209
390;391;122
391;387;173
391;390;122
392;389;209
392;393;140
392;394;386
393;392;140
393;395;265
393;397;147
394;392;386
395;393;265
396;398;416
396;399;290
397;393;147
397;400;265
398;396;416
398;400;150
398;402;136
399;396;290
400;397;265
400;398;150
400;401;138
401;400;138
401;403;301
401;405;231
402;398;136
403;401;301
404;405;303
405;401;231
405;404;303
405;409;426
406;409;120
407;408;152
408;407;152
408;410;276
408;412;292
409;405;426
409;406;120
409;411;280
409;413;402
410;408;276
411;409;280
411;412;223
412;408;292
412;411;223
413;409;402
413;414;401
414;413;401
414;416;237
415;416;181
415;419;106
416;414;237
416;415;181
416;417;481
417;416;481
418;420;432
419;415;106
419;420;232
419;423;235
420;418;432
420;419;232
420;421;171
421;420;171
422;424;315
423;419;235
423;424;253
423;425;280
423;427;180
424;422;315
424;423;253
425;423;280
426;430;387
427;423;180
427;428;374
427;431;298
428;427;374
428;429;234
428;430;315
429;428;234
430;426;387
430;428;315
431;427;298
431;435;394
432;434;428
432;436;404
433;436;321
433;437;334
434;432;428
435;431;394
435;437;179
436;432;404
436;433;321
436;439;125
437;433;334
437;435;179
437;438;342
438;437;342
439;436;125
439;443;366
440;441;202
441;440;202
441;444;127
442;444;124
442;445;148
442;446;228
443;439;366
443;445;411
444;441;127
444;442;124
445;442;148
445;443;411
446;442;228
446;448;136
446;449;421
446;450;168
447;449;201
448;446;136
449;446;421
449;447;201
450;446;168
450;452;158
451;453;182
452;450;158
452;454;114
452;455;207
452;456;255
453;451;182
453;455;378
454;452;114
455;452;207
455;453;378
455;459;105
456;452;255
457;458;183
458;457;183
458;461;215
459;455;105
459;462;103
460;462;156
461;458;215
461;462;117
462;459;103
462;460;156
462;461;117
462;465;210
463;466;432
464;466;156
464;467;133
465;462;210
465;467;188
466;463;432
466;464;156
466;470;178
467;464;133
467;465;188
467;471;284
468;470;359
469;472;223
470;466;178
470;468;359
471;467;284
471;473;277
471;474;196
472;469;223
472;473;276
473;471;277
473;472;276
474;471;196
474;475;126
475;474;126
475;476;269
476;475;269
476;478;165
477;481;329
478;476;165
478;480;272
479;481;394
480;478;272
480;483;245
481;477;329
481;479;394
481;482;238
482;481;238
482;483;138
483;480;245
483;482;138
483;486;168
484;486;262
485;489;131
486;483;168
486;484;262
486;488;289
487;488;199
487;490;267
488;486;289
488;487;199
488;489;143
488;491;259
489;485;131
489;488;143
490;487;267
490;493;269
491;488;259
492;494;258
493;490;269
493;496;248
493;497;400
494;492;258
494;498;147
495;499;268
496;493;248
496;499;117
497;493;400
498;494;147
498;499;270
498;500;192
498;502;129
499;495;268
499;496;117
499;498;270
500;498;192
500;503;308
501;505;234
502;498;129
502;506;238
503;500;308
503;507;123
504;508;293
505;501;234
505;508;228
506;502;238
506;508;163
506;510;170
507;503;123
508;504;293
508;505;228
508;506;163
509;512;422
510;506;170
510;511;421
510;514;211
511;510;421
511;512;297
512;509;422
512;511;297
513;516;259
514;510;211
514;516;282
514;518;343
515;517;158
515;518;302
516;513;259
516;514;282
517;515;158
518;514;343
518;515;302
518;520;210
519;523;152
520;518;210
520;523;115
521;523;238
522;524;307
522;525;164
523;519;152
523;520;115
523;521;238
523;525;224
524;522;307
525;522;164
525;523;224
525;526;194
526;525;194
526;529;327
527;528;280
528;527;280
528;532;135
529;526;327
529;530;339
530;529;339
530;531;296
531;530;296
531;532;166
531;533;389
532;528;135
532;531;166
533;531;389
533;534;176
534;533;176
534;535;103
534;536;548
535;534;103
536;534;548
536;537;281
537;536;281
537;538;266
537;540;133
538;537;266
538;541;359
539;541;232
540;537;133
541;538;359
541;539;232
541;544;287
542;543;604
543;542;604
543;544;291
543;547;185
544;541;287
544;543;291
544;548;260
545;547;188
546;548;173
547;543;185
547;545;188
547;551;108
548;544;260
548;546;173
548;550;290
549;552;125
550;548;290
551;547;108
551;552;100
551;553;141
552;549;125
552;551;100
552;555;338
553;551;141
554;555;162
554;556;103
555;552;338
555;554;162
556;554;103
556;559;351
557;558;456
558;557;456
558;559;132
558;560;111
559;556;351
559;558;132
559;563;147
560;558;111
560;562;104
560;564;433
561;563;226
561;565;375
562;560;104
562;566;529
563;559;147
563;561;226
564;560;433
565;561;375
565;568;357
566;562;529
567;569;343
568;565;357
568;569;328
568;572;152
569;567;343
569;568;328
570;573;233
571;575;238
572;568;152
572;576;215
573;570;233
573;574;162
573;576;146
574;573;162
574;575;174
575;571;238
575;574;174
575;579;127
576;572;215
576;573;146
576;578;350
577;580;165
578;576;350
579;575;127
579;582;172
580;577;165
580;582;175
581;583;490
581;585;403
582;579;172
582;580;175
582;584;116
582;585;155
583;581;490
584;582;116
585;581;403
585;582;155
585;587;179
585;588;264
586;588;381
587;585;179
587;589;201
587;590;164
588;585;264
588;586;381
589;587;201
589;591;297
590;587;164
590;593;180
591;589;297
592;593;377
593;590;180
593;592;377
593;596;290
594;595;262
594;596;259
594;597;145
595;594;262
596;593;290
596;594;259
597;594;145
597;600;158
598;600;263
599;600;224
599;603;149
600;597;158
600;598;263
600;599;224
600;602;402
601;604;303
602;600;402
603;599;149
603;605;279
603;606;160
603;607;186
604;601;303
604;607;252
605;603;279
606;603;160
606;610;158
607;603;186
607;604;252
607;608;126
608;607;126
608;609;171
609;608;171
610;606;158
610;611;211
610;613;240
611;610;211
611;614;114
612;613;284
612;615;348
613;610;240
613;612;284
614;611;114
615;612;348
615;617;272
616;619;107
617;615;272
617;619;246
617;621;265
618;619;156
618;622;110
619;616;107
619;617;246
619;618;156
619;620;450
619;623;217
620;619;450
621;617;265
621;624;437
622;618;110
623;619;217
623;625;225
624;621;437
624;628;265
625;623;225
626;628;173
627;628;190
628;624;265
628;626;173
628;627;190
628;630;281
629;631;172
629;632;267
630;628;281
630;633;218
631;629;172
631;633;334
632;629;267
632;635;139
633;630;218
633;631;334
633;636;179
634;636;304
635;632;139
636;633;179
636;634;304
636;640;391
637;638;262
638;637;262
638;640;101
638;642;227
639;643;244
640;636;391
640;638;101
641;645;366
642;638;227
642;646;241
643;639;244
643;644;179
644;643;179
644;647;264
644;648;105
645;641;366
645;646;534
646;642;241
646;645;534
646;647;220
647;644;264
647;646;220
648;644;105
648;649;173
648;650;180
648;652;302
649;648;173
649;651;154
650;648;180
650;653;166
650;654;103
651;649;154
652;648;302
653;650;166
653;656;163
654;650;103
654;658;299
655;659;154
656;653;163
657;661;215
658;654;299
658;660;222
658;662;342
659;655;154
659;661;112
660;658;222
660;661;198
660;663;111
661;657;215
661;659;112
661;660;198
662;658;342
662;664;353
663;660;111
663;665;244
663;666;328
663;667;105
664;662;353
665;663;244
666;663;328
666;669;258
667;663;105
667;668;113
667;671;315
668;667;113
668;672;153
669;666;258
669;670;106
670;669;106
671;667;315
671;673;267
671;675;181
672;668;153
673;671;267
673;677;162
674;677;336
675;671;181
676;677;363
677;673;162
677;674;336
677;676;363
677;678;147
678;677;147
678;680;174
678;682;143
679;681;101
679;683;215
680;678;174
680;681;187
680;684;359
681;679;101
681;680;187
682;678;143
683;679;215
684;680;359
684;685;214
685;684;214
685;689;161
686;688;169
687;689;147
688;686;169
688;690;197
688;691;155
689;685;161
689;687;147
689;690;223
690;688;197
690;689;223
690;692;200
691;688;155
691;694;299
692;690;200
693;695;123
693;697;198
694;691;299
694;695;188
694;696;273
694;698;178
695;693;123
695;694;188
696;694;273
697;693;198
697;700;127
698;694;178
699;701;193
699;703;259
700;697;127
700;702;201
701;699;193
701;702;105
702;700;201
702;701;105
703;699;259
703;707;248
704;707;132
705;706;149
706;705;149
706;707;302
706;710;408
707;703;248
707;704;132
707;706;302
707;708;175
708;707;175
709;711;146
710;706;408
710;712;206
710;713;222
711;709;146
711;715;327
712;710;206
713;710;222
713;714;334
713;715;224
713;717;229
714;713;334
714;716;237
714;718;255
715;711;327
715;713;224
716;714;237
716;720;196
717;713;229
718;714;255
718;721;120
719;723;132
720;716;196
720;723;141
720;724;276
721;718;120
722;723;211
723;719;132
723;720;141
723;722;211
724;720;276
724;727;197
725;728;369
726;727;191
727;724;197
727;726;191
727;728;101
727;731;141
728;725;369
728;727;101
729;733;396
730;732;294
731;727;141
731;732;106
732;730;294
732;731;106
732;733;154
732;734;169
732;736;247
733;729;396
733;732;154
734;732;169
735;736;184
736;732;247
736;735;184
736;737;157
736;738;290
737;736;157
737;739;136
738;736;290
739;737;136
739;741;205
739;742;291
740;741;260
740;744;210
741;739;205
741;740;260
742;739;291
743;745;488
744;740;210
744;746;325
745;743;488
745;746;356
746;744;325
746;745;356
746;749;238
747;749;300
747;750;163
748;751;293
749;746;238
749;747;300
750;747;163
750;752;154
751;748;293
751;752;256
752;750;154
752;751;256
752;754;169
753;754;215
753;757;274
754;752;169
754;753;215
755;756;204
756;755;204
756;757;145
756;759;255
756;760;103
757;753;274
757;756;145
757;758;243
758;757;243
759;756;255
759;762;177
760;756;103
761;764;270
762;759;177
762;764;176
763;765;207
764;761;270
764;762;176
764;768;356
765;763;207
765;768;206
766;767;288
766;768;275
766;770;204
767;766;288
768;764;356
768;765;206
768;766;275
768;771;171
769;771;325
770;766;204
770;772;210
771;768;171
771;769;325
771;775;140
772;770;210
772;773;237
773;772;237
774;775;139
775;771;140
775;774;139
775;777;199
776;779;161
777;775;199
777;778;122
777;780;156
777;781;334
778;777;122
778;782;157
779;776;161
779;780;242
779;783;240
780;777;156
780;779;242
781;777;334
782;778;157
783;779;240
783;785;269
784;785;170
785;783;269
785;784;170
785;789;108
786;789;209
787;789;329
788;791;105
789;785;108
789;786;209
789;787;329
789;790;292
789;793;259
790;789;292
791;788;105
791;793;351
792;796;304
793;789;259
793;791;351
793;794;125
794;793;125
794;795;100
794;798;198
795;794;100
796;792;304
796;799;247
797;798;255
797;800;357
798;794;198
798;797;255
798;799;225
798;801;112
799;796;247
799;798;225
800;797;357
800;804;315
801;798;112
801;805;117
802;806;116
803;807;327
804;800;315
804;806;324
804;807;386
805;801;117
805;808;210
806;802;116
806;804;324
807;803;327
807;804;386
808;805;210
808;810;528
809;811;127
809;813;300
810;808;528
810;811;379
811;809;127
811;810;379
812;816;156
813;809;300
813;816;268
814;818;416
815;819;109
816;812;156
816;813;268
816;819;269
817;819;287
817;821;175
818;814;416
818;819;318
819;815;109
819;816;269
819;817;287
819;818;318
819;820;135
819;822;151
820;819;135
821;817;175
822;819;151
822;826;103
823;825;267
823;826;268
824;825;163
825;823;267
825;824;163
826;822;103
826;823;268
826;830;393
827;831;115
828;829;119
829;828;119
829;830;107
829;831;249
830;826;393
830;829;107
830;833;389
830;834;354
831;827;115
831;829;249
832;835;306
833;830;389
833;837;166
834;830;354
835;832;306
835;837;197
836;838;228
837;833;166
837;835;197
837;838;218
837;841;132
838;836;228
838;837;218
839;843;196
840;842;123
841;837;132
841;843;216
842;840;123
842;844;290
843;839;196
843;841;216
843;845;189
844;842;290
844;846;257
844;848;206
845;843;189
845;848;199
846;844;257
847;848;110
848;844;206
848;845;199
848;847;110
848;850;179
849;853;164
850;848;179
850;852;355
851;852;357
852;850;355
852;851;357
852;853;382
852;856;376
853;849;164
853;852;382
854;856;239
854;857;153
855;858;343
856;852;376
856;854;239
856;858;184
857;854;153
857;859;151
858;855;343
858;856;184
858;862;288
859;857;151
859;860;215
859;863;207
860;859;215
860;861;284
861;860;284
862;858;288
862;864;162
862;865;346
863;859;207
864;862;162
865;862;346
865;866;317
865;869;162
866;865;317
867;868;243
867;869;102
868;867;243
868;872;297
869;865;162
869;867;102
869;873;159
870;872;344
871;874;334
871;875;281
872;868;297
872;870;344
872;874;136
873;869;159
873;877;292
874;871;334
874;872;136
875;871;281
876;877;147
876;879;188
876;880;226
877;873;292
877;876;147
878;879;226
879;876;188
879;878;226
879;883;214
880;876;226
881;884;283
882;883;213
882;886;130
883;879;214
883;882;213
883;885;172
884;881;283
884;886;131
884;887;243
885;883;172
885;889;231
886;882;130
886;884;131
887;884;243
887;888;253
888;887;253
888;891;270
889;885;231
889;890;134
890;889;134
890;893;103
891;888;270
892;896;506
893;890;103
893;897;156
894;895;110
894;897;242
895;894;110
895;896;279
895;898;157
896;892;506
896;895;279
897;893;156
897;894;242
897;901;155
898;895;157
898;899;164
899;898;164
899;902;137
899;903;271
900;901;141
900;904;199
901;897;155
901;900;141
902;899;137
903;899;271
903;906;178
904;900;199
905;906;140
906;903;178
906;905;140
906;908;184
906;910;302
907;909;237
908;906;184
909;907;237
909;910;102
910;906;302
910;909;102
910;911;148
910;914;180
911;910;148
912;914;127
913;917;372
914;910;180
914;912;127
914;918;495
915;917;242
915;918;410
916;920;319
917;913;372
917;915;242
917;919;195
917;920;283
918;914;495
918;915;410
919;917;195
920;916;319
920;917;283
920;924;261
921;924;170
922;925;260
923;925;318
924;920;261
924;921;170
924;925;245
925;922;260
925;923;318
925;924;245
925;929;310
926;928;256
927;928;192
928;926;256
928;927;192
928;929;236
928;932;130
929;925;310
929;928;236
929;930;152
930;929;152
930;933;309
930;934;204
931;933;325
932;928;130
932;935;205
932;936;232
933;930;309
933;931;325
934;930;204
935;932;205
936;932;232
936;937;290
936;938;351
936;940;128
937;936;290
938;936;351
939;941;246
940;936;128
940;944;240
941;939;246
941;944;171
942;946;264
943;945;165
944;940;240
944;941;171
944;947;224
945;943;165
945;946;166
945;947;247
945;949;237
946;942;264
946;945;166
947;944;224
947;945;247
947;948;199
948;947;199
949;945;237
949;953;103
950;954;230
951;952;284
951;953;188
952;951;284
953;949;103
953;951;188
953;954;300
953;957;290
954;950;230
954;953;300
954;955;238
955;954;238
955;958;133
956;959;118
957;953;290
957;961;225
958;955;133
958;959;311
959;956;118
959;958;311
960;963;281
961;957;225
961;964;169
962;963;112
962;965;115
963;960;281
963;962;112
963;964;322
964;961;169
964;963;322
964;968;189
965;962;115
965;967;114
966;969;288
967;965;114
967;969;223
968;964;189
968;971;281
969;966;288
969;967;223
969;970;251
970;969;251
970;974;322
971;968;281
972;974;402
973;974;207
974;970;322
974;972;402
974;973;207
974;977;188
974;978;161
975;978;443
976;978;263
977;974;188
978;974;161
978;975;443
978;976;263
978;979;257
978;980;203
979;978;257
979;983;143
980;978;203
981;982;155
981;985;154
982;981;155
983;979;143
983;985;165
984;985;194
985;981;154
985;983;165
985;984;194
985;989;349
986;987;211
986;989;165
987;986;211
987;988;179
988;987;179
989;985;349
989;986;165
989;990;181
989;992;110
989;993;258
990;989;181
991;995;471
992;989;110
993;989;258
993;994;354
994;993;354
994;998;127
995;991;471
995;999;121
996;997;138
996;1000;103
997;996;138
998;994;127
998;1000;120
999;995;121
999;1001;221
1000;996;103
1000;998;120
1000;1001;265
1001;999;221
1001;1000;265
1001;1003;305
1001;1005;218
1002;1003;403
1003;1001;305
1003;1002;403
1003;1007;187
1004;1005;345
1005;1001;218
1005;1004;345
1006;1008;154
1007;1003;187
1007;1011;127
1008;1006;154
1008;1009;536
1008;1010;349
1008;1011;231
1009;1008;536
1010;1008;349
1011;1007;127
1011;1008;231
1011;1012;336
1012;1011;336
1012;1013;206
1012;1015;109
1013;1012;206
1013;1017;273
1014;1015;228
1014;1016;240
1015;1012;109
1015;1014;228
1015;1018;465
1016;1014;240
1017;1013;273
1017;1020;307
1017;1021;123
1018;1015;465
1019;1021;213
1019;1022;124
1019;1023;152
1020;1017;307
1021;1017;123
1021;1019;213
1022;1019;124
1022;1024;163
1022;1025;287
1023;1019;152
1024;1022;163
1024;1026;182
1024;1027;140
1025;1022;287
1026;1024;182
1026;1029;251
1027;1024;140
1028;1031;321
1029;1026;251
1029;1033;178
1030;1031;174
1031;1028;321
1031;1030;174
1031;1032;313
1032;1031;313
1032;1036;223
1033;1029;178
1033;1037;273
1034;1035;157
1035;1034;157
1035;1037;259
1035;1039;232
1036;1032;223
1036;1039;120
1037;1033;273
1037;1035;259
1037;1041;167
1038;1041;240
1038;1042;255
1039;1035;232
1039;1036;120
1040;1043;192
1041;1037;167
1041;1038;240
1042;1038;255
1042;1043;177
1042;1046;266
1043;1040;192
1043;1042;177
1043;1044;310
1044;1043;310
1045;1047;290
1046;1042;266
1046;1048;402
1047;1045;290
1047;1048;246
1047;1050;182
1048;1046;402
1048;1047;246
1049;1051;268
1050;1047;182
1050;1053;205
1051;1049;268
1051;1055;364
1052;1054;125
1052;1055;277
1053;1050;205
1053;1057;103
1054;1052;125
1054;1056;131
1055;1051;364
1055;1052;277
1055;1059;298
1056;1054;131
1056;1057;218
1057;1053;103
1057;1056;218
1057;1058;305
1057;1060;173
1058;1057;305
1058;1061;202
1059;1055;298
1060;1057;173
1060;1062;113
1061;1058;202
1061;1064;156
1062;1060;113
1063;1065;294
1064;1061;156
1064;1068;365
1065;1063;294
1065;1069;181
1066;1069;309
1067;1070;133
1068;1064;365
1068;1069;270
1068;1070;246
1069;1065;181
1069;1066;309
1069;1068;270
1069;1072;147
1070;1067;133
1070;1068;246
1071;1072;275
1071;1074;122
1071;1075;191
1072;1069;147
1072;1071;275
1073;1077;111
1074;1071;122
1074;1078;309
1075;1071;191
1075;1076;149
1076;1075;149
1076;1080;116
1077;1073;111
1077;1078;427
1078;1074;309
1078;1077;427
1078;1079;343
1078;1082;459
1079;1078;343
1079;1081;214
1080;1076;116
1081;1079;214
1082;1078;459
1082;1085;372
1083;1086;208
1084;1087;251
1084;1088;251
1085;1082;372
1085;1086;136
1085;1088;111
1086;1083;208
1086;1085;136
1087;1084;251
1087;1090;291
1088;1084;251
1088;1085;111
1089;1090;178
1090;1087;291
1090;1089;178
1090;1093;494
1091;1093;149
1091;1094;128
1092;1094;197
1093;1090;494
1093;1091;149
1094;1091;128
1094;1092;197
1094;1096;292
1094;1097;168
1095;1096;199
1096;1094;292
1096;1095;199
1097;1094;168
1097;1099;102
1097;1101;334
1098;1101;223
1098;1102;343
1099;1097;102
1099;1100;248
1100;1099;248
1101;1097;334
1101;1098;223
1101;1103;150
1101;1105;230
1102;1098;343
1103;1101;150
1103;1104;150
1104;1103;150
1105;1101;230
1105;1108;195
1106;1107;393
1107;1106;393
1107;1108;267
1107;1109;161
1108;1105;195
1108;1107;267
1108;1111;136
1109;1107;161
1110;1111;138
1111;1108;136
1111;1110;138
1111;1113;264
1111;1115;109
1112;1116;190
1113;1111;264
1114;1117;217
1115;1111;109
1115;1117;106
1116;1112;190
1116;1119;107
1117;1114;217
1117;1115;106
1117;1119;126
1117;1121;189
1118;1120;285
1118;1121;295
1119;1116;107
1119;1117;126
1119;1123;109
1120;1118;285
1121;1117;189
1121;1118;295
1121;1125;185
1122;1124;174
1122;1125;150
1122;1126;176
1123;1119;109
1124;1122;174
1125;1121;185
1125;1122;150
1125;1127;166
1126;1122;176
1126;1129;144
1127;1125;166
1128;1132;121
1129;1126;144
1129;1130;149
1130;1129;149
1130;1133;141
1131;1134;178
1132;1128;121
1132;1134;245
1133;1130;141
1133;1134;178
1133;1135;152
1134;1131;178
1134;1132;245
1134;1133;178
1134;1136;172
1134;1138;170
1135;1133;152
1136;1134;172
1137;1141;180
1138;1134;170
1138;1139;103
1139;1138;103
1139;1141;179
1139;1143;121
1140;1144;207
1141;1137;180
1141;1139;179
1141;1142;169
1142;1141;169
1143;1139;121
1143;1145;207
1143;1146;442
1144;1140;207
1144;1148;100
1145;1143;207
1145;1147;168
1145;1148;257
1146;1143;442
1147;1145;168
1148;1144;100
1148;1145;257
1148;1151;208
1148;1152;289
1149;1151;116
1150;1151;207
1151;1148;208
1151;1149;116
1151;1150;207
1152;1148;289
1152;1155;220
1153;1154;110
1154;1153;110
1154;1156;256
1155;1152;220
1155;1159;151
1156;1154;256
1156;1159;348
1156;1160;246
1157;1160;341
1158;1162;580
1159;1155;151
1159;1156;348
1160;1156;246
1160;1157;341
1160;1163;347
1161;1162;116
1162;1158;580
1162;1161;116
1162;1163;245
1163;1160;347
1163;1162;245
1163;1165;224
1163;1166;126
1164;1168;164
1165;1163;224
1165;1167;206
1165;1168;135
1166;1163;126
1167;1165;206
1167;1169;266
1168;1164;164
1168;1165;135
1169;1167;266
1169;1172;304
1170;1171;161
1170;1172;337
1171;1170;161
1171;1173;277
1172;1169;304
1172;1170;337
1173;1171;277
1173;1176;531
1173;1177;219
1174;1178;332
1175;1177;204
1175;1179;155
1176;1173;531
1177;1173;219
1177;1175;204
1178;1174;332
1178;1180;109
1179;1175;155
1179;1181;183
1179;1183;127
1180;1178;109
1180;1181;196
1180;1184;354
1181;1179;183
1181;1180;196
1181;1182;242
1182;1181;242
1183;1179;127
1184;1180;354
1184;1185;215
1184;1186;125
1185;1184;215
1185;1187;173
1185;1189;114
1186;1184;125
1187;1185;173
1188;1190;254
1188;1191;129
1189;1185;114
1189;1191;298
1190;1188;254
1191;1188;129
1191;1189;298
1191;1194;405
1192;1193;174
1192;1195;319
1192;1196;177
1193;1192;174
1194;1191;405
1194;1198;209
1195;1192;319
1195;1197;193
1196;1192;177
1196;1198;274
1197;1195;193
1198;1194;209
1198;1196;274
1198;1199;146
1199;1198;146
1199;1200;141
1199;1201;218
1200;1199;141
1200;1203;251
1201;1199;218
1202;1204;254
1202;1206;244
1203;1200;251
1203;1207;246
1204;1202;254
1205;1207;158
1205;1209;124
1206;1202;244
1206;1209;153
1207;1203;246
1207;1205;158
1208;1209;214
1208;1210;182
1209;1205;124
1209;1206;153
1209;1208;214
1209;1213;350
1210;1208;182
1211;1215;305
1212;1213;313
1212;1215;108
1212;1216;197
1213;1209;350
1213;1212;313
1214;1217;580
1215;1211;305
1215;1212;108
1216;1212;197
1216;1217;355
1217;1214;580
1217;1216;355
1217;1219;183
1218;1219;353
1219;1217;183
1219;1218;353
1219;1220;154
1220;1219;154
1220;1221;160
1221;1220;160
1221;1222;122
1221;1225;252
1222;1221;122
1222;1226;264
1223;1227;342
1224;1225;104
1224;1228;207
1225;1221;252
1225;1224;104
1226;1222;264
1227;1223;342
1227;1228;407
1228;1224;207
1228;1227;407
1228;1229;163
1229;1228;163
1229;1232;174
1230;1232;269
1231;1232;113
1231;1233;168
1231;1234;317
1232;1229;174
1232;1230;269
1232;1231;113
1232;1235;305
1233;1231;168
1234;1231;317
1234;1236;181
1235;1232;305
1236;1234;181
1236;1237;166
1236;1239;303
1237;1236;166
1238;1242;334
1239;1236;303
1239;1242;137
1240;1241;249
1241;1240;249
1241;1243;351
1241;1245;279
1242;1238;334
1242;1239;137
1242;1244;117
1243;1241;351
1244;1242;117
1244;1248;134
1245;1241;279
1245;1246;144
1246;1245;144
1246;1248;172
1246;1249;281
1247;1248;106
1248;1244;134
1248;1246;172
1248;1247;106
1248;1252;488
1249;1246;281
1249;1253;277
1250;1252;111
1251;1253;435
1252;1248;488
1252;1250;111
1252;1255;147
1252;1256;192
1253;1249;277
1253;1251;435
1254;1258;232
1255;1252;147
1256;1252;192
1256;1258;358
1257;1258;339
1257;1261;269
1258;1254;232
1258;1256;358
1258;1257;339
1258;1260;411
1259;1263;185
1260;1258;411
1261;1257;269
1261;1265;146
1262;1263;353
1262;1264;126
1263;1259;185
1263;1262;353
1263;1267;115
1264;1262;126
1264;1266;208
1265;1261;146
1265;1266;247
1266;1264;208
1266;1265;247
1266;1269;353
1267;1263;115
1267;1270;300
1268;1271;111
1268;1272;286
1269;1266;353
1270;1267;300
1270;1273;343
1271;1268;111
1271;1273;382
1271;1274;181
1271;1275;251
1272;1268;286
1273;1270;343
1273;1271;382
1274;1271;181
1274;1278;309
1275;1271;251
1275;1277;165
1276;1277;431
1277;1275;165
1277;1276;431
1277;1279;253
1278;1274;309
1279;1277;253
1279;1280;173
1279;1282;138
1280;1279;173
1280;1281;207
1281;1280;207
1282;1279;138
1282;1283;118
1282;1286;287
1283;1282;118
1283;1285;136
1283;1287;142
1284;1288;274
1285;1283;136
1286;1282;287
1286;1290;276
1287;1283;142
1288;1284;274
1288;1289;102
1288;1291;190
1289;1288;102
1290;1286;276
1290;1292;137
1291;1288;190
1291;1295;150
1292;1290;137
1292;1295;171
1293;1296;294
1294;1295;307
1294;1297;221
1295;1291;150
1295;1292;171
1295;1294;307
1296;1293;294
1296;1299;212
1296;1300;259
1297;1294;221
1297;1299;299
1298;1300;215
1299;1296;212
1299;1297;299
1300;1296;259
1300;1298;215
1300;1303;211
1301;1302;278
1302;1301;278
1302;1303;176
1303;1300;211
1303;1302;176
1303;1304;238
1304;1303;238
1304;1305;306
1305;1304;306
1305;1308;373
1306;1307;193
1306;1308;341
1307;1306;193
1308;1305;373
1308;1306;341
1308;1309;146
1309;1308;146
1309;1310;223
1309;1311;351
1310;1309;223
1311;1309;351
1311;1314;172
1312;1314;140
1313;1316;240
1314;1311;172
1314;1312;140
1314;1316;136
1314;1317;199
1315;1316;214
1316;1313;240
1316;1314;136
1316;1315;214
1317;1314;199
1317;1319;253
1318;1319;373
1318;1320;193
1318;1322;204
1319;1317;253
1319;1318;373
1320;1318;193
1320;1323;207
1321;1322;307
1322;1318;204
1322;1321;307
1323;1320;207
1323;1324;294
1323;1326;186
1324;1323;294
1324;1325;260
1324;1327;288
1325;1324;260
1326;1323;186
1327;1324;288
1327;1329;302
1328;1329;420
1329;1327;302
1329;1328;420
1329;1331;383
1330;1332;450
1331;1329;383
1331;1335;298
1332;1330;450
1332;1335;287
1333;1335;112
1334;1336;221
1334;1338;214
1335;1331;298
1335;1332;287
1335;1333;112
1335;1336;256
1336;1334;221
1336;1335;256
1337;1341;205
1338;1334;214
1338;1341;220
1338;1342;352
1339;1342;200
1340;1341;138
1341;1337;205
1341;1338;220
1341;1340;138
1341;1343;106
1341;1345;200
1342;1338;352
1342;1339;200
1342;1346;107
1343;1341;106
1344;1345;102
1345;1341;200
1345;1344;102
1345;1348;466
1345;1349;510
1346;1342;107
1347;1350;354
1348;1345;466
1349;1345;510
1349;1350;311
1349;1351;128
1350;1347;354
1350;1349;311
1350;1354;227
1351;1349;128
1352;1356;180
1353;1356;300
1354;1350;227
1354;1356;217
1355;1359;252
1356;1352;180
1356;1353;300
1356;1354;217
1356;1358;271
1356;1359;109
1357;1360;200
1357;1361;272
1358;1356;271
1359;1355;252
1359;1356;109
1359;1360;160
1360;1357;200
1360;1359;160
1361;1357;272
1361;1364;311
1362;1363;395
1363;1362;395
1363;1367;359
1364;1361;311
1364;1365;236
1364;1366;117
1364;1368;125
1365;1364;236
1365;1369;199
1366;1364;117
1367;1363;359
1367;1368;206
1368;1364;125
1368;1367;206
1369;1365;199
1369;1371;241
1370;1371;227
1370;1373;319
1370;1374;287
1371;1369;241
1371;1370;227
1372;1375;369
1373;1370;319
1374;1370;287
1374;1377;251
1374;1378;213
1375;1372;369
1375;1376;146
1376;1375;146
1376;1380;240
1377;1374;251
1378;1374;213
1378;1382;183
1379;1382;332
1380;1376;240
1380;1382;188
1381;1382;119
1381;1383;193
1382;1378;183
1382;1379;332
1382;1380;188
1382;1381;119
1383;1381;193
1383;1385;286
1383;1386;177
1383;1387;173
1384;1387;102
1385;1383;286
1386;1383;177
1386;1388;163
1387;1383;173
1387;1384;102
1388;1386;163
1388;1389;164
1388;1390;111
1388;1391;330
1389;1388;164
1390;1388;111
1390;1392;175
1391;1388;330
1391;1393;170
1392;1390;175
1392;1396;118
1393;1391;170
1394;1395;134
1395;1394;134
1395;1398;275
1396;1392;118
1396;1398;106
1397;1398;481
1397;1400;397
1398;1395;275
1398;1396;106
1398;1397;481
1399;1400;118
1399;1401;116
1400;1397;397
1400;1399;118
1400;1402;250
1400;1403;190
1400;1404;193
1401;1399;116
1402;1400;250
1403;1400;190
1404;1400;193
1404;1407;269
1405;1408;154
1406;1408;148
1407;1404;269
1407;1409;293
1408;1405;154
1408;1406;148
1408;1410;296
1409;1407;293
1409;1411;217
1410;1408;296
1410;1413;143
1411;1409;217
1411;1413;168
1411;1414;183
1412;1413;117
1413;1410;143
1413;1411;168
1413;1412;117
1414;1411;183
1414;1415;288
1414;1417;315
1415;1414;288
1415;1416;187
1416;1415;187
1417;1414;315
1417;1418;330
1418;1417;330
1418;1420;285
1418;1421;240
1419;1423;336
1420;1418;285
1420;1424;284
1421;1418;240
1422;1426;277
1423;1419;336
1423;1425;205
1424;1420;284
1424;1425;118
1424;1428;132
1425;1423;205
1425;1424;118
1426;1422;277
1426;1428;227
1427;1428;200
1427;1430;217
1428;1424;132
1428;1426;227
1428;1427;200
1429;1430;232
1430;1427;217
1430;1429;232
1430;1433;255
1431;1432;228
1432;1431;228
1432;1433;146
1433;1430;255
1433;1432;146
1433;1435;289
1433;1437;482
1434;1436;313
1435;1433;289
1435;1438;292
1435;1439;277
1436;1434;313
1436;1439;106
1437;1433;482
1438;1435;292
1438;1442;379
1439;1435;277
1439;1436;106
1440;1441;183
1441;1440;183
1441;1443;165
1441;1445;189
1442;1438;379
1442;1443;202
1443;1441;165
1443;1442;202
1443;1446;160
1444;1445;376
1445;1441;189
1445;1444;376
1445;1447;147
1446;1443;160
1446;1449;226
1446;1450;547
1447;1445;147
1447;1448;142
1447;1451;186
1448;1447;142
1449;1446;226
1449;1452;124
1450;1446;547
1451;1447;186
1451;1454;222
1452;1449;124
1453;1456;166
1453;1457;284
1454;1451;222
1454;1458;143
1455;1457;175
1456;1453;166
1456;1458;182
1456;1459;112
1457;1453;284
1457;1455;175
1458;1454;143
1458;1456;182
1459;1456;112
1459;1461;184
1460;1463;158
1461;1459;184
1461;1462;201
1461;1465;166
1462;1461;201
1462;1466;248
1463;1460;158
1463;1464;283
1463;1467;239
1464;1463;283
1465;1461;166
1466;1462;248
1466;1468;168
1466;1469;332
1466;1470;270
1467;1463;239
1467;1468;100
1468;1466;168
1468;1467;100
1469;1466;332
1470;1466;270
1470;1472;205
1470;1473;398
1471;1475;250
1472;1470;205
1472;1475;190
1472;1476;324
1473;1470;398
1473;1474;332
1474;1473;332
1474;1477;224
1475;1471;250
1475;1472;190
1476;1472;324
1477;1474;224
1477;1480;199
1477;1481;226
1478;1481;504
1479;1483;308
1480;1477;199
1480;1482;311
1480;1484;191
1481;1477;226
1481;1478;504
1482;1480;311
1482;1486;147
1483;1479;308
1483;1485;100
1484;1480;191
1484;1488;117
1485;1483;100
1485;1489;208
1486;1482;147
1487;1489;247
1488;1484;117
1488;1490;142
1489;1485;208
1489;1487;247
1489;1490;130
1489;1492;237
1490;1488;142
1490;1489;130
1490;1494;184
1491;1495;359
1492;1489;237
1492;1495;116
1493;1495;373
1494;1490;184
1494;1496;359
1495;1491;359
1495;1492;116
1495;1493;373
1496;1494;359
1496;1499;132
1497;1498;243
1498;1497;243
1498;1502;290
1499;1496;132
1499;1502;186
1500;1502;201
1500;1503;207
1501;1505;258
1502;1498;290
1502;1499;186
1502;1500;201
1502;1506;121
1503;1500;207
1504;1505;247
1504;1506;202
1505;1501;258
1505;1504;247
1506;1502;121
1506;1504;202
1506;1507;404
1507;1506;404
1507;1508;271
1507;1509;104
1507;1510;282
1508;1507;271
1509;1507;104
1509;1512;233
1510;1507;282
1511;1512;365
1512;1509;233
1512;1511;365
1512;1513;264
1512;1514;124
1513;1512;264
1513;1515;276
1514;1512;124
1514;1517;110
1515;1513;276
1516;1517;242
1517;1514;110
1517;1516;242
1517;1519;185
1517;1520;201
1518;1519;156
1519;1517;185
1519;1518;156
1520;1517;201
1520;1521;105
1521;1520;105
1521;1523;125
1521;1524;105
1521;1525;171
1522;1524;120
1523;1521;125
1523;1526;131
1524;1521;105
1524;1522;120
1525;1521;171
1525;1528;446
1526;1523;131
1526;1527;357
1527;1526;357
1528;1525;446
1528;1532;133
1529;1530;347
1529;1531;258
1530;1529;347
1531;1529;258
1531;1532;223
1532;1528;133
1532;1531;223
1532;1533;117
1532;1536;319
1533;1532;117
1533;1534;332
1534;1533;332
1534;1535;277
1535;1534;277
1535;1539;250
1536;1532;319
1537;1541;307
1538;1539;140
1538;1540;289
1538;1541;214
1539;1535;250
1539;1538;140
1540;1538;289
1541;1537;307
1541;1538;214
1541;1542;238
1542;1541;238
1542;1546;222
1543;1544;238
1544;1543;238
1544;1547;272
1545;1546;246
1545;1549;266
1546;1542;222
1546;1545;246
1547;1544;272
1547;1548;137
1547;1549;265
1548;1547;137
1549;1545;266
1549;1547;265
1549;1553;224
1550;1553;201
1551;1552;151
1552;1551;151
1552;1553;181
1552;1555;268
1553;1549;224
1553;1550;201
1553;1552;181
1553;1554;305
1553;1556;312
1554;1553;305
1555;1552;268
1556;1553;312
1556;1557;198
1556;1560;274
1557;1556;198
1557;1561;246
1558;1559;408
1558;1561;141
1559;1558;408
1559;1562;335
1560;1556;274
1561;1557;246
1561;1558;141
1561;1563;118
1562;1559;335
1562;1564;352
1563;1561;118
1564;1562;352
1564;1566;131
1565;1566;183
1565;1567;170
1566;1564;131
1566;1565;183
1566;1569;299
1567;1565;170
1567;1571;126
1568;1570;106
1568;1571;170
1569;1566;299
1570;1568;106
1570;1572;106
1571;1567;126
1571;1568;170
1571;1574;135
1572;1570;106
1573;1576;403
1574;1571;135
1574;1575;104
1575;1574;104
1575;1576;366
1576;1573;403
1576;1575;366
1576;1578;348
1577;1580;299
1578;1576;348
1578;1579;191
1579;1578;191
1579;1583;234
1580;1577;299
1580;1582;201
1581;1582;220
1581;1584;179
1582;1580;201
1582;1581;220
1582;1583;236
1582;1585;445
1583;1579;234
1583;1582;236
1584;1581;179
1585;1582;445
1585;1589;233
1586;1588;349
1586;1589;301
