0;4;352
1;3;231
2;5;200
3;1;231
3;5;194
4;0;352
4;6;215
5;2;200
5;3;194
5;6;176
6;4;215
6;5;176
6;7;189
6;8;249
6;9;118
7;6;189
7;10;224
7;11;215
8;6;249
9;6;118
9;12;171
9;13;313
10;7;224
11;7;215
12;9;171
13;9;313
13;15;308
13;16;223
14;16;219
15;13;308
15;18;301
16;13;223
16;14;219
17;19;103
17;21;125
18;15;301
18;20;128
18;21;159
19;17;103
19;22;127
19;23;144
20;18;128
21;17;125
21;18;159
22;19;127
22;26;221
23;19;144
23;27;159
24;25;272
24;28;225
25;24;272
25;27;184
26;22;221
27;23;159
27;25;184
28;24;225
28;31;360
29;30;243
29;33;358
30;29;243
31;28;360
31;32;166
31;33;257
32;31;166
32;36;152
33;29;358
33;31;257
33;34;323
33;35;204
34;33;323
35;33;204
36;32;152
36;40;322
37;39;307
37;40;373
37;41;324
38;40;115
39;37;307
40;36;322
40;37;373
40;38;115
41;37;324
41;42;178
42;41;178
42;43;206
42;44;500
42;45;194
43;42;206
44;42;500
44;46;307
45;42;194
45;48;333
46;44;307
47;50;265
48;45;333
48;50;361
49;50;178
50;47;265
50;48;361
50;49;178
50;52;251
50;54;201
51;53;100
51;55;197
52;50;251
52;55;189
53;51;100
54;50;201
54;56;173
55;51;197
55;52;189
55;59;174
56;54;173
56;57;165
57;56;165
58;61;327
59;55;174
59;61;169
60;62;113
60;63;208
61;58;327
61;59;169
61;65;165
62;60;113
63;60;208
63;64;153
63;65;127
63;67;305
64;63;153
65;61;165
65;63;127
65;69;179
66;67;264
66;68;262
67;63;305
67;66;264
67;71;140
68;66;262
69;65;179
69;70;282
69;72;103
70;69;282
71;67;140
71;73;195
71;75;376
72;69;103
73;71;195
73;74;294
74;73;294
74;76;195
75;71;376
76;74;195
76;80;108
77;79;130
78;80;106
78;82;373
79;77;130
79;81;228
80;76;108
80;78;106
80;83;156
81;79;228
81;83;280
82;78;373
82;86;285
83;80;156
83;81;280
84;85;176
85;84;176
85;86;219
85;88;179
85;89;260
86;82;285
86;85;219
87;89;291
88;85;179
88;91;267
89;85;260
89;87;291
90;91;128
90;92;225
90;94;225
91;88;267
91;90;128
92;90;225
93;97;103
94;90;225
94;98;218
95;98;236
96;97;358
96;98;391
97;93;103
97;96;358
97;100;292
98;94;218
98;95;236
98;96;391
98;102;465
99;100;289
100;97;292
100;99;289
100;103;363
100;104;206
101;104;134
102;98;465
103;100;363
103;106;266
104;100;206
104;101;134
104;105;469
105;104;469
106;103;266
106;108;297
107;111;179
108;106;297
108;112;169
109;111;202
109;112;190
110;111;189
111;107;179
111;109;202
111;110;189
111;114;259
112;108;169
112;109;190
112;113;216
112;115;379
113;112;216
113;116;308
114;111;259
115;112;379
116;113;308
116;120;101
117;118;659
118;117;659
118;119;367
118;120;219
118;122;231
119;118;367
120;116;101
120;118;219
120;123;209
120;124;520
121;122;136
121;125;187
122;118;231
122;121;136
123;120;209
124;120;520
125;121;187
125;128;253
126;129;163
126;130;168
127;128;193
127;131;122
128;125;253
128;127;193
128;129;222
129;126;163
129;128;222
130;126;168
130;133;489
131;127;122
132;133;119
133;130;489
133;132;119
133;134;206
133;136;195
134;133;206
135;138;211
136;133;195
136;137;121
137;136;121
137;141;105
138;135;211
138;139;108
138;141;113
139;138;108
139;140;246
140;139;246
141;137;105
141;138;113
141;142;240
142;141;240
142;143;172
142;146;244
143;142;172
144;147;140
145;146;241
146;142;244
146;145;241
146;147;259
146;149;223
147;144;140
147;146;259
148;152;299
149;146;223
149;150;240
149;151;143
149;153;322
150;149;240
150;152;189
151;149;143
151;154;323
152;148;299
152;150;189
153;149;322
154;151;323
154;155;173
155;154;173
155;156;150
155;159;266
156;155;150
156;160;177
157;160;166
158;161;142
159;155;266
159;161;155
160;156;177
160;157;166
161;158;142
161;159;155
161;164;131
162;163;303
162;164;450
163;162;303
164;161;131
164;162;450
164;165;125
164;166;503
164;168;311
165;164;125
166;164;503
167;169;429
168;164;311
168;170;250
168;171;199
169;167;429
169;170;475
170;168;250
170;169;475
170;172;167
171;168;199
171;174;241
172;170;167
172;173;271
172;175;229
173;172;271
173;176;169
174;171;241
175;172;229
175;177;198
175;178;259
176;173;169
176;179;103
177;175;198
178;175;259
179;176;103
179;180;521
179;182;332
180;179;521
181;182;280
182;179;332
182;181;280
182;185;153
182;186;197
183;185;292
184;187;178
185;182;153
185;183;292
186;182;197
186;189;226
187;184;178
187;189;166
188;189;109
188;191;139
188;192;223
189;186;226
189;187;166
189;188;109
189;193;210
190;191;182
190;194;182
191;188;139
191;190;182
192;188;223
192;195;120
193;189;210
194;190;182
194;197;186
195;192;120
196;197;195
196;198;155
196;199;350
197;194;186
197;196;195
197;201;112
198;196;155
199;196;350
199;200;356
200;199;356
200;202;456
201;197;112
201;203;248
202;200;456
203;201;248
203;206;276
204;205;176
205;204;176
205;207;233
205;208;235
206;203;276
206;210;269
207;205;233
207;209;243
208;205;235
208;211;251
209;207;243
209;212;209
210;206;269
210;212;130
211;208;251
211;213;281
212;209;209
212;210;130
212;215;133
213;211;281
214;216;299
214;218;122
215;212;133
215;216;202
216;214;299
216;215;202
216;217;236
216;220;306
217;216;236
217;221;183
218;214;122
219;221;236
219;223;302
220;216;306
220;224;100
221;217;183
221;219;236
221;222;277
221;225;139
222;221;277
223;219;302
224;220;100
224;226;236
224;228;102
225;221;139
225;227;216
225;229;225
226;224;236
227;225;216
227;230;261
228;224;102
229;225;225
229;232;177
230;227;261
231;234;105
231;235;149
232;229;177
232;233;303
232;234;156
232;236;132
233;232;303
234;231;105
234;232;156
235;231;149
235;237;264
235;238;314
236;232;132
237;235;264
238;235;314
238;240;406
239;242;252
239;243;241
240;238;406
240;241;377
240;243;265
241;240;377
242;239;252
243;239;241
243;240;265
243;245;317
244;245;241
244;246;122
245;243;317
245;244;241
245;247;240
246;244;122
246;248;188
247;245;240
247;249;321
248;246;188
249;247;321
249;250;306
249;251;434
250;249;306
250;254;258
251;249;434
252;254;116
252;255;258
252;256;234
253;255;247
253;257;339
254;250;258
254;252;116
255;252;258
255;253;247
256;252;234
257;253;339
257;260;250
258;261;164
258;262;137
259;261;135
260;257;250
260;261;153
261;258;164
261;259;135
261;260;153
261;265;272
262;258;137
263;264;189
263;266;128
264;263;189
265;261;272
265;267;263
265;269;184
266;263;128
266;268;241
266;269;164
267;265;263
267;270;115
268;266;241
269;265;184
269;266;164
269;273;147
270;267;115
271;275;348
272;273;120
272;275;396
272;276;343
273;269;147
273;272;120
274;277;192
274;278;415
275;271;348
275;272;396
275;279;320
276;272;343
276;277;242
277;274;192
277;276;242
278;274;415
279;275;320
279;281;189
280;281;132
281;279;189
281;280;132
281;285;326
282;283;203
283;282;203
283;284;208
283;287;249
284;283;208
285;281;326
285;289;176
286;289;207
287;283;249
287;290;320
287;291;159
288;290;125
289;285;176
289;286;207
289;290;198
289;292;378
290;287;320
290;288;125
290;289;198
291;287;159
291;294;326
292;289;378
292;296;110
293;296;287
294;291;326
295;299;405
296;292;110
296;293;287
296;297;500
297;296;500
297;301;345
298;301;275
299;295;405
299;301;172
300;301;224
301;297;345
301;298;275
301;299;172
301;300;224
301;302;238
301;303;409
302;301;238
302;304;281
303;301;409
304;302;281
304;305;129
304;307;156
305;304;129
306;310;202
307;304;156
307;308;146
307;309;164
308;307;146
308;311;182
309;307;164
309;310;116
310;306;202
310;309;116
311;308;182
311;313;195
312;314;101
313;311;195
313;316;117
314;312;101
314;315;256
315;314;256
315;317;263
316;313;117
316;319;167
317;315;263
317;318;166
318;317;166
318;319;169
318;320;193
318;322;133
319;316;167
319;318;169
320;318;193
321;322;201
322;318;133
322;321;201
322;324;176
323;325;278
324;322;176
324;327;203
324;328;136
325;323;278
325;327;205
326;328;258
327;324;203
327;325;205
327;329;392
328;324;136
328;326;258
328;332;164
329;327;392
330;334;367
331;333;253
332;328;164
332;335;239
333;331;253
333;337;189
334;330;367
334;335;250
335;332;239
335;334;250
335;339;206
336;337;129
337;333;189
337;336;129
337;339;258
338;341;150
339;335;206
339;337;258
339;340;196
339;341;112
340;339;196
341;338;150
341;339;112
341;342;182
341;344;134
341;345;151
342;341;182
342;343;161
343;342;161
344;341;134
345;341;151
345;348;289
345;349;290
346;349;167
346;350;129
347;350;123
348;345;289
349;345;290
349;346;167
349;351;255
350;346;129
350;347;123
350;353;395
351;349;255
352;353;243
352;356;261
353;350;395
353;352;243
354;355;313
354;357;151
355;354;313
355;356;307
356;352;261
356;355;307
357;354;151
357;360;340
357;361;240
358;361;158
359;362;332
360;357;340
361;357;240
361;358;158
361;364;117
362;359;332
362;364;174
362;365;160
363;364;152
364;361;117
364;362;174
364;363;152
364;366;201
364;367;326
365;362;160
365;369;309
366;364;201
366;368;327
367;364;326
367;371;290
368;366;327
368;370;153
369;365;309
369;373;244
370;368;153
370;374;220
371;367;290
372;374;113
373;369;244
373;375;148
373;376;361
374;370;220
374;372;113
374;377;244
375;373;148
376;373;361
377;374;244
377;379;262
378;381;105
379;377;262
379;380;236
379;381;279
379;382;105
379;383;213
380;379;236
381;378;105
381;379;279
381;385;186
382;379;105
383;379;213
384;387;144
385;381;186
385;387;146
386;388;396
387;384;144
387;385;146
387;388;251
388;386;396
388;387;251
388;391;153
389;392;291
390;391;314
391;388;153
391;390;314
391;392;267
392;389;291
392;391;267
392;393;112
392;396;393
393;392;112
394;395;143
394;397;127
394;398;101
395;394;143
396;392;393
396;397;139
397;394;127
397;396;139
397;401;293
398;394;101
398;402;307
399;403;193
400;401;265
400;404;216
401;397;293
401;400;265
401;405;169
402;398;307
402;406;148
403;399;193
403;404;214
404;400;216
404;403;214
404;407;382
405;401;169
406;402;148
406;408;311
407;404;382
407;410;457
408;406;311
408;409;324
408;411;212
409;408;324
409;412;321
409;413;293
410;407;457
411;408;212
411;415;252
412;409;321
412;416;356
413;409;293
413;414;311
414;413;311
414;417;423
415;411;252
415;419;290
416;412;356
417;414;423
418;420;137
419;415;290
419;420;160
419;423;252
420;418;137
420;419;160
421;424;173
421;425;285
422;424;296
423;419;252
423;427;161
424;421;173
424;422;296
425;421;285
425;426;105
425;428;180
426;425;105
426;427;191
426;429;299
427;423;161
427;426;191
428;425;180
428;431;375
429;426;299
430;431;225
431;428;375
431;430;225
431;432;285
432;431;285
432;433;464
432;434;145
433;432;464
434;432;145
434;435;178
434;436;196
435;434;178
435;438;105
436;434;196
436;439;295
437;439;272
438;435;105
438;441;338
439;436;295
439;437;272
440;443;174
441;438;338
441;443;286
442;443;317
443;440;174
443;441;286
443;442;317
443;445;319
444;445;110
444;447;203
445;443;319
445;444;110
445;449;178
446;450;308
447;444;203
448;449;174
449;445;178
449;448;174
449;450;103
450;446;308
450;449;103
450;451;297
450;454;144
451;450;297
451;453;200
451;455;433
452;456;303
453;451;200
453;457;280
454;450;144
454;456;294
455;451;433
456;452;303
456;454;294
457;453;280
457;461;139
458;459;419
458;460;142
458;461;284
459;458;419
459;463;453
460;458;142
461;457;139
461;458;284
461;464;127
461;465;135
462;464;220
463;459;453
464;461;127
464;462;220
464;468;286
465;461;135
466;468;255
467;469;149
468;464;286
468;466;255
468;470;138
468;471;410
469;467;149
469;471;353
469;472;337
469;473;414
470;468;138
470;474;340
471;468;410
471;469;353
472;469;337
472;475;239
473;469;414
473;476;122
473;477;301
474;470;340
475;472;239
476;473;122
477;473;301
477;478;239
477;480;108
478;477;239
479;482;163
479;483;369
480;477;108
480;482;101
480;484;368
481;483;215
482;479;163
482;480;101
483;479;369
483;481;215
484;480;368
484;485;209
484;487;269
484;488;268
485;484;209
485;486;279
486;485;279
487;484;269
487;491;274
488;484;268
489;490;287
489;492;310
490;489;287
491;487;274
491;495;305
492;489;310
492;494;296
493;494;231
493;496;104
494;492;296
494;493;231
495;491;305
495;496;276
495;498;100
496;493;104
496;495;276
497;498;172
497;499;157
498;495;100
498;497;172
498;500;117
499;497;157
499;503;246
500;498;117
500;502;148
501;502;127
501;504;271
502;500;148
502;501;127
503;499;246
504;501;271
504;506;321
505;506;280
506;504;321
506;505;280
506;507;322
506;510;132
507;506;322
507;511;134
508;510;228
509;511;282
510;506;132
510;508;228
510;513;420
511;507;134
511;509;282
511;512;249
512;511;249
513;510;420
513;517;124
514;516;372
514;517;254
515;518;101
516;514;372
517;513;124
517;514;254
517;518;198
518;515;101
518;517;198
518;520;160
519;520;152
519;522;284
520;518;160
520;519;152
521;522;146
521;525;313
522;519;284
522;521;146
522;524;296
523;524;422
524;522;296
524;523;422
525;521;313
525;528;136
525;529;217
526;530;239
527;529;104
528;525;136
528;531;305
529;525;217
529;527;104
530;526;239
530;534;411
531;528;305
531;532;142
531;534;220
531;535;256
532;531;142
533;537;309
534;530;411
534;531;220
535;531;256
535;538;254
536;540;244
537;533;309
537;538;268
537;541;220
538;535;254
538;537;268
538;539;142
538;542;124
539;538;142
539;540;205
540;536;244
540;539;205
541;537;220
542;538;124
542;544;198
543;544;126
543;545;112
544;542;198
544;543;126
544;547;254
545;543;112
545;548;180
546;547;269
547;544;254
547;546;269
547;550;188
548;545;180
549;551;272
550;547;188
550;551;268
550;554;236
551;549;272
551;550;268
552;556;511
553;554;205
553;556;328
554;550;236
554;553;205
555;557;172
555;558;234
556;552;511
556;553;328
556;560;188
557;555;172
558;555;234
558;561;280
558;562;169
559;562;256
560;556;188
560;564;298
561;558;280
561;563;292
561;564;179
562;558;169
562;559;256
563;561;292
563;566;141
564;560;298
564;561;179
565;566;232
566;563;141
566;565;232
566;567;344
566;568;210
567;566;344
568;566;210
568;570;127
568;571;236
569;573;125
570;568;127
570;573;291
571;568;236
572;573;419
572;574;248
572;576;156
573;569;125
573;570;291
573;572;419
573;575;393
574;572;248
574;578;164
575;573;393
576;572;156
576;580;293
577;580;378
578;574;164
579;580;162
580;576;293
580;577;378
580;579;162
580;582;285
580;583;294
581;585;450
582;580;285
583;580;294
583;584;372
584;583;372
584;587;386
585;581;450
585;587;378
586;590;349
587;584;386
587;585;378
587;588;251
587;591;255
588;587;251
588;590;105
589;590;295
590;586;349
590;588;105
590;589;295
590;593;327
591;587;255
592;596;524
593;590;327
593;594;240
594;593;240
594;595;461
595;594;461
595;596;303
596;592;524
596;595;303
596;597;187
597;596;187
597;599;255
597;600;136
598;599;224
598;602;309
599;597;255
599;598;224
600;597;136
600;603;244
600;604;117
601;605;168
602;598;309
603;600;244
604;600;117
604;605;254
605;601;168
605;604;254
605;608;195
606;607;274
606;608;277
607;606;274
607;611;246
608;605;195
608;606;277
608;610;125
609;611;260
610;608;125
611;607;246
611;609;260
611;612;297
611;613;205
612;611;297
612;614;203
613;611;205
613;616;414
614;612;203
614;615;280
615;614;280
615;619;336
616;613;414
617;620;210
618;619;297
618;620;132
619;615;336
619;618;297
619;621;148
619;622;222
620;617;210
620;618;132
620;624;109
621;619;148
621;623;137
622;619;222
622;625;132
623;621;137
624;620;109
624;628;310
625;622;132
625;626;382
626;625;382
627;628;277
627;629;287
628;624;310
628;627;277
628;632;306
629;627;287
630;633;222
631;635;265
632;628;306
632;635;261
633;630;222
633;635;258
634;635;230
634;637;116
635;631;265
635;632;261
635;633;258
635;634;230
636;638;297
637;634;116
637;638;177
637;639;259
638;636;297
638;637;177
638;642;453
639;637;259
639;640;143
639;643;316
640;639;143
641;645;491
642;638;453
643;639;316
643;647;307
644;646;172
644;647;145
645;641;491
645;646;189
645;648;117
645;649;168
646;644;172
646;645;189
647;643;307
647;644;145
647;651;151
648;645;117
649;645;168
650;651;425
650;653;129
651;647;151
651;650;425
651;655;145
652;654;158
653;650;129
653;657;391
654;652;158
654;655;158
654;656;157
655;651;145
655;654;158
656;654;157
657;653;391
657;661;405
658;662;277
659;661;130
660;664;204
661;657;405
661;659;130
661;663;153
661;665;206
662;658;277
662;663;355
662;666;355
663;661;153
663;662;355
664;660;204
664;666;326
665;661;206
666;662;355
666;664;326
666;667;181
666;669;295
667;666;181
667;670;226
668;669;425
669;666;295
669;668;425
669;671;120
669;672;149
670;667;226
671;669;120
671;675;367
672;669;149
673;674;101
674;673;101
674;676;214
674;677;135
674;678;155
675;671;367
675;677;207
676;674;214
677;674;135
677;675;207
678;674;155
678;682;286
679;683;232
680;684;209
681;685;300
682;678;286
682;683;439
682;685;397
683;679;232
683;682;439
684;680;209
684;686;305
685;681;300
685;682;397
685;686;279
686;684;305
686;685;279
686;688;107
687;691;190
688;686;107
688;690;220
688;692;129
689;690;197
690;688;220
690;689;197
690;691;193
690;694;405
691;687;190
691;690;193
692;688;129
693;694;141
693;697;278
694;690;405
694;693;141
694;695;100
694;696;346
695;694;100
695;698;271
696;694;346
697;693;278
698;695;271
698;699;127
699;698;127
699;700;341
699;701;209
699;702;124
700;699;341
701;699;209
701;705;435
702;699;124
703;704;427
704;703;427
704;706;370
705;701;435
705;709;197
706;704;370
706;710;189
707;709;373
708;709;396
709;705;197
709;707;373
709;708;396
709;712;109
710;706;189
710;712;181
711;715;124
712;709;109
712;710;181
712;715;225
713;714;149
714;713;149
714;715;328
715;711;124
715;712;225
715;714;328
715;717;111
716;719;251
717;715;111
717;718;196
717;719;168
718;717;196
719;716;251
719;717;168
719;720;256
719;723;115
720;719;256
721;725;596
722;723;159
723;719;115
723;722;159
723;724;197
724;723;197
724;726;101
725;721;596
725;728;116
726;724;101
726;728;237
727;728;201
728;725;116
728;726;237
728;727;201
728;730;186
728;732;350
729;730;261
729;731;100
729;733;343
730;728;186
730;729;261
731;729;100
732;728;350
732;734;326
733;729;343
734;732;326
734;737;231
735;736;252
735;737;283
735;738;378
736;735;252
737;734;231
737;735;283
737;739;434
738;735;378
738;741;301
739;737;434
739;740;496
739;742;399
740;739;496
741;738;301
742;739;399
742;743;181
743;742;181
743;744;154
743;746;227
743;747;122
744;743;154
744;748;308
745;747;120
746;743;227
747;743;122
747;745;120
747;749;120
748;744;308
749;747;120
749;752;254
749;753;219
750;752;113
751;754;102
751;755;118
752;749;254
752;750;113
753;749;219
753;754;171
753;756;109
753;757;128
754;751;102
754;753;171
754;758;124
755;751;118
755;759;129
756;753;109
756;760;220
757;753;128
757;761;237
758;754;124
759;755;129
759;762;265
760;756;220
761;757;237
762;759;265
762;766;236
763;765;116
764;766;143
764;768;249
765;763;116
765;768;262
766;762;236
766;764;143
766;769;196
767;768;261
768;764;249
768;765;262
768;767;261
769;766;196
769;772;105
770;774;238
771;772;377
772;769;105
772;771;377
772;774;112
772;775;157
773;776;199
773;777;291
774;770;238
774;772;112
774;776;251
774;778;222
775;772;157
775;779;449
776;773;199
776;774;251
777;773;291
777;780;243
778;774;222
779;775;449
779;783;255
780;777;243
780;782;279
781;782;125
782;780;279
782;781;125
782;785;325
783;779;255
784;786;289
785;782;325
785;786;469
786;784;289
786;785;469
786;787;169
787;786;169
787;788;139
787;791;330
788;787;139
789;791;278
790;792;465
791;787;330
791;789;278
791;794;274
791;795;150
792;790;465
792;793;112
792;795;120
793;792;112
794;791;274
794;796;218
795;791;150
795;792;120
796;794;218
796;797;154
796;798;249
797;796;154
798;796;249
798;799;132
798;800;405
799;798;132
799;803;158
800;798;405
801;802;376
801;803;384
801;804;109
802;801;376
803;799;158
803;801;384
804;801;109
804;806;469
804;808;271
805;808;330
806;804;469
807;809;224
807;811;145
808;804;271
808;805;330
808;809;154
809;807;224
809;808;154
809;810;403
810;809;403
810;813;174
811;807;145
812;813;233
812;814;117
813;810;174
813;812;233
813;815;274
814;812;117
815;813;274
815;819;111
816;818;129
817;821;583
818;816;129
818;822;161
819;815;111
819;822;223
819;823;268
820;821;108
820;824;244
821;817;583
821;820;108
822;818;161
822;819;223
823;819;268
823;825;207
823;826;235
823;827;150
824;820;244
824;825;116
825;823;207
825;824;116
825;829;288
826;823;235
827;823;150
828;829;138
828;831;287
828;832;149
829;825;288
829;828;138
830;832;291
831;828;287
831;833;103
832;828;149
832;830;291
833;831;103
833;836;257
834;838;208
835;837;390
836;833;257
836;840;155
837;835;390
837;841;154
838;834;208
838;839;255
838;842;273
839;838;255
839;840;293
839;841;238
840;836;155
840;839;293
841;837;154
841;839;238
841;844;268
842;838;273
843;847;248
844;841;268
844;846;241
845;846;190
845;849;291
846;844;241
846;845;190
846;847;284
846;848;243
847;843;248
847;846;284
848;846;243
849;845;291
849;850;427
849;852;107
850;849;427
851;854;157
852;849;107
852;856;126
853;855;167
854;851;157
854;858;111
855;853;167
855;856;262
855;858;250
856;852;126
856;855;262
856;857;223
856;859;234
857;856;223
858;854;111
858;855;250
858;861;243
859;856;234
860;861;220
861;858;243
861;860;220
861;865;196
862;863;172
863;862;172
863;865;189
863;866;364
864;868;216
865;861;196
865;863;189
866;863;364
866;868;127
867;869;200
868;864;216
868;866;127
868;870;242
869;867;200
869;873;253
870;868;242
870;873;315
871;872;317
871;875;346
872;871;317
872;874;299
873;869;253
873;870;315
873;877;312
874;872;299
875;871;346
875;878;218
876;877;150
876;878;100
876;880;195
877;873;312
877;876;150
878;875;218
878;876;100
879;882;405
880;876;195
880;881;235
881;880;235
881;885;239
882;879;405
882;883;157
883;882;157
883;885;234
883;886;195
884;886;123
885;881;239
885;883;234
886;883;195
886;884;123
886;887;454
886;888;220
887;886;454
888;886;220
888;889;234
888;890;270
888;891;221
889;888;234
890;888;270
891;888;221
891;893;299
891;895;273
892;893;105
892;896;151
893;891;299
893;892;105
894;896;207
895;891;273
895;897;130
896;892;151
896;894;207
897;895;130
897;898;244
897;901;331
898;897;244
898;900;272
899;901;156
900;898;272
901;897;331
901;899;156
901;902;137
901;904;296
901;905;211
902;901;137
902;906;180
903;905;211
904;901;296
905;901;211
905;903;211
905;908;135
906;902;180
906;907;198
906;909;208
907;906;198
907;910;203
908;905;135
909;906;208
910;907;203
910;912;277
911;915;318
912;910;277
912;913;139
912;914;135
913;912;139
913;915;340
913;916;311
914;912;135
914;917;352
915;911;318
915;913;340
916;913;311
916;918;354
917;914;352
917;919;189
918;916;354
919;917;189
919;921;320
919;922;317
920;921;361
920;924;337
921;919;320
921;920;361
921;923;271
922;919;317
923;921;271
923;927;196
924;920;337
925;926;294
925;928;429
925;929;335
926;925;294
926;927;212
927;923;196
927;926;212
928;925;429
928;931;294
929;925;335
929;932;269
930;934;188
931;928;294
932;929;269
932;935;322
933;936;182
934;930;188
934;937;334
934;938;277
935;932;322
935;937;120
936;933;182
936;940;153
937;934;334
937;935;120
938;934;277
938;940;271
938;941;141
939;941;114
939;943;172
940;936;153
940;938;271
941;938;141
941;939;114
941;942;319
942;941;319
943;939;172
943;947;261
944;945;377
945;944;377
945;946;249
945;947;214
946;945;249
947;943;261
947;945;214
947;949;241
948;952;137
949;947;241
949;950;164
950;949;164
950;952;289
950;954;148
951;952;150
951;953;186
952;948;137
952;950;289
952;951;150
952;956;313
953;951;186
954;950;148
954;955;161
955;954;161
955;958;164
955;959;110
956;952;313
957;958;176
957;960;192
958;955;164
958;957;176
959;955;110
959;961;167
960;957;192
961;959;167
961;962;115
962;961;115
962;966;189
963;964;153
963;966;120
964;963;153
964;968;201
965;968;162
966;962;189
966;963;120
966;967;160
967;966;160
967;969;168
967;971;188
968;964;201
968;965;162
968;970;175
969;967;168
970;968;175
970;973;232
971;967;188
972;973;122
973;970;232
973;972;122
973;974;116
973;975;167
973;976;256
974;973;116
974;977;118
975;973;167
976;973;256
976;979;200
977;974;118
977;981;178
978;979;148
978;982;106
979;976;200
979;978;148
980;982;182
981;977;178
981;984;402
981;985;319
982;978;106
982;980;182
982;986;287
983;984;158
984;981;402
984;983;158
984;988;274
985;981;319
986;982;287
986;989;353
987;989;402
988;984;274
988;990;122
988;992;146
989;986;353
989;987;402
990;988;122
991;992;273
991;994;444
992;988;146
992;991;273
993;997;384
994;991;444
994;995;439
995;994;439
995;997;111
995;998;333
996;997;183
996;999;201
996;1000;196
997;993;384
997;995;111
997;996;183
997;1001;107
998;995;333
999;996;201
1000;996;196
1000;1003;287
1000;1004;274
1001;997;107
1001;1002;192
1002;1001;192
1003;1000;287
1003;1006;348
1004;1000;274
1004;1008;313
1005;1006;419
1005;1007;139
1006;1003;348
1006;1005;419
1007;1005;139
1007;1010;108
1007;1011;128
1008;1004;313
1009;1011;218
1010;1007;108
1011;1007;128
1011;1009;218
1011;1012;401
1011;1013;197
1012;1011;401
1012;1014;349
1012;1015;400
1013;1011;197
1014;1012;349
1015;1012;400
1015;1017;209
1015;1018;138
1016;1019;125
1016;1020;210
1017;1015;209
1017;1020;223
1018;1015;138
1019;1016;125
1020;1016;210
1020;1017;223
1020;1021;413
1021;1020;413
1021;1024;463
1022;1024;218
1022;1026;284
1023;1025;205
1024;1021;463
1024;1022;218
1025;1023;205
1025;1026;407
1026;1022;284
1026;1025;407
1026;1029;489
1027;1028;177
1027;1031;228
1028;1027;177
1028;1029;245
1029;1026;489
1029;1028;245
1029;1032;267
1030;1034;245
1031;1027;228
1031;1033;102
1032;1029;267
1032;1035;161
1033;1031;102
1034;1030;245
1034;1035;119
1034;1037;250
1035;1032;161
1035;1034;119
1036;1039;287
1037;1034;250
1037;1039;364
1038;1040;329
1039;1036;287
1039;1037;364
1039;1042;348
1040;1038;329
1040;1042;504
1040;1043;185
1040;1044;239
1041;1042;269
1041;1045;232
1042;1039;348
1042;1040;504
1042;1041;269
1043;1040;185
1044;1040;239
1044;1046;140
1045;1041;232
1046;1044;140
1046;1047;378
1047;1046;378
1047;1048;173
1048;1047;173
1048;1051;293
1048;1052;210
1049;1052;374
1049;1053;335
1050;1052;206
1051;1048;293
1051;1055;342
1052;1048;210
1052;1049;374
1052;1050;206
1053;1049;335
1053;1057;170
1054;1056;170
1055;1051;342
1056;1054;170
1056;1058;327
1057;1053;170
1057;1060;291
1058;1056;327
1058;1061;248
1058;1062;116
1059;1062;308
1060;1057;291
1060;1062;164
1061;1058;248
1061;1063;232
1062;1058;116
1062;1059;308
1062;1060;164
1062;1065;274
1062;1066;277
1063;1061;232
1063;1064;219
1064;1063;219
1065;1062;274
1066;1062;277
1066;1067;345
1066;1068;289
1066;1069;163
1066;1070;360
1067;1066;345
1068;1066;289
1069;1066;163
1069;1073;203
1070;1066;360
1070;1072;245
1071;1073;213
1072;1070;245
1072;1076;333
1073;1069;203
1073;1071;213
1073;1077;151
1074;1075;219
1075;1074;219
1075;1078;131
1076;1072;333
1076;1078;309
1077;1073;151
1078;1075;131
1078;1076;309
1078;1080;415
1078;1081;133
1079;1083;443
1080;1078;415
1080;1082;420
1081;1078;133
1082;1080;420
1082;1084;175
1083;1079;443
1083;1086;101
1084;1082;175
1084;1086;297
1084;1087;113
1085;1086;292
1086;1083;101
1086;1084;297
1086;1085;292
1086;1089;362
1086;1090;537
1087;1084;113
1087;1091;102
1088;1089;211
1088;1092;163
1089;1086;362
1089;1088;211
1090;1086;537
1091;1087;102
1091;1094;143
1091;1095;195
1092;1088;163
1093;1096;220
1094;1091;143
1094;1098;134
1095;1091;195
1095;1099;172
1096;1093;220
1096;1098;140
1097;1099;189
1098;1094;134
1098;1096;140
1098;1101;265
1099;1095;172
1099;1097;189
1099;1103;305
1100;1101;234
1101;1098;265
1101;1100;234
1101;1102;174
1102;1101;174
1103;1099;305
1103;1107;215
1104;1105;210
1104;1108;418
1105;1104;210
1105;1106;181
1105;1107;143
1106;1105;181
1107;1103;215
1107;1105;143
1107;1110;227
1108;1104;418
1109;1112;130
1110;1107;227
1110;1111;155
1111;1110;155
1111;1115;237
1112;1109;130
1112;1113;289
1112;1116;186
1113;1112;289
1113;1114;226
1114;1113;226
1115;1111;237
1115;1116;375
1116;1112;186
1116;1115;375
1116;1118;365
1117;1118;382
1117;1119;287
1117;1120;236
1118;1116;365
1118;1117;382
1119;1117;287
1120;1117;236
1120;1121;213
1121;1120;213
1121;1125;182
1122;1124;166
1123;1126;264
1124;1122;166
1124;1127;111
1124;1128;118
1125;1121;182
1125;1126;214
1125;1127;195
1126;1123;264
1126;1125;214
1127;1124;111
1127;1125;195
1127;1129;155
1128;1124;118
1128;1132;199
1129;1127;155
1129;1131;196
1130;1133;265
1131;1129;196
1131;1133;116
1131;1134;212
1131;1135;263
1132;1128;199
1132;1136;255
1133;1130;265
1133;1131;116
1134;1131;212
1135;1131;263
1135;1137;194
1136;1132;255
1136;1139;202
1137;1135;194
1137;1138;287
1138;1137;287
1138;1141;288
1139;1136;202
1140;1144;357
1141;1138;288
1141;1142;152
1142;1141;152
1142;1146;153
1143;1145;349
1143;1147;236
1144;1140;357
1144;1146;177
1144;1147;230
1145;1143;349
1146;1142;153
1146;1144;177
1146;1150;197
1147;1143;236
1147;1144;230
1148;1152;100
1149;1150;134
1149;1151;188
1150;1146;197
1150;1149;134
1151;1149;188
1151;1155;257
1152;1148;100
1152;1154;268
1153;1157;289
1154;1152;268
1154;1156;279
1155;1151;257
1155;1159;111
1156;1154;279
1156;1157;285
1156;1159;216
1157;1153;289
1157;1156;285
1157;1160;201
1158;1160;230
1159;1155;111
1159;1156;216
1160;1157;201
1160;1158;230
1160;1161;133
1161;1160;133
1161;1162;259
1161;1163;252
1162;1161;259
1162;1165;389
1163;1161;252
1163;1166;319
1164;1166;130
1165;1162;389
1166;1163;319
1166;1164;130
1166;1170;280
1167;1168;361
1168;1167;361
1168;1170;274
1169;1173;215
1170;1166;280
1170;1168;274
1170;1171;103
1170;1174;342
1171;1170;103
1172;1173;105
1172;1176;136
1173;1169;215
1173;1172;105
1173;1174;251
1174;1170;342
1174;1173;251
1174;1175;388
1174;1178;526
1175;1174;388
1175;1177;164
1176;1172;136
1176;1179;147
1177;1175;164
1177;1180;157
1177;1181;141
1178;1174;526
1179;1176;147
1180;1177;157
1180;1182;299
1180;1183;307
1181;1177;141
1181;1184;189
1182;1180;299
1182;1186;345
1183;1180;307
1183;1187;219
1184;1181;189
1185;1189;397
1186;1182;345
1187;1183;219
1187;1190;143
1188;1189;195
1188;1191;291
1189;1185;397
1189;1188;195
1189;1192;193
1190;1187;143
1190;1194;182
1191;1188;291
1192;1189;193
1192;1193;146
1192;1194;178
1193;1192;146
1194;1190;182
1194;1192;178
1194;1195;196
1194;1196;127
1194;1197;190
1195;1194;196
1196;1194;127
1196;1199;105
1197;1194;190
1197;1198;355
1198;1197;355
1199;1196;105
1199;1202;301
1200;1202;225
1200;1203;202
1201;1203;178
1202;1199;301
1202;1200;225
1202;1204;131
1203;1200;202
1203;1201;178
1203;1205;179
1203;1206;184
1204;1202;131
1205;1203;179
1206;1203;184
1206;1208;289
1207;1210;267
1208;1206;289
1208;1209;128
1209;1208;128
1209;1211;163
1210;1207;267
1210;1211;149
1210;1212;308
1210;1213;371
1211;1209;163
1211;1210;149
1211;1214;162
1212;1210;308
1212;1215;134
1213;1210;371
1214;1211;162
1214;1216;203
1215;1212;134
1215;1219;209
1216;1214;203
1217;1219;101
1217;1221;140
1218;1222;404
1219;1215;209
1219;1217;101
1219;1220;394
1219;1222;231
1220;1219;394
1220;1223;474
1220;1224;305
1221;1217;140
1222;1218;404
1222;1219;231
1222;1225;252
1223;1220;474
1223;1226;235
1223;1227;312
1224;1220;305
1225;1222;252
1226;1223;235
1226;1230;177
1227;1223;312
1227;1228;273
1227;1229;386
1228;1227;273
1229;1227;386
1230;1226;177
1230;1231;217
1231;1230;217
1231;1233;244
1231;1235;154
1232;1233;104
1232;1234;198
1233;1231;244
1233;1232;104
1233;1236;164
1233;1237;250
1234;1232;198
1235;1231;154
1235;1239;178
1236;1233;164
1236;1240;258
1237;1233;250
1238;1241;514
1239;1235;178
1240;1236;258
1240;1243;241
1240;1244;384
1241;1238;514
1241;1243;320
1241;1245;276
1242;1243;314
1243;1240;241
1243;1241;320
1243;1242;314
1244;1240;384
1244;1247;288
1245;1241;276
1245;1248;269
1246;1247;256
1247;1244;288
1247;1246;256
1247;1251;385
1248;1245;269
1248;1249;176
1248;1252;142
1249;1248;176
1250;1252;225
1251;1247;385
1251;1255;206
1252;1248;142
1252;1250;225
1253;1255;397
1254;1258;262
1255;1251;206
1255;1253;397
1255;1256;335
1256;1255;335
1256;1258;234
1256;1259;132
1256;1260;143
1257;1260;240
1258;1254;262
1258;1256;234
1259;1256;132
1259;1263;210
1260;1256;143
1260;1257;240
1260;1261;241
1261;1260;241
1261;1265;257
1262;1264;123
1262;1266;193
1263;1259;210
1264;1262;123
1264;1268;171
1265;1261;257
1265;1267;218
1265;1268;286
1266;1262;193
1267;1265;218
1267;1270;182
1268;1264;171
1268;1265;286
1268;1271;185
1269;1271;434
1270;1267;182
1270;1274;375
1271;1268;185
1271;1269;434
1271;1273;413
1272;1274;330
1272;1276;141
1273;1271;413
1274;1270;375
1274;1272;330
1275;1276;370
1276;1272;141
1276;1275;370
1276;1279;204
1277;1279;248
1278;1280;360
1279;1276;204
1279;1277;248
1279;1281;274
1280;1278;360
1280;1281;386
1281;1279;274
1281;1280;386
1281;1282;139
1282;1281;139
1282;1283;129
1282;1284;583
1283;1282;129
1283;1286;309
1284;1282;583
1285;1286;430
1285;1288;211
1286;1283;309
1286;1285;430
1287;1289;220
1288;1285;211
1288;1291;207
1288;1292;247
1289;1287;220
1289;1290;139
1290;1289;139
1290;1294;200
1291;1288;207
1292;1288;247
1292;1293;153
1292;1296;353
1293;1292;153
1293;1294;179
1294;1290;200
1294;1293;179
1294;1295;195
1295;1294;195
1296;1292;353
1296;1297;302
1296;1298;136
1297;1296;302
1297;1299;276
1297;1301;159
1298;1296;136
1299;1297;276
1299;1300;181
1300;1299;181
1300;1304;202
1301;1297;159
1302;1304;146
1302;1306;115
1303;1306;351
1304;1300;202
1304;1302;146
1305;1306;106
1305;1308;336
1306;1302;115
1306;1303;351
1306;1305;106
1306;1309;373
1306;1310;318
1307;1310;197
1307;1311;351
1308;1305;336
1309;1306;373
1310;1306;318
1310;1307;197
1310;1314;238
1311;1307;351
1312;1314;314
1312;1315;314
1313;1314;473
1314;1310;238
1314;1312;314
1314;1313;473
1314;1316;359
1315;1312;314
1315;1319;313
1316;1314;359
1317;1320;330
1318;1320;327
1318;1321;298
1319;1315;313
1319;1322;249
1320;1317;330
1320;1318;327
1320;1322;268
1320;1324;186
1321;1318;298
1322;1319;249
1322;1320;268
1322;1323;220
1322;1325;106
1323;1322;220
1324;1320;186
1324;1326;142
1324;1327;117
1324;1328;213
1325;1322;106
1325;1329;288
1326;1324;142
1327;1324;117
1327;1331;267
1328;1324;213
1328;1332;153
1329;1325;288
1330;1333;265
1331;1327;267
1332;1328;153
1332;1336;316
1333;1330;265
1333;1336;204
1334;1335;328
1335;1334;328
1335;1339;145
1336;1332;316
1336;1333;204
1336;1339;115
1336;1340;292
1337;1339;242
1338;1342;615
1339;1335;145
1339;1336;115
1339;1337;242
1340;1336;292
1340;1342;344
1340;1343;208
1341;1343;227
1342;1338;615
1342;1340;344
1342;1344;102
1343;1340;208
1343;1341;227
1343;1347;233
1344;1342;102
1345;1348;222
1346;1347;348
1347;1343;233
1347;1346;348
1347;1350;403
1347;1351;232
1348;1345;222
1348;1350;413
1349;1352;143
1350;1347;403
1350;1348;413
1351;1347;232
1351;1352;274
1352;1349;143
1352;1351;274
1352;1353;239
1352;1356;149
1353;1352;239
1354;1358;515
1355;1359;179
1356;1352;149
1356;1359;248
1357;1360;237
1358;1354;515
1358;1361;148
1359;1355;179
1359;1356;248
1359;1362;220
1360;1357;237
1360;1361;271
1361;1358;148
1361;1360;271
1361;1365;241
1362;1359;220
1362;1365;135
1363;1366;218
1364;1365;243
1364;1367;126
1365;1361;241
1365;1362;135
1365;1364;243
1366;1363;218
1366;1367;173
1366;1369;231
1367;1364;126
1367;1366;173
1367;1368;273
1367;1371;208
1368;1367;273
1369;1366;231
1369;1373;208
1370;1371;100
1371;1367;208
1371;1370;100
1371;1375;261
1372;1375;237
1373;1369;208
1374;1377;303
1375;1371;261
1375;1372;237
1375;1376;102
1375;1377;193
1375;1378;186
1376;1375;102
1377;1374;303
1377;1375;193
1377;1379;216
1378;1375;186
1379;1377;216
1379;1381;200
1379;1382;221
1380;1383;356
1381;1379;200
1381;1383;344
1381;1385;238
1382;1379;221
1383;1380;356
1383;1381;344
1383;1384;217
1384;1383;217
1385;1381;238
1385;1387;125
1386;1390;345
1387;1385;125
1387;1388;213
1387;1389;271
1387;1391;192
1388;1387;213
1388;1390;238
1389;1387;271
1390;1386;345
1390;1388;238
1391;1387;192
1391;1392;159
1391;1395;238
1392;1391;159
1392;1394;257
1393;1397;271
1394;1392;257
1395;1391;238
1395;1396;147
1396;1395;147
1396;1398;307
1396;1399;271
1397;1393;271
1397;1398;188
1397;1401;176
1398;1396;307
1398;1397;188
1399;1396;271
1400;1402;208
1400;1403;198
1401;1397;176
1401;1403;344
1402;1400;208
1402;1404;107
1403;1400;198
1403;1401;344
1403;1406;217
1404;1402;107
1405;1407;310
1406;1403;217
1406;1407;231
1406;1410;171
1407;1405;310
1407;1406;231
1408;1411;178
1408;1412;174
1409;1411;146
1410;1406;171
1410;1412;169
1411;1408;178
1411;1409;146
1412;1408;174
1412;1410;169
1412;1413;152
1413;1412;152
1413;1416;315
1414;1417;245
1415;1419;238
1416;1413;315
1416;1417;122
1417;1414;245
1417;1416;122
1417;1418;135
1417;1419;141
1417;1421;143
1418;1417;135
1419;1415;238
1419;1417;141
1419;1420;144
1419;1422;190
1420;1419;144
1420;1424;303
1421;1417;143
1422;1419;190
1423;1425;203
1424;1420;303
1424;1425;241
1425;1423;203
1425;1424;241
1425;1426;167
1425;1429;157
1426;1425;167
1426;1427;551
1426;1428;143
1427;1426;551
1428;1426;143
1429;1425;157
1429;1430;112
1429;1433;487
1430;1429;112
1430;1431;336
1431;1430;336
1431;1432;121
1432;1431;121
1432;1434;495
1433;1429;487
1433;1437;396
1434;1432;495
1435;1436;340
1435;1437;316
1436;1435;340
1437;1433;396
1437;1435;316
1437;1441;148
1438;1441;228
1439;1442;156
1439;1443;140
1440;1442;192
1440;1444;107
1441;1437;148
1441;1438;228
1441;1442;250
1441;1445;329
1442;1439;156
1442;1440;192
1442;1441;250
1443;1439;140
1443;1447;193
1444;1440;107
1445;1441;329
1445;1446;385
1445;1448;431
1446;1445;385
1447;1443;193
1447;1450;165
1447;1451;100
1448;1445;431
1449;1452;123
1450;1447;165
1450;1454;114
1451;1447;100
1451;1453;240
1452;1449;123
1452;1453;217
1452;1455;199
1453;1451;240
1453;1452;217
1454;1450;114
1455;1452;199
1455;1456;328
1455;1457;186
1455;1459;138
1456;1455;328
1457;1455;186
1458;1459;120
1459;1455;138
1459;1458;120
1459;1461;359
1460;1462;331
1460;1464;249
1461;1459;359
1461;1465;221
1462;1460;331
1463;1467;341
1464;1460;249
1464;1466;295
1465;1461;221
1465;1466;191
1466;1464;295
1466;1465;191
1466;1469;101
1467;1463;341
1467;1468;279
1467;1470;137
1468;1467;279
1469;1466;101
1469;1472;372
1470;1467;137
1470;1473;174
1471;1475;222
1472;1469;372
1472;1474;166
1472;1475;181
1473;1470;174
1473;1475;140
1474;1472;166
1475;1471;222
1475;1472;181
1475;1473;140
1475;1477;355
1475;1478;133
1476;1478;235
1477;1475;355
1478;1475;133
1478;1476;235
1478;1480;143
1479;1480;147
1479;1483;159
1480;1478;143
1480;1479;147
1480;1482;258
1481;1484;116
1481;1485;161
1482;1480;258
1483;1479;159
1483;1485;142
1484;1481;116
1484;1488;266
1485;1481;161
1485;1483;142
1485;1486;229
1486;1485;229
1487;1490;154
1487;1491;193
1488;1484;266
1488;1491;221
1488;1492;285
1489;1490;303
1490;1487;154
1490;1489;303
1491;1487;193
1491;1488;221
1491;1494;243
1491;1495;197
1492;1488;285
1493;1496;330
1494;1491;243
1495;1491;197
1495;1497;290
1495;1498;134
1496;1493;330
1496;1499;296
1497;1495;290
1497;1501;235
1498;1495;134
1499;1496;296
1499;1500;141
1500;1499;141
1500;1502;146
1500;1503;133
1501;1497;235
1501;1503;154
1501;1504;196
1502;1500;146
1503;1500;133
1503;1501;154
1504;1501;196
1504;1505;290
1505;1504;290
1505;1508;146
1506;1507;145
1506;1510;134
1507;1506;145
1507;1508;130
1508;1505;146
1508;1507;130
1509;1510;466
1510;1506;134
1510;1509;466
1510;1511;173
1510;1514;271
1511;1510;173
1511;1513;192
1512;1513;186
1512;1516;255
1513;1511;192
1513;1512;186
1513;1517;249
1514;1510;271
1514;1518;159
1515;1518;278
1516;1512;255
1516;1519;212
1516;1520;334
1517;1513;249
1517;1521;403
1518;1514;159
1518;1515;278
1518;1522;148
1519;1516;212
1520;1516;334
1521;1517;403
1522;1518;148
1522;1524;154
1522;1526;119
1523;1524;301
1524;1522;154
1524;1523;301
1525;1526;120
1526;1522;119
1526;1525;120
1526;1528;110
1527;1529;271
1528;1526;110
1528;1530;334
1529;1527;271
1529;1532;332
1530;1528;334
1530;1531;100
1530;1534;216
1531;1530;100
1531;1535;309
1532;1529;332
1532;1536;235
1533;1535;156
1533;1537;202
1534;1530;216
1535;1531;309
1535;1533;156
1536;1532;235
1536;1537;127
1536;1538;329
1537;1533;202
1537;1536;127
1537;1539;146
1538;1536;329
1539;1537;146
1539;1541;439
1539;1543;564
1540;1544;189
1541;1539;439
1541;1542;373
1541;1544;313
1542;1541;373
1543;1539;564
1544;1540;189
1544;1541;313
1544;1546;272
1545;1548;322
1546;1544;272
1546;1548;343
1547;1549;429
1548;1545;322
1548;1546;343
1548;1551;168
1549;1547;429
1549;1550;302
1550;1549;302
1550;1553;176
1550;1554;197
1551;1548;168
1551;1552;263
1552;1551;263
1552;1553;250
1552;1556;261
1553;1550;176
1553;1552;250
1554;1550;197
1555;1557;153
1555;1559;108
1556;1552;261
1556;1560;417
1557;1555;153
1557;1558;102
1557;1561;409
1558;1557;102
1558;1560;179
1558;1562;296
1559;1555;108
1560;1556;417
1560;1558;179
1561;1557;409
1561;1563;321
1562;1558;296
1563;1561;321
1563;1564;341
1564;1563;341
1564;1565;353
1565;1564;353
1565;1566;190
1565;1568;273
1566;1565;190
1567;1569;181
1568;1565;273
1568;1569;201
1568;1570;170
1569;1567;181
1569;1568;201
1569;1571;133
1570;1568;170
1571;1569;133
1571;1572;373
1571;1573;199
1571;1574;356
1572;1571;373
1573;1571;199
1574;1571;356
1574;1575;105
1575;1574;105
1575;1579;339
1576;1579;335
1577;1580;291
1578;1582;186
1579;1575;339
1579;1576;335
1579;1582;197
1580;1577;291
1580;1582;102
1580;1584;197
1581;1584;139
1581;1585;139
1582;1578;186
1582;1579;197
1582;1580;102
1582;1583;108
1583;1582;108
1583;1586;135
1583;1587;146
1584;1580;197
1584;1581;139
1585;1581;139
1586;1583;135
1587;1583;146
