0;4;427
1;2;245
2;1;245
2;4;271
3;6;152
4;0;427
4;2;271
4;8;133
5;6;317
5;7;110
5;9;207
6;3;152
6;5;317
7;5;110
8;4;133
8;12;192
9;5;207
9;10;206
10;9;206
10;11;237
11;10;237
11;14;205
12;8;192
12;13;185
12;14;180
12;15;130
12;16;432
13;12;185
14;11;205
14;12;180
14;18;519
15;12;130
15;17;211
16;12;432
17;15;211
18;14;519
18;22;376
19;20;162
20;19;162
20;22;397
20;23;209
21;22;488
22;18;376
22;20;397
22;21;488
23;20;209
23;24;302
23;27;216
24;23;302
24;25;102
24;28;235
25;24;102
26;28;274
27;23;216
28;24;235
28;26;274
28;29;178
28;32;504
29;28;178
29;30;103
29;31;366
30;29;103
31;29;366
32;28;504
32;33;410
32;36;367
33;32;410
34;36;178
35;38;243
36;32;367
36;34;178
36;38;270
37;39;179
37;41;227
38;35;243
38;36;270
38;39;194
39;37;179
39;38;194
39;40;158
40;39;158
41;37;227
41;43;213
42;43;521
43;41;213
43;42;521
43;47;407
44;46;120
45;46;371
46;44;120
46;45;371
46;47;367
46;49;380
47;43;407
47;46;367
48;52;210
49;46;380
49;51;235
50;51;385
50;52;365
51;49;235
51;50;385
52;48;210
52;50;365
52;53;570
53;52;570
53;54;573
54;53;573
54;56;249
55;56;145
56;54;249
56;55;145
56;60;108
57;58;102
58;57;102
58;61;161
59;63;177
60;56;108
60;61;118
60;63;166
61;58;161
61;60;118
61;62;159
62;61;159
62;64;247
63;59;177
63;60;166
63;66;142
63;67;185
64;62;247
65;67;249
66;63;142
67;63;185
67;65;249
67;69;178
67;71;184
68;69;101
69;67;178
69;68;101
70;72;406
71;67;184
71;72;354
71;75;244
72;70;406
72;71;354
72;74;229
73;74;396
74;72;229
74;73;396
74;77;308
75;71;244
76;78;241
76;80;318
77;74;308
77;79;211
78;76;241
79;77;211
79;81;297
80;76;318
80;82;112
81;79;297
81;82;203
81;85;134
82;80;112
82;81;203
82;84;286
83;86;333
84;82;286
85;81;134
85;86;170
86;83;333
86;85;170
86;90;286
87;90;437
88;90;230
89;92;274
90;86;286
90;87;437
90;88;230
90;91;106
91;90;106
91;94;132
92;89;274
92;93;198
93;92;198
93;97;128
94;91;132
94;95;240
95;94;240
95;96;296
95;97;127
96;95;296
97;93;128
97;95;127
97;98;191
98;97;191
98;99;189
98;101;354
99;98;189
100;104;300
101;98;354
101;102;289
101;104;363
102;101;289
102;106;385
103;104;153
104;100;300
104;101;363
104;103;153
104;107;405
105;107;172
106;102;385
106;108;353
107;104;405
107;105;172
108;106;353
108;109;530
109;108;530
109;113;382
110;111;372
111;110;372
111;114;229
112;113;371
112;114;231
113;109;382
113;112;371
114;111;229
114;112;231
114;116;354
115;116;237
116;114;354
116;115;237
116;119;134
117;119;228
117;121;131
118;121;322
119;116;134
119;117;228
119;122;621
119;123;282
120;121;188
120;124;113
121;117;131
121;118;322
121;120;188
122;119;621
123;119;282
123;126;369
124;120;113
124;128;310
125;126;231
126;123;369
126;125;231
126;130;270
127;130;179
128;124;310
129;130;242
130;126;270
130;127;179
130;129;242
130;133;478
131;135;120
132;134;312
132;135;269
133;130;478
133;134;193
134;132;312
134;133;193
134;138;100
135;131;120
135;132;269
136;140;227
137;139;115
137;141;245
138;134;100
138;140;146
139;137;115
140;136;227
140;138;146
140;141;153
140;142;133
141;137;245
141;140;153
141;143;259
141;145;109
142;140;133
143;141;259
144;148;303
145;141;109
145;147;217
146;149;218
147;145;217
147;151;332
148;144;303
148;150;168
149;146;218
149;153;216
150;148;168
150;151;149
150;153;100
151;147;332
151;150;149
151;154;286
151;155;237
152;153;209
153;149;216
153;150;100
153;152;209
153;156;113
154;151;286
155;151;237
155;157;249
156;153;113
157;155;249
157;161;160
158;160;282
158;162;204
159;160;212
160;158;282
160;159;212
161;157;160
161;163;175
162;158;204
162;166;174
163;161;175
163;165;227
164;165;113
164;168;264
165;163;227
165;164;113
165;166;218
165;167;282
166;162;174
166;165;218
167;165;282
167;170;354
168;164;264
169;172;275
170;167;354
170;172;119
170;174;119
171;174;205
171;175;296
172;169;275
172;170;119
172;176;270
173;174;123
174;170;119
174;171;205
174;173;123
174;177;126
175;171;296
176;172;270
177;174;126
177;179;204
178;179;107
178;180;126
179;177;204
179;178;107
179;183;101
180;178;126
180;181;200
181;180;200
181;185;115
182;185;331
183;179;101
183;187;234
184;185;191
184;188;221
185;181;115
185;182;331
185;184;191
186;189;170
187;183;234
188;184;221
188;190;211
189;186;170
189;190;130
189;192;172
190;188;211
190;189;130
190;194;221
191;192;230
192;189;172
192;191;230
193;194;140
193;197;196
194;190;221
194;193;140
194;195;131
195;194;131
195;198;265
196;197;183
197;193;196
197;196;183
197;201;204
198;195;265
199;200;147
199;202;261
199;203;278
200;199;147
201;197;204
201;202;255
202;199;261
202;201;255
202;205;264
202;206;143
203;199;278
204;205;274
205;202;264
205;204;274
205;207;184
205;209;227
206;202;143
207;205;184
207;211;184
208;210;552
209;205;227
209;213;160
210;208;552
210;211;111
211;207;184
211;210;111
211;214;369
212;214;296
213;209;160
214;211;369
214;212;296
214;217;292
214;218;272
215;217;365
215;219;224
216;218;244
217;214;292
217;215;365
218;214;272
218;216;244
219;215;224
219;220;302
220;219;302
220;224;197
221;222;494
222;221;494
222;223;260
223;222;260
223;224;253
223;226;536
224;220;197
224;223;253
225;229;321
226;223;536
226;229;167
227;228;108
227;229;149
227;230;353
228;227;108
228;231;146
229;225;321
229;226;167
229;227;149
230;227;353
231;228;146
231;232;128
232;231;128
232;236;271
233;236;161
234;235;314
235;234;314
235;236;314
236;232;271
236;233;161
236;235;314
236;239;167
237;238;105
237;240;100
237;241;103
238;237;105
238;242;507
239;236;167
239;240;242
240;237;100
240;239;242
241;237;103
241;243;107
241;245;129
242;238;507
243;241;107
243;247;104
244;245;132
244;248;176
245;241;129
245;244;132
245;246;198
246;245;198
247;243;104
247;251;290
248;244;176
248;249;347
248;250;141
249;248;347
249;253;162
250;248;141
251;247;290
252;256;253
253;249;162
253;256;288
254;256;108
255;256;161
256;252;253
256;253;288
256;254;108
256;255;161
256;257;184
256;258;230
256;260;206
257;256;184
258;256;230
258;262;197
259;263;294
260;256;206
261;263;148
261;264;205
261;265;256
262;258;197
262;264;157
263;259;294
263;261;148
263;267;116
264;261;205
264;262;157
264;266;215
265;261;256
266;264;215
267;263;116
267;268;195
267;269;179
268;267;195
268;272;289
269;267;179
269;270;239
270;269;239
270;274;465
271;272;256
272;268;289
272;271;256
272;273;419
273;272;419
273;276;131
274;270;465
274;277;186
275;279;157
276;273;131
277;274;186
277;279;156
278;281;175
279;275;157
279;277;156
279;280;117
280;279;117
280;281;292
280;284;140
281;278;175
281;280;292
282;286;273
283;287;261
284;280;140
284;287;348
285;287;181
286;282;273
286;287;340
286;289;286
287;283;261
287;284;348
287;285;181
287;286;340
287;290;286
287;291;157
288;289;423
289;286;286
289;288;423
290;287;286
291;287;157
291;295;149
292;294;268
293;294;413
294;292;268
294;293;413
294;298;353
295;291;149
295;299;203
296;299;217
297;299;155
298;294;353
298;300;453
298;302;169
299;295;203
299;296;217
299;297;155
299;301;159
300;298;453
301;299;159
301;302;259
302;298;169
302;301;259
302;304;339
303;305;181
304;302;339
304;305;316
304;308;178
305;303;181
305;304;316
306;309;450
307;309;243
308;304;178
308;309;192
308;312;141
309;306;450
309;307;243
309;308;192
309;310;238
309;311;340
310;309;238
310;313;206
311;309;340
312;308;141
312;314;299
313;310;206
313;316;132
314;312;299
315;318;190
316;313;132
316;320;281
317;318;159
317;319;158
317;321;238
318;315;190
318;317;159
318;322;199
319;317;158
320;316;281
320;323;137
320;324;232
321;317;238
322;318;199
322;323;220
323;320;137
323;322;220
323;327;476
324;320;232
324;326;247
325;326;368
326;324;247
326;325;368
326;328;329
327;323;476
328;326;329
328;329;315
329;328;315
329;330;311
330;329;311
330;333;125
331;333;271
332;335;124
333;330;125
333;331;271
333;336;137
334;335;110
334;337;218
335;332;124
335;334;110
335;336;293
336;333;137
336;335;293
336;339;268
337;334;218
338;339;250
338;341;235
339;336;268
339;338;250
340;342;106
340;343;203
341;338;235
341;344;158
341;345;190
342;340;106
342;345;129
343;340;203
344;341;158
345;341;190
345;342;129
345;349;463
346;349;296
347;351;128
348;350;106
349;345;463
349;346;296
349;351;177
350;348;106
350;351;128
350;352;215
351;347;128
351;349;177
351;350;128
351;353;242
352;350;215
353;351;242
353;355;370
354;358;224
355;353;370
355;357;169
356;358;402
357;355;169
357;359;175
358;354;224
358;356;402
358;359;274
358;360;144
358;361;131
359;357;175
359;358;274
359;362;166
360;358;144
360;363;143
361;358;131
362;359;166
363;360;143
363;367;402
364;366;129
365;366;388
366;364;129
366;365;388
366;369;318
367;363;402
367;368;259
367;370;402
367;371;287
368;367;259
369;366;318
369;372;151
370;367;402
371;367;287
371;374;320
372;369;151
372;374;212
373;375;236
373;376;295
373;377;154
374;371;320
374;372;212
374;378;176
375;373;236
376;373;295
376;379;254
377;373;154
377;378;187
378;374;176
378;377;187
378;381;151
378;382;131
379;376;254
379;380;387
380;379;387
381;378;151
381;384;103
382;378;131
382;383;237
383;382;237
383;385;170
384;381;103
384;386;129
384;388;261
385;383;170
385;387;290
386;384;129
387;385;290
387;389;409
388;384;261
389;387;409
389;391;408
390;394;236
391;389;408
391;394;185
392;393;181
392;395;335
392;396;328
393;392;181
394;390;236
394;391;185
394;397;386
394;398;343
395;392;335
396;392;328
396;399;312
397;394;386
398;394;343
398;399;114
398;401;206
398;402;308
399;396;312
399;398;114
400;403;166
401;398;206
401;405;137
402;398;308
403;400;166
403;406;130
404;405;194
404;407;256
404;408;210
405;401;137
405;404;194
405;406;147
406;403;130
406;405;147
407;404;256
407;410;125
408;404;210
409;410;223
410;407;125
410;409;223
410;411;211
411;410;211
411;413;126
412;415;269
413;411;126
413;416;253
414;415;161
415;412;269
415;414;161
415;417;184
415;418;106
416;413;253
416;418;245
416;420;297
417;415;184
417;419;133
418;415;106
418;416;245
418;421;279
419;417;133
419;422;272
420;416;297
421;418;279
421;423;345
422;419;272
422;426;120
423;421;345
423;425;606
424;427;146
425;423;606
426;422;120
426;430;200
427;424;146
427;428;226
427;430;153
428;427;226
428;431;581
429;430;251
430;426;200
430;427;153
430;429;251
431;428;581
431;432;303
432;431;303
432;433;524
433;432;524
433;435;224
433;436;327
434;436;301
435;433;224
436;433;327
436;434;301
436;437;351
436;440;195
437;436;351
437;439;165
438;440;263
439;437;165
439;441;162
439;443;311
440;436;195
440;438;263
440;442;221
441;439;162
442;440;221
443;439;311
443;444;110
443;447;329
444;443;110
444;445;276
445;444;276
445;446;152
446;445;152
446;449;283
447;443;329
447;450;130
448;449;305
449;446;283
449;448;305
449;451;280
450;447;130
451;449;280
451;455;222
452;453;164
452;456;107
453;452;164
453;455;216
454;455;303
455;451;222
455;453;216
455;454;303
456;452;107
456;457;215
456;460;128
457;456;215
458;462;244
459;463;279
460;456;128
460;461;294
460;463;125
461;460;294
461;465;254
462;458;244
462;463;153
463;459;279
463;460;125
463;462;153
463;464;374
464;463;374
464;468;377
465;461;254
466;469;380
467;468;127
468;464;377
468;467;127
468;472;375
469;466;380
469;470;224
469;473;298
470;469;224
471;474;262
472;468;375
472;474;401
472;475;149
473;469;298
473;475;275
474;471;262
474;472;401
474;477;311
475;472;149
475;473;275
476;479;259
476;480;108
477;474;311
477;479;248
478;482;246
479;476;259
479;477;248
479;482;134
480;476;108
480;484;197
481;484;180
482;478;246
482;479;134
483;486;306
484;480;197
484;481;180
484;485;115
484;486;245
485;484;115
485;487;175
486;483;306
486;484;245
486;490;333
487;485;175
488;491;248
489;491;304
490;486;333
490;491;326
491;488;248
491;489;304
491;490;326
491;495;269
492;493;181
492;494;282
493;492;181
493;495;303
493;497;272
494;492;282
495;491;269
495;493;303
496;497;242
497;493;272
497;496;242
497;500;494
498;501;420
499;501;335
499;503;181
500;497;494
500;502;246
501;498;420
501;499;335
501;502;188
502;500;246
502;501;188
502;504;191
503;499;181
503;505;220
503;506;149
504;502;191
505;503;220
505;507;296
506;503;149
506;510;304
507;505;296
507;508;149
508;507;149
509;511;208
509;512;121
510;506;304
510;512;102
511;509;208
511;513;144
511;515;262
512;509;121
512;510;102
512;516;254
513;511;144
514;518;111
515;511;262
515;517;221
516;512;254
517;515;221
517;521;351
518;514;111
518;521;213
519;520;432
519;523;246
520;519;432
521;517;351
521;518;213
521;524;388
522;525;350
523;519;246
523;524;130
523;526;235
524;521;388
524;523;130
524;527;231
525;522;350
525;528;112
526;523;235
526;529;103
526;530;286
527;524;231
527;528;154
528;525;112
528;527;154
529;526;103
530;526;286
530;531;186
530;533;203
531;530;186
532;533;162
532;534;180
532;536;212
533;530;203
533;532;162
533;535;244
533;537;186
534;532;180
535;533;244
535;538;110
536;532;212
537;533;186
537;539;404
537;540;281
538;535;110
538;542;182
539;537;404
540;537;281
540;544;402
541;543;155
542;538;182
543;541;155
543;544;319
544;540;402
544;543;319
544;545;194
544;547;378
545;544;194
546;548;179
546;550;197
547;544;378
547;550;217
547;551;328
548;546;179
549;551;191
550;546;197
550;547;217
550;553;138
551;547;328
551;549;191
552;553;253
553;550;138
553;552;253
553;554;176
554;553;176
554;558;320
555;557;303
555;558;119
555;559;106
556;560;120
557;555;303
558;554;320
558;555;119
558;560;276
559;555;106
559;562;171
560;556;120
560;558;276
560;561;256
561;560;256
561;563;101
562;559;171
562;565;331
563;561;101
564;565;228
564;566;113
565;562;331
565;564;228
566;564;113
566;568;168
567;568;318
567;570;136
568;566;168
568;567;318
569;571;234
569;572;206
570;567;136
570;574;331
571;569;234
572;569;206
572;574;100
572;575;132
573;574;108
573;577;275
574;570;331
574;572;100
574;573;108
575;572;132
575;579;225
576;579;244
577;573;275
578;580;268
578;581;227
579;575;225
579;576;244
579;582;257
579;583;261
580;578;268
580;583;387
581;578;227
582;579;257
582;584;180
583;579;261
583;580;387
584;582;180
584;586;230
584;588;214
585;586;213
585;589;281
586;584;230
586;585;213
587;589;136
588;584;214
588;591;315
589;585;281
589;587;136
590;592;233
591;588;315
591;594;173
592;590;233
592;593;337
592;595;143
593;592;337
594;591;173
594;595;115
594;596;230
594;597;133
595;592;143
595;594;115
596;594;230
596;600;181
597;594;133
597;598;132
597;599;114
598;597;132
599;597;114
599;601;148
599;602;126
600;596;181
601;599;148
602;599;126
602;603;231
603;602;231
603;607;291
604;608;273
605;608;132
605;609;370
606;608;373
607;603;291
607;608;104
608;604;273
608;605;132
608;606;373
608;607;104
608;611;192
609;605;370
609;613;197
610;611;462
611;608;192
611;610;462
612;614;399
613;609;197
613;614;122
613;615;301
613;617;186
614;612;399
614;613;122
614;616;118
615;613;301
616;614;118
616;620;212
617;613;186
618;620;140
619;620;130
620;616;212
620;618;140
620;619;130
620;623;199
621;624;174
622;624;280
622;625;293
623;620;199
623;625;130
623;626;349
624;621;174
624;622;280
625;622;293
625;623;130
625;627;240
626;623;349
627;625;240
627;630;157
628;630;152
628;632;149
629;633;256
630;627;157
630;628;152
630;631;340
630;634;384
631;630;340
632;628;149
632;633;126
632;635;416
633;629;256
633;632;126
634;630;384
635;632;416
635;638;268
636;637;359
637;636;359
637;638;300
638;635;268
638;637;300
638;640;382
638;641;328
639;641;143
639;643;192
640;638;382
640;644;242
641;638;328
641;639;143
642;644;313
642;646;185
643;639;192
643;647;399
644;640;242
644;642;313
645;646;197
646;642;185
646;645;197
647;643;399
647;649;201
647;650;245
648;649;127
648;651;349
649;647;201
649;648;127
649;652;466
650;647;245
651;648;349
651;655;318
652;649;466
653;657;397
654;658;514
655;651;318
655;657;406
656;659;174
657;653;397
657;655;406
657;658;170
658;654;514
658;657;170
658;661;122
659;656;174
659;660;267
660;659;267
660;664;137
661;658;122
661;663;224
661;665;109
662;663;172
663;661;224
663;662;172
664;660;137
664;666;153
665;661;109
665;666;271
665;667;281
665;668;277
666;664;153
666;665;271
666;670;214
667;665;281
668;665;277
669;672;144
670;666;214
670;671;119
670;674;166
671;670;119
671;673;291
672;669;144
672;675;155
673;671;291
673;677;127
674;670;166
674;675;166
675;672;155
675;674;166
675;676;136
676;675;136
676;679;156
677;673;127
677;678;170
678;677;170
679;676;156
679;680;114
679;681;362
679;682;175
680;679;114
681;679;362
682;679;175
682;685;467
683;685;330
684;685;134
684;687;213
685;682;467
685;683;330
685;684;134
685;686;371
685;689;115
686;685;371
687;684;213
688;689;248
689;685;115
689;688;248
689;690;243
689;692;145
690;689;243
691;693;252
691;694;234
692;689;145
692;695;101
693;691;252
693;695;181
694;691;234
694;697;304
695;692;101
695;693;181
695;696;174
696;695;174
697;694;304
697;699;265
698;701;397
699;697;265
699;701;353
700;702;293
701;698;397
701;699;353
701;705;253
702;700;293
702;703;338
702;704;292
702;706;494
703;702;338
704;702;292
704;705;411
704;707;265
705;701;253
705;704;411
705;708;423
706;702;494
707;704;265
707;711;198
708;705;423
708;710;380
709;711;463
710;708;380
710;712;152
711;707;198
711;709;463
712;710;152
712;716;134
713;715;284
713;717;247
714;716;210
714;717;279
715;713;284
716;712;134
716;714;210
716;719;458
717;713;247
717;714;279
718;719;252
718;720;287
718;721;218
719;716;458
719;718;252
719;723;291
720;718;287
720;724;102
721;718;218
722;723;187
723;719;291
723;722;187
723;725;427
724;720;102
724;726;419
725;723;427
726;724;419
726;727;352
726;728;270
727;726;352
727;729;130
728;726;270
728;730;213
729;727;130
730;728;213
730;732;454
731;733;251
731;734;232
732;730;454
732;736;359
733;731;251
733;737;106
734;731;232
734;736;310
735;739;181
736;732;359
736;734;310
736;740;117
737;733;106
738;741;134
738;742;324
739;735;181
739;740;132
740;736;117
740;739;132
740;741;145
740;743;116
741;738;134
741;740;145
742;738;324
742;745;221
742;746;143
743;740;116
743;747;293
744;748;204
745;742;221
746;742;143
747;743;293
747;751;134
748;744;204
748;749;126
749;748;126
749;750;114
749;751;206
749;752;194
750;749;114
751;747;134
751;749;206
752;749;194
752;753;210
752;754;187
753;752;210
754;752;187
754;758;258
755;758;364
756;759;426
757;760;207
758;754;258
758;755;364
758;762;142
759;756;426
759;761;227
760;757;207
760;761;237
760;763;172
761;759;227
761;760;237
761;765;103
762;758;142
762;765;278
763;760;172
764;767;181
765;761;103
765;762;278
765;768;281
765;769;151
766;767;278
766;769;227
767;764;181
767;766;278
768;765;281
768;772;130
769;765;151
769;766;227
770;771;103
770;772;177
771;770;103
771;773;216
772;768;130
772;770;177
773;771;216
773;775;371
774;778;195
775;773;371
775;776;257
775;778;420
776;775;257
776;777;400
777;776;400
778;774;195
778;775;420
778;779;418
778;782;255
779;778;418
779;781;172
780;781;337
781;779;172
781;780;337
782;778;255
782;786;406
783;787;100
784;785;110
785;784;110
785;787;209
785;788;203
785;789;313
786;782;406
786;789;420
787;783;100
787;785;209
788;785;203
789;785;313
789;786;420
789;792;156
790;791;111
790;792;139
791;790;111
792;789;156
792;790;139
792;793;251
793;792;251
793;797;321
794;795;211
794;796;150
795;794;211
795;797;157
796;794;150
796;798;307
797;793;321
797;795;157
797;801;205
798;796;307
798;799;333
799;798;333
800;801;115
801;797;205
801;800;115
801;803;270
802;804;335
803;801;270
803;806;325
804;802;335
804;805;114
805;804;114
805;808;178
806;803;325
806;808;253
806;809;133
807;811;226
808;805;178
808;806;253
808;810;230
809;806;133
809;811;198
809;813;327
810;808;230
810;812;147
811;807;226
811;809;198
812;810;147
813;809;327
813;814;319
814;813;319
814;815;125
814;817;111
815;814;125
815;819;135
816;817;216
817;814;111
817;816;216
817;818;256
817;821;319
818;817;256
819;815;135
819;823;362
820;823;266
821;817;319
821;822;327
821;824;202
822;821;327
823;819;362
823;820;266
824;821;202
824;825;320
825;824;320
825;829;249
826;827;178
827;826;178
827;828;152
828;827;152
828;830;140
829;825;249
829;831;221
830;828;140
830;831;112
830;832;345
831;829;221
831;830;112
832;830;345
832;833;362
833;832;362
833;837;322
834;837;193
835;837;285
836;837;143
836;839;239
837;833;322
837;834;193
837;835;285
837;836;143
838;840;298
838;842;233
839;836;239
839;843;384
840;838;298
841;842;597
842;838;233
842;841;597
842;845;364
843;839;384
843;845;123
844;846;391
845;842;364
845;843;123
845;847;392
846;844;391
846;849;342
847;845;392
847;851;245
848;849;301
849;846;342
849;848;301
849;851;237
849;853;285
850;851;115
851;847;245
851;849;237
851;850;115
851;855;264
852;853;140
852;856;139
853;849;285
853;852;140
853;854;315
854;853;315
854;858;151
855;851;264
856;852;139
857;860;124
858;854;151
858;862;175
859;860;113
859;861;275
860;857;124
860;859;113
860;862;111
860;864;303
861;859;275
862;858;175
862;860;111
862;866;270
863;866;322
864;860;303
864;865;133
864;868;161
865;864;133
866;862;270
866;863;322
867;868;316
868;864;161
868;867;316
868;870;197
869;871;103
870;868;197
870;871;180
870;873;102
871;869;103
871;870;180
871;874;116
871;875;131
872;874;254
872;876;278
873;870;102
874;871;116
874;872;254
874;878;494
875;871;131
876;872;278
876;879;254
877;878;454
877;881;380
878;874;494
878;877;454
879;876;254
880;883;195
880;884;169
881;877;380
881;883;149
881;885;109
882;886;106
883;880;195
883;881;149
884;880;169
884;887;181
885;881;109
885;886;213
885;888;208
886;882;106
886;885;213
887;884;181
888;885;208
888;892;148
889;890;122
889;892;140
890;889;122
890;891;133
891;890;133
891;893;230
892;888;148
892;889;140
892;895;192
893;891;230
894;895;234
895;892;192
895;894;234
895;896;478
896;895;478
896;897;128
896;900;391
897;896;128
898;900;216
899;901;248
899;903;164
900;896;391
900;898;216
900;901;351
901;899;248
901;900;351
901;902;294
902;901;294
903;899;164
903;905;195
903;906;287
904;907;349
905;903;195
906;903;287
906;910;134
907;904;349
907;908;402
907;909;204
907;910;152
908;907;402
909;907;204
909;911;248
910;906;134
910;907;152
911;909;248
911;912;183
911;914;259
911;915;302
912;911;183
912;913;261
913;912;261
914;911;259
915;911;302
915;916;495
915;917;270
915;918;542
916;915;495
916;920;551
917;915;270
918;915;542
919;923;448
920;916;551
920;924;350
921;925;157
922;923;134
922;924;257
923;919;448
923;922;134
923;925;332
924;920;350
924;922;257
924;926;103
925;921;157
925;923;332
926;924;103
926;927;129
926;930;235
927;926;129
928;931;204
929;931;223
930;926;235
930;931;245
931;928;204
931;929;223
931;930;245
931;933;162
931;935;392
932;933;117
932;936;152
933;931;162
933;932;117
934;938;290
935;931;392
935;938;255
936;932;152
937;939;167
938;934;290
938;935;255
938;942;153
939;937;167
939;940;173
939;941;207
940;939;173
941;939;207
941;944;175
942;938;153
942;943;256
942;944;156
943;942;256
944;941;175
944;942;156
944;946;181
944;948;314
945;949;168
946;944;181
947;948;118
948;944;314
948;947;118
948;949;176
948;951;213
949;945;168
949;948;176
949;950;183
950;949;183
950;952;122
951;948;213
951;954;158
952;950;122
953;954;278
953;955;295
953;957;115
954;951;158
954;953;278
955;953;295
955;958;313
956;959;428
956;960;531
957;953;115
958;955;313
958;959;166
959;956;428
959;958;166
960;956;531
960;962;368
961;962;134
962;960;368
962;961;134
962;963;110
962;964;278
963;962;110
963;967;125
964;962;278
965;966;137
965;968;105
966;965;137
967;963;125
967;970;171
968;965;105
968;972;130
969;970;302
970;967;171
970;969;302
970;972;108
971;972;165
971;975;164
972;968;130
972;970;108
972;971;165
973;975;123
974;976;175
974;977;172
975;971;164
975;973;123
975;979;217
976;974;175
977;974;172
977;981;166
978;981;138
979;975;217
979;980;168
979;982;164
980;979;168
980;984;183
981;977;166
981;978;138
981;982;194
982;979;164
982;981;194
983;984;194
984;980;183
984;983;194
984;986;160
984;987;149
985;987;437
986;984;160
987;984;149
987;985;437
987;989;162
987;990;292
988;991;279
988;992;198
989;987;162
990;987;292
990;992;265
991;988;279
992;988;198
992;990;265
992;993;118
992;994;163
992;995;210
993;992;118
993;996;266
994;992;163
995;992;210
995;999;303
996;993;266
997;999;178
998;1000;229
999;995;303
999;997;178
999;1003;239
1000;998;229
1000;1001;235
1001;1000;235
1001;1002;330
1001;1004;191
1002;1001;330
1003;999;239
1003;1004;170
1004;1001;191
1004;1003;170
1004;1008;190
1005;1006;120
1005;1008;190
1006;1005;120
1006;1009;302
1007;1011;300
1008;1004;190
1008;1005;190
1008;1011;196
1009;1006;302
1010;1011;205
1011;1007;300
1011;1008;196
1011;1010;205
1011;1013;133
1011;1014;152
1012;1013;392
1013;1011;133
1013;1012;392
1014;1011;152
1014;1018;196
1015;1017;296
1016;1019;102
1017;1015;296
1017;1021;214
1018;1014;196
1018;1019;127
1018;1021;199
1019;1016;102
1019;1018;127
1020;1021;221
1020;1024;222
1021;1017;214
1021;1018;199
1021;1020;221
1021;1023;155
1022;1024;168
1023;1021;155
1023;1025;328
1023;1027;408
1024;1020;222
1024;1022;168
1024;1026;303
1025;1023;328
1026;1024;303
1027;1023;408
1027;1028;317
1027;1030;129
1028;1027;317
1029;1030;235
1030;1027;129
1030;1029;235
1030;1031;337
1030;1032;275
1031;1030;337
1031;1035;157
1032;1030;275
1033;1034;104
1033;1035;374
1034;1033;104
1035;1031;157
1035;1033;374
1035;1036;198
1035;1038;146
1036;1035;198
1036;1037;410
1036;1039;163
1037;1036;410
1038;1035;146
1038;1042;209
1039;1036;163
1039;1041;115
1040;1043;166
1041;1039;115
1041;1044;448
1042;1038;209
1042;1045;226
1042;1046;359
1043;1040;166
1043;1047;325
1044;1041;448
1045;1042;226
1045;1047;329
1045;1048;235
1045;1049;357
1046;1042;359
1047;1043;325
1047;1045;329
1048;1045;235
1049;1045;357
1049;1051;370
1050;1053;284
1050;1054;313
1051;1049;370
1051;1053;156
1051;1055;341
1052;1055;353
1052;1056;101
1053;1050;284
1053;1051;156
1054;1050;313
1055;1051;341
1055;1052;353
1055;1058;136
1056;1052;101
1057;1058;252
1058;1055;136
1058;1057;252
1058;1062;128
1059;1061;222
1060;1061;127
1061;1059;222
1061;1060;127
1061;1063;163
1061;1064;293
1062;1058;128
1062;1064;228
1063;1061;163
1063;1065;297
1064;1061;293
1064;1062;228
1065;1063;297
1065;1069;190
1066;1067;184
1066;1069;221
1066;1070;244
1067;1066;184
1067;1068;103
1067;1071;112
1068;1067;103
1069;1065;190
1069;1066;221
1070;1066;244
1070;1074;138
1071;1067;112
1072;1073;239
1073;1072;239
1073;1075;214
1074;1070;138
1074;1078;347
1075;1073;214
1075;1078;112
1076;1077;266
1076;1078;104
1076;1080;519
1077;1076;266
1077;1081;145
1078;1074;347
1078;1075;112
1078;1076;104
1079;1081;204
1079;1082;191
1080;1076;519
1081;1077;145
1081;1079;204
1082;1079;191
1082;1084;228
1082;1085;185
1083;1087;220
1084;1082;228
1084;1087;103
1085;1082;185
1086;1087;148
1087;1083;220
1087;1084;103
1087;1086;148
1087;1091;304
1088;1092;504
1089;1090;527
1090;1089;527
1090;1091;121
1090;1092;620
1090;1094;310
1091;1087;304
1091;1090;121
1092;1088;504
1092;1090;620
1093;1095;218
1094;1090;310
1094;1096;238
1094;1097;244
1095;1093;218
1095;1097;133
1095;1098;182
1096;1094;238
1097;1094;244
1097;1095;133
1098;1095;182
1098;1101;364
1099;1101;129
1100;1103;133
1100;1104;211
1101;1098;364
1101;1099;129
1101;1102;147
1102;1101;147
1102;1104;195
1102;1105;146
1103;1100;133
1104;1100;211
1104;1102;195
1104;1106;144
1104;1107;239
1105;1102;146
1106;1104;144
1106;1110;397
1107;1104;239
1107;1108;185
1108;1107;185
1109;1111;314
1109;1112;486
1110;1106;397
1110;1111;262
1111;1109;314
1111;1110;262
1112;1109;486
1112;1114;142
1113;1114;212
1114;1112;142
1114;1113;212
1114;1115;142
1114;1116;154
1115;1114;142
1115;1119;337
1116;1114;154
1117;1118;251
1117;1121;224
1118;1117;251
1119;1115;337
1119;1120;128
1119;1121;164
1119;1122;151
1120;1119;128
1121;1117;224
1121;1119;164
1121;1123;139
1122;1119;151
1123;1121;139
1123;1124;157
1124;1123;157
1124;1128;460
1125;1127;178
1126;1128;270
1127;1125;178
1127;1129;226
1128;1124;460
1128;1126;270
1128;1129;228
1128;1131;385
1129;1127;226
1129;1128;228
1129;1130;151
1130;1129;151
1131;1128;385
1131;1135;119
1132;1134;431
1133;1136;452
1134;1132;431
1134;1135;189
1134;1136;184
1134;1137;117
1135;1131;119
1135;1134;189
1135;1139;271
1136;1133;452
1136;1134;184
1137;1134;117
1138;1142;278
1139;1135;271
1139;1143;187
1140;1143;380
1141;1144;471
1142;1138;278
1142;1143;205
1143;1139;187
1143;1140;380
1143;1142;205
1143;1146;165
1143;1147;362
1144;1141;471
1144;1146;390
1145;1146;233
1145;1148;347
1146;1143;165
1146;1144;390
1146;1145;233
1147;1143;362
1148;1145;347
1148;1152;198
1149;1151;220
1150;1151;161
1151;1149;220
1151;1150;161
1151;1154;216
1152;1148;198
1152;1156;121
1153;1157;385
1154;1151;216
1154;1156;183
1155;1157;103
1155;1158;241
1155;1159;121
1156;1152;121
1156;1154;183
1156;1157;211
1157;1153;385
1157;1155;103
1157;1156;211
1158;1155;241
1158;1162;146
1159;1155;121
1160;1161;261
1160;1164;291
1161;1160;261
1161;1162;346
1162;1158;146
1162;1161;346
1162;1163;190
1163;1162;190
1164;1160;291
1164;1167;156
1164;1168;198
1165;1166;227
1166;1165;227
1166;1170;281
1167;1164;156
1167;1169;240
1167;1170;113
1168;1164;198
1168;1172;176
1169;1167;240
1169;1171;181
1170;1166;281
1170;1167;113
1170;1173;369
1171;1169;181
1171;1175;233
1172;1168;176
1173;1170;369
1173;1176;220
1173;1177;307
1174;1175;126
1174;1178;182
1175;1171;233
1175;1174;126
1176;1173;220
1177;1173;307
1178;1174;182
1178;1179;279
1178;1180;184
1178;1182;156
1179;1178;279
1179;1183;288
1180;1178;184
1180;1181;237
1181;1180;237
1182;1178;156
1182;1186;101
1183;1179;288
1184;1188;273
1185;1188;213
1186;1182;101
1186;1187;218
1186;1189;230
1187;1186;218
1187;1188;195
1188;1184;273
1188;1185;213
1188;1187;195
1188;1191;293
1189;1186;230
1190;1191;211
1190;1194;167
1191;1188;293
1191;1190;211
1191;1193;248
1192;1194;111
1192;1195;375
1193;1191;248
1193;1197;191
1194;1190;167
1194;1192;111
1195;1192;375
1195;1198;405
1196;1199;259
1196;1200;116
1197;1193;191
1197;1200;349
1198;1195;405
1199;1196;259
1199;1202;358
1200;1196;116
1200;1197;349
1201;1203;376
1202;1199;358
1202;1205;146
1203;1201;376
1203;1204;303
1203;1205;158
1204;1203;303
1204;1208;135
1205;1202;146
1205;1203;158
1206;1207;160
1206;1210;256
1207;1206;160
1208;1204;135
1208;1211;257
1209;1210;137
1209;1211;146
1210;1206;256
1210;1209;137
1211;1208;257
1211;1209;146
1211;1214;149
1212;1216;414
1213;1214;108
1213;1216;172
1213;1217;122
1214;1211;149
1214;1213;108
1215;1218;377
1215;1219;291
1216;1212;414
1216;1213;172
1216;1219;103
1217;1213;122
1217;1221;157
1218;1215;377
1219;1215;291
1219;1216;103
1219;1222;153
1220;1222;405
1221;1217;157
1221;1224;172
1221;1225;224
1222;1219;153
1222;1220;405
1222;1223;493
1223;1222;493
1224;1221;172
1225;1221;224
1225;1226;305
1225;1229;432
1226;1225;305
1227;1229;354
1228;1229;143
1229;1225;432
1229;1227;354
1229;1228;143
1229;1233;207
1230;1231;304
1230;1232;235
1230;1233;133
1231;1230;304
1232;1230;235
1232;1234;293
1233;1229;207
1233;1230;133
1234;1232;293
1234;1235;124
1234;1236;131
1234;1238;400
1235;1234;124
1236;1234;131
1237;1238;256
1238;1234;400
1238;1237;256
1238;1240;142
1239;1240;337
1239;1242;256
1239;1243;140
1240;1238;142
1240;1239;337
1240;1241;135
1241;1240;135
1242;1239;256
1242;1246;182
1243;1239;140
1243;1247;425
1244;1248;182
1245;1246;159
1245;1248;174
1246;1242;182
1246;1245;159
1246;1249;126
1247;1243;425
1247;1250;187
1248;1244;182
1248;1245;174
1248;1251;371
1249;1246;126
1250;1247;187
1251;1248;371
1251;1253;400
1252;1253;253
1252;1255;234
1252;1256;116
1253;1251;400
1253;1252;253
1254;1257;154
1255;1252;234
1256;1252;116
1256;1257;206
1257;1254;154
1257;1256;206
1257;1259;103
1258;1260;161
1258;1262;238
1259;1257;103
1259;1260;131
1260;1258;161
1260;1259;131
1260;1263;217
1261;1263;225
1262;1258;238
1262;1264;243
1263;1260;217
1263;1261;225
1264;1262;243
1264;1265;190
1264;1266;190
1265;1264;190
1265;1268;146
1265;1269;179
1266;1264;190
1266;1270;115
1267;1269;220
1268;1265;146
1269;1265;179
1269;1267;220
1269;1271;215
1270;1266;115
1270;1272;138
1271;1269;215
1272;1270;138
1272;1273;400
1273;1272;400
1273;1276;390
1274;1277;105
1275;1278;122
1276;1273;390
1276;1278;498
1277;1274;105
1277;1281;203
1278;1275;122
1278;1276;498
1278;1279;163
1279;1278;163
1279;1281;184
1280;1283;363
1281;1277;203
1281;1279;184
1281;1282;120
1281;1283;154
1281;1284;194
1282;1281;120
1283;1280;363
1283;1281;154
1283;1285;176
1284;1281;194
1285;1283;176
1285;1287;108
1285;1288;209
1286;1288;391
1287;1285;108
1287;1290;105
1287;1291;145
1288;1285;209
1288;1286;391
1289;1290;226
1289;1293;281
1290;1287;105
1290;1289;226
1290;1294;156
1291;1287;145
1292;1294;110
1292;1296;366
1293;1289;281
1294;1290;156
1294;1292;110
1295;1296;320
1296;1292;366
1296;1295;320
1296;1297;402
1297;1296;402
1297;1299;128
1298;1299;130
1299;1297;128
1299;1298;130
1299;1303;566
1300;1304;241
1301;1304;190
1302;1306;399
1303;1299;566
1303;1305;112
1304;1300;241
1304;1301;190
1304;1307;102
1305;1303;112
1305;1307;166
1305;1308;193
1306;1302;399
1306;1310;261
1307;1304;102
1307;1305;166
1308;1305;193
1308;1310;219
1308;1312;153
1309;1311;272
1310;1306;261
1310;1308;219
1310;1311;193
1311;1309;272
1311;1310;193
1312;1308;153
1312;1314;191
1313;1315;355
1314;1312;191
1314;1318;307
1315;1313;355
1315;1318;383
1316;1318;216
1317;1321;543
1318;1314;307
1318;1315;383
1318;1316;216
1318;1319;230
1318;1320;109
1319;1318;230
1320;1318;109
1320;1321;220
1320;1323;162
1321;1317;543
1321;1320;220
1321;1324;217
1322;1325;309
1323;1320;162
1323;1327;180
1324;1321;217
1324;1325;172
1325;1322;309
1325;1324;172
1325;1328;358
1326;1327;310
1327;1323;180
1327;1326;310
1327;1330;162
1328;1325;358
1329;1332;394
1329;1333;291
1330;1327;162
1330;1331;182
1330;1333;159
1331;1330;182
1332;1329;394
1333;1329;291
1333;1330;159
1333;1335;142
1333;1337;117
1334;1336;382
1334;1338;132
1335;1333;142
1335;1339;154
1336;1334;382
1337;1333;117
1337;1338;260
1338;1334;132
1338;1337;260
1339;1335;154
1339;1340;119
1339;1341;297
1340;1339;119
1341;1339;297
1341;1342;129
1342;1341;129
1342;1343;105
1343;1342;105
1343;1344;288
1343;1347;191
1344;1343;288
1344;1345;181
1345;1344;181
1345;1348;169
1345;1349;112
1346;1349;259
1347;1343;191
1347;1351;253
1348;1345;169
1348;1352;216
1349;1345;112
1349;1346;259
1349;1350;226
1350;1349;226
1351;1347;253
1352;1348;216
1352;1353;288
1352;1355;120
1352;1356;125
1353;1352;288
1354;1358;120
1355;1352;120
1356;1352;125
1356;1360;138
1357;1358;319
1358;1354;120
1358;1357;319
1358;1361;334
1359;1361;196
1359;1363;323
1360;1356;138
1360;1363;188
1361;1358;334
1361;1359;196
1362;1363;155
1362;1366;217
1363;1359;323
1363;1360;188
1363;1362;155
1364;1365;289
1364;1366;188
1365;1364;289
1365;1368;270
1365;1369;137
1366;1362;217
1366;1364;188
1367;1370;152
1368;1365;270
1369;1365;137
1369;1371;307
1370;1367;152
1370;1371;102
1370;1372;235
1371;1369;307
1371;1370;102
1372;1370;235
1372;1373;118
1373;1372;118
1373;1375;265
1373;1376;179
1374;1376;104
1374;1378;290
1375;1373;265
1376;1373;179
1376;1374;104
1376;1377;143
1376;1379;107
1377;1376;143
1378;1374;290
1379;1376;107
1379;1382;160
1380;1382;329
1381;1383;171
1381;1385;230
1382;1379;160
1382;1380;329
1382;1385;242
1383;1381;171
1384;1386;113
1385;1381;230
1385;1382;242
1385;1387;193
1386;1384;113
1386;1388;128
1386;1389;242
1387;1385;193
1387;1389;207
1388;1386;128
1388;1390;366
1389;1386;242
1389;1387;207
1389;1392;255
1390;1388;366
1390;1391;211
1391;1390;211
1392;1389;255
1392;1393;161
1392;1396;111
1393;1392;161
1394;1395;282
1394;1397;253
1395;1394;282
1395;1399;118
1396;1392;111
1396;1400;108
1397;1394;253
1398;1399;125
1398;1400;175
1398;1402;298
1399;1395;118
1399;1398;125
1399;1403;185
1400;1396;108
1400;1398;175
1400;1404;467
1401;1402;254
1402;1398;298
1402;1401;254
1402;1405;476
1403;1399;185
1404;1400;467
1405;1402;476
1405;1408;178
1406;1408;265
1407;1411;227
1408;1405;178
1408;1406;265
1408;1409;213
1408;1411;122
1409;1408;213
1410;1411;117
1410;1414;135
1411;1407;227
1411;1408;122
1411;1410;117
1411;1413;327
1411;1415;143
1412;1416;222
1413;1411;327
1413;1416;287
1414;1410;135
1414;1417;349
1415;1411;143
1416;1412;222
1416;1413;287
1416;1418;141
1416;1419;204
1417;1414;349
1418;1416;141
1418;1420;120
1419;1416;204
1420;1418;120
1420;1422;178
1420;1424;280
1421;1424;214
1422;1420;178
1423;1425;176
1424;1420;280
1424;1421;214
1424;1425;282
1424;1426;410
1425;1423;176
1425;1424;282
1426;1424;410
1426;1427;190
1426;1429;176
1427;1426;190
1427;1428;259
1427;1431;257
1428;1427;259
1428;1430;237
1428;1432;174
1429;1426;176
1430;1428;237
1431;1427;257
1432;1428;174
1432;1433;147
1432;1436;326
1433;1432;147
1434;1436;267
1435;1438;122
1436;1432;326
1436;1434;267
1436;1439;222
1437;1438;162
1438;1435;122
1438;1437;162
1438;1440;172
1439;1436;222
1439;1440;256
1440;1438;172
1440;1439;256
1440;1441;227
1441;1440;227
1441;1443;230
1442;1445;140
1443;1441;230
1443;1444;169
1443;1445;150
1444;1443;169
1445;1442;140
1445;1443;150
1445;1446;136
1446;1445;136
1446;1448;246
1446;1450;352
1447;1449;372
1447;1451;411
1448;1446;246
1448;1449;249
1449;1447;372
1449;1448;249
1449;1453;317
1450;1446;352
1451;1447;411
1452;1453;183
1453;1449;317
1453;1452;183
1453;1456;246
1454;1456;211
1455;1456;151
1455;1458;152
1456;1453;246
1456;1454;211
1456;1455;151
1457;1461;154
1458;1455;152
1458;1460;358
1459;1461;113
1460;1458;358
1460;1462;215
1461;1457;154
1461;1459;113
1461;1462;203
1462;1460;215
1462;1461;203
1462;1463;240
1462;1464;110
1463;1462;240
1463;1466;252
1463;1467;269
1464;1462;110
1465;1466;285
1465;1468;276
1466;1463;252
1466;1465;285
1467;1463;269
1468;1465;276
1468;1471;255
1469;1470;241
1469;1472;100
1469;1473;162
1470;1469;241
1471;1468;255
1471;1475;306
1472;1469;100
1472;1476;297
1473;1469;162
1473;1474;328
1474;1473;328
1475;1471;306
1475;1478;165
1475;1479;162
1476;1472;297
1476;1478;230
1477;1479;383
1477;1480;347
1477;1481;116
1478;1475;165
1478;1476;230
1479;1475;162
1479;1477;383
1479;1482;247
1480;1477;347
1481;1477;116
1481;1484;141
1482;1479;247
1483;1484;132
1483;1485;316
1484;1481;141
1484;1483;132
1484;1487;123
1485;1483;316
1486;1487;280
1486;1488;272
1487;1484;123
1487;1486;280
1487;1489;228
1488;1486;272
1489;1487;228
1489;1491;193
1490;1491;218
1491;1489;193
1491;1490;218
1491;1494;326
1492;1496;113
1493;1495;513
1493;1496;108
1494;1491;326
1494;1497;165
1495;1493;513
1496;1492;113
1496;1493;108
1496;1497;320
1496;1499;147
1497;1494;165
1497;1496;320
1498;1501;345
1499;1496;147
1499;1500;101
1500;1499;101
1500;1504;333
1501;1498;345
1501;1505;465
1502;1503;322
1503;1502;322
1503;1506;255
1504;1500;333
1504;1505;118
1504;1506;126
1505;1501;465
1505;1504;118
1505;1507;161
1506;1503;255
1506;1504;126
1506;1510;147
1507;1505;161
1508;1509;208
1508;1511;107
1508;1512;188
1509;1508;208
1510;1506;147
1510;1514;140
1511;1508;107
1511;1513;177
1511;1514;252
1512;1508;188
1513;1511;177
1513;1516;214
1514;1510;140
1514;1511;252
1514;1518;229
1515;1516;190
1516;1513;214
1516;1515;190
1517;1518;286
1517;1521;223
1518;1514;229
1518;1517;286
1519;1521;382
1520;1524;159
1521;1517;223
1521;1519;382
1521;1525;211
1522;1525;251
1522;1526;282
1523;1526;175
1524;1520;159
1524;1525;320
1525;1521;211
1525;1522;251
1525;1524;320
1526;1522;282
1526;1523;175
1526;1530;138
1527;1531;210
1528;1529;199
1528;1532;129
1529;1528;199
1529;1530;149
1530;1526;138
1530;1529;149
1531;1527;210
1531;1533;238
1532;1528;129
1532;1536;180
1533;1531;238
1533;1537;228
1534;1538;495
1535;1536;115
1535;1537;175
1536;1532;180
1536;1535;115
1537;1533;228
1537;1535;175
1537;1538;156
1537;1541;158
1538;1534;495
1538;1537;156
1538;1539;156
1539;1538;156
1539;1540;387
1540;1539;387
1541;1537;158
1541;1542;127
1542;1541;127
1542;1543;328
1542;1546;515
1543;1542;328
1544;1548;241
1545;1546;189
1546;1542;515
1546;1545;189
1546;1547;475
1546;1548;227
1546;1549;230
1547;1546;475
1548;1544;241
1548;1546;227
1549;1546;230
1549;1552;144
1550;1551;657
1551;1550;657
1551;1553;170
1551;1555;160
1552;1549;144
1552;1554;121
1552;1556;680
1553;1551;170
1553;1554;224
1554;1552;121
1554;1553;224
1554;1558;239
1555;1551;160
1556;1552;680
1557;1559;214
1557;1560;201
1558;1554;239
1558;1559;217
1559;1557;214
1559;1558;217
1559;1561;220
1559;1563;183
1560;1557;201
1560;1564;171
1561;1559;220
1562;1564;118
1563;1559;183
1564;1560;171
1564;1562;118
1564;1565;277
1564;1566;189
1565;1564;277
1565;1567;151
1566;1564;189
1567;1565;151
1567;1568;273
1568;1567;273
1568;1570;261
1569;1570;316
1570;1568;261
1570;1569;316
1570;1573;270
1571;1572;211
1571;1575;111
1572;1571;211
1572;1573;206
1573;1570;270
1573;1572;206
1574;1575;135
1574;1576;239
1574;1577;213
1574;1578;256
1575;1571;111
1575;1574;135
1576;1574;239
1577;1574;213
1577;1579;314
1578;1574;256
1579;1577;314
1579;1581;144
1580;1581;129
1581;1579;144
1581;1580;129
1581;1583;111
1582;1583;108
1582;1585;126
1583;1581;111
1583;1582;108
1583;1584;122
1584;1583;122
1585;1582;126
1585;1589;211
1586;1587;338
1586;1589;214
