0;2;307
0;3;135
1;5;176
2;0;307
3;0;135
3;6;119
3;7;103
4;7;169
5;1;176
5;6;101
6;3;119
6;5;101
6;10;135
7;3;103
7;4;169
7;11;139
8;10;314
9;12;138
9;13;171
10;6;135
10;8;314
10;13;313
11;7;139
12;9;138
12;15;184
12;16;103
13;9;171
13;10;313
13;14;102
14;13;102
15;12;184
15;18;155
16;12;103
17;20;328
17;21;269
18;15;155
18;19;241
19;18;241
19;21;333
20;17;328
20;22;328
21;17;269
21;19;333
21;24;250
22;20;328
22;25;308
23;24;278
24;21;250
24;23;278
25;22;308
25;27;145
25;28;144
25;29;324
26;27;113
27;25;145
27;26;113
28;25;144
28;32;136
29;25;324
29;31;106
30;32;277
31;29;106
32;28;136
32;30;277
32;34;197
33;34;122
34;32;197
34;33;122
34;35;195
35;34;195
35;36;169
35;39;165
36;35;169
36;38;110
37;39;216
38;36;110
38;40;170
39;35;165
39;37;216
39;41;185
40;38;170
40;42;269
41;39;185
41;43;266
41;45;146
42;40;269
42;44;278
43;41;266
43;47;277
44;42;278
45;41;146
45;49;147
46;47;165
47;43;277
47;46;165
47;48;226
48;47;226
48;52;280
49;45;147
50;53;237
51;54;125
52;48;280
52;54;120
53;50;237
53;56;212
54;51;125
54;52;120
54;56;111
55;58;295
56;53;212
56;54;111
56;60;384
57;58;211
57;60;280
57;61;111
58;55;295
58;57;211
58;59;145
59;58;145
60;56;384
60;57;280
61;57;111
61;63;198
61;64;134
62;65;244
62;66;264
63;61;198
63;67;143
64;61;134
64;65;198
65;62;244
65;64;198
65;68;446
66;62;264
67;63;143
68;65;446
68;70;182
69;70;105
69;73;373
70;68;182
70;69;105
71;74;156
72;75;108
73;69;373
73;74;132
73;77;170
74;71;156
74;73;132
75;72;108
75;77;215
76;77;135
76;80;284
77;73;170
77;75;215
77;76;135
77;79;320
78;79;318
79;77;320
79;78;318
79;82;327
80;76;284
80;81;198
81;80;198
81;85;562
82;79;327
82;83;324
82;84;186
83;82;324
84;82;186
85;81;562
85;86;205
86;85;205
86;87;161
86;89;196
87;86;161
87;88;207
88;87;207
88;92;588
89;86;196
90;92;246
90;94;102
91;93;262
92;88;588
92;90;246
93;91;262
93;94;109
93;95;154
93;96;198
94;90;102
94;93;109
94;97;438
94;98;371
95;93;154
96;93;198
97;94;438
98;94;371
98;99;112
99;98;112
99;100;123
99;103;158
100;99;123
100;101;315
100;104;141
101;100;315
101;105;185
102;104;108
103;99;158
104;100;141
104;102;108
104;106;181
104;108;130
105;101;185
106;104;181
106;110;150
107;108;138
108;104;130
108;107;138
109;110;183
109;112;121
110;106;150
110;109;183
111;112;165
111;114;123
112;109;121
112;111;165
112;113;151
112;115;109
113;112;151
113;116;172
114;111;123
115;112;109
116;113;172
116;120;265
117;118;133
117;121;313
118;117;133
118;120;309
119;122;281
120;116;265
120;118;309
120;123;224
121;117;313
122;119;281
122;124;191
122;126;358
123;120;224
123;125;222
123;126;272
123;127;133
124;122;191
125;123;222
126;122;358
126;123;272
126;129;149
127;123;133
127;130;230
128;129;266
128;131;297
129;126;149
129;128;266
129;132;365
130;127;230
131;128;297
132;129;365
132;135;113
133;136;191
133;137;100
134;138;220
135;132;113
135;136;152
135;139;333
136;133;191
136;135;152
136;138;223
137;133;100
137;141;395
138;134;220
138;136;223
139;135;333
139;142;255
140;142;130
141;137;395
142;139;255
142;140;130
142;144;321
143;144;109
144;142;321
144;143;109
144;147;202
145;148;110
146;150;121
147;144;202
147;148;131
148;145;110
148;147;131
148;149;139
148;152;142
149;148;139
149;150;183
150;146;121
150;149;183
151;153;224
152;148;142
152;154;244
153;151;224
153;154;140
154;152;244
154;153;140
154;157;112
155;157;222
155;159;105
156;160;252
157;154;112
157;155;222
157;160;106
158;159;393
159;155;105
159;158;393
160;156;252
160;157;106
160;162;325
160;163;289
160;164;172
161;163;302
162;160;325
163;160;289
163;161;302
163;166;176
164;160;172
164;168;122
165;166;127
165;169;232
166;163;176
166;165;127
167;168;255
168;164;122
168;167;255
168;172;106
169;165;232
170;171;167
170;173;319
171;170;167
171;174;437
171;175;108
172;168;106
172;176;145
173;170;319
173;176;126
174;171;437
175;171;108
176;172;145
176;173;126
176;177;323
177;176;323
177;180;304
178;181;160
179;181;156
179;183;178
180;177;304
180;184;141
181;178;160
181;179;156
181;182;151
182;181;151
183;179;178
183;184;192
184;180;141
184;183;192
184;185;506
185;184;506
185;187;483
186;187;230
187;185;483
187;186;230
187;188;165
187;190;163
188;187;165
188;191;254
189;193;384
190;187;163
190;193;173
191;188;254
192;194;176
193;189;384
193;190;173
193;194;195
194;192;176
194;193;195
194;195;142
194;196;204
195;194;142
195;199;314
196;194;204
196;197;104
197;196;104
197;198;249
197;201;157
198;197;249
199;195;314
200;204;231
201;197;157
201;202;281
201;204;346
202;201;281
202;203;167
202;206;206
203;202;167
204;200;231
204;201;346
205;206;645
206;202;206
206;205;645
206;208;132
207;209;279
208;206;132
208;209;267
209;207;279
209;208;267
209;210;245
209;211;211
209;213;100
210;209;245
211;209;211
212;214;357
213;209;100
213;214;101
213;216;216
214;212;357
214;213;101
215;219;203
216;213;216
216;218;325
217;220;392
218;216;325
218;221;140
219;215;203
219;223;140
220;217;392
220;222;123
220;223;241
221;218;140
221;223;105
222;220;123
222;224;137
223;219;140
223;220;241
223;221;105
224;222;137
224;227;200
225;228;251
226;228;268
227;224;200
227;228;369
227;229;195
227;230;125
228;225;251
228;226;268
228;227;369
229;227;195
230;227;125
230;231;109
230;232;169
231;230;109
231;235;209
232;230;169
232;236;128
233;235;122
233;237;120
234;237;147
235;231;209
235;233;122
236;232;128
236;240;148
237;233;120
237;234;147
237;241;212
238;241;274
239;241;152
239;242;297
240;236;148
240;244;254
241;237;212
241;238;274
241;239;152
241;245;100
242;239;297
242;243;132
243;242;132
244;240;254
244;248;154
245;241;100
246;247;207
246;249;184
247;246;207
248;244;154
248;249;257
248;250;147
249;246;184
249;248;257
249;252;109
250;248;147
250;254;236
251;253;115
252;249;109
253;251;115
253;254;303
253;255;253
254;250;236
254;253;303
254;256;409
254;258;131
255;253;253
256;254;409
257;258;195
258;254;131
258;257;195
258;260;514
258;262;110
259;261;295
259;262;120
260;258;514
261;259;295
262;258;110
262;259;120
262;263;258
263;262;258
263;266;127
264;265;192
264;267;151
265;264;192
266;263;127
266;269;312
267;264;151
267;268;364
268;267;364
268;270;281
268;272;308
269;266;312
269;271;342
270;268;281
271;269;342
271;272;140
271;275;105
272;268;308
272;271;140
273;274;389
274;273;389
274;275;393
274;278;198
275;271;105
275;274;393
275;276;268
276;275;268
276;280;124
277;280;396
278;274;198
278;281;273
279;282;371
279;283;294
280;276;124
280;277;396
280;282;331
281;278;273
282;279;371
282;280;331
283;279;294
283;286;265
284;287;254
285;286;258
285;288;133
286;283;265
286;285;258
286;290;308
287;284;254
287;289;104
287;290;245
288;285;133
289;287;104
290;286;308
290;287;245
290;291;408
290;293;112
291;290;408
291;294;315
292;294;267
292;295;379
293;290;112
293;297;182
294;291;315
294;292;267
295;292;379
296;300;126
297;293;182
297;298;310
298;297;310
298;299;222
299;298;222
299;300;186
300;296;126
300;299;186
300;302;183
301;303;329
302;300;183
302;303;376
302;305;324
303;301;329
303;302;376
304;308;243
305;302;324
305;309;239
306;308;316
307;310;147
308;304;243
308;306;316
308;311;116
309;305;239
309;310;105
310;307;147
310;309;105
310;311;154
310;312;147
311;308;116
311;310;154
312;310;147
312;314;235
312;315;191
313;314;294
314;312;235
314;313;294
315;312;191
315;318;111
316;317;275
316;318;273
317;316;275
318;315;111
318;316;273
318;320;133
319;320;218
320;318;133
320;319;218
320;321;190
320;323;184
321;320;190
322;324;344
322;326;295
323;320;184
323;327;346
324;322;344
325;327;109
325;329;112
326;322;295
326;329;422
327;323;346
327;325;109
327;330;332
328;329;351
328;332;127
329;325;112
329;326;422
329;328;351
329;333;218
330;327;332
331;333;128
331;335;151
332;328;127
333;329;218
333;331;128
333;336;351
334;337;372
335;331;151
336;333;351
336;337;361
336;338;127
337;334;372
337;336;361
338;336;127
338;339;226
338;341;341
339;338;226
339;342;324
340;342;126
340;343;152
341;338;341
342;339;324
342;340;126
342;346;153
343;340;152
344;345;122
344;348;138
345;344;122
345;346;176
345;349;107
346;342;153
346;345;176
346;347;127
347;346;127
347;350;231
348;344;138
349;345;107
349;351;218
350;347;231
350;354;118
351;349;218
352;354;157
353;354;129
354;350;118
354;352;157
354;353;129
354;355;527
354;357;265
354;358;249
355;354;527
356;360;336
357;354;265
357;361;148
358;354;249
358;359;158
358;360;101
359;358;158
360;356;336
360;358;101
361;357;148
361;362;299
362;361;299
362;366;346
363;365;299
364;365;137
365;363;299
365;364;137
365;367;178
365;369;195
366;362;346
366;367;108
366;370;148
367;365;178
367;366;108
367;371;363
368;371;349
369;365;195
370;366;148
370;373;337
371;367;363
371;368;349
371;375;194
372;375;331
373;370;337
373;374;326
374;373;326
375;371;194
375;372;331
375;376;210
375;379;249
376;375;210
376;378;422
377;379;106
378;376;422
378;381;158
379;375;249
379;377;106
380;382;392
381;378;158
381;383;331
382;380;392
382;385;127
383;381;331
383;385;202
384;387;159
385;382;127
385;383;202
385;386;200
385;388;232
386;385;200
386;390;366
387;384;159
387;388;255
387;389;443
387;391;156
388;385;232
388;387;255
388;392;340
389;387;443
390;386;366
391;387;156
391;393;247
392;388;340
393;391;247
393;396;312
394;398;413
395;396;189
396;393;312
396;395;189
396;399;136
397;400;227
397;401;235
398;394;413
398;401;117
399;396;136
399;400;132
400;397;227
400;399;132
401;397;235
401;398;117
401;404;109
402;404;312
403;405;220
404;401;109
404;402;312
404;405;146
404;406;211
405;403;220
405;404;146
405;407;139
406;404;211
406;410;309
407;405;139
408;410;245
408;412;299
409;413;272
410;406;309
410;408;245
411;413;285
412;408;299
412;413;367
412;416;286
413;409;272
413;411;285
413;412;367
413;415;301
414;415;157
414;418;199
415;413;301
415;414;157
416;412;286
416;420;309
417;420;124
418;414;199
418;419;413
419;418;413
419;421;478
420;416;309
420;417;124
420;423;135
421;419;478
421;425;196
422;423;246
423;420;135
423;422;246
424;428;138
425;421;196
425;428;263
426;428;226
426;429;304
427;429;102
428;424;138
428;425;263
428;426;226
429;426;304
429;427;102
429;430;148
429;431;186
430;429;148
430;432;290
431;429;186
431;433;153
432;430;290
433;431;153
433;436;162
434;438;189
435;437;208
436;433;162
436;438;119
437;435;208
437;441;161
438;434;189
438;436;119
438;439;140
438;440;268
439;438;140
439;443;281
440;438;268
440;442;145
441;437;161
441;442;144
442;440;145
442;441;144
443;439;281
443;444;207
444;443;207
444;445;160
445;444;160
445;447;181
445;448;228
446;447;310
447;445;181
447;446;310
448;445;228
448;451;155
449;451;214
450;451;139
451;448;155
451;449;214
451;450;139
451;452;100
451;453;133
452;451;100
452;456;242
453;451;133
453;457;343
454;456;191
455;456;191
456;452;242
456;454;191
456;455;191
456;458;202
456;459;114
457;453;343
458;456;202
458;461;164
459;456;114
459;463;247
460;464;322
461;458;164
461;462;369
462;461;369
462;465;323
463;459;247
464;460;322
464;465;142
464;466;367
464;467;342
465;462;323
465;464;142
465;468;465
466;464;367
466;469;206
467;464;342
468;465;465
468;472;454
469;466;206
470;473;313
471;473;387
471;474;307
472;468;454
472;473;167
473;470;313
473;471;387
473;472;167
473;477;233
474;471;307
475;479;317
476;477;107
476;478;196
476;479;288
477;473;233
477;476;107
478;476;196
479;475;317
479;476;288
479;482;326
480;482;250
481;484;232
482;479;326
482;480;250
482;484;176
483;486;277
484;481;232
484;482;176
484;487;147
484;488;290
485;489;207
486;483;277
486;490;340
487;484;147
487;489;134
487;490;249
488;484;290
488;492;110
489;485;207
489;487;134
490;486;340
490;487;249
491;492;113
491;495;273
492;488;110
492;491;113
493;495;293
494;496;287
495;491;273
495;493;293
495;496;285
495;499;121
496;494;287
496;495;285
497;498;147
498;497;147
498;499;349
499;495;121
499;498;349
499;501;270
499;502;271
500;503;278
501;499;270
502;499;271
502;504;113
502;505;133
503;500;278
503;505;101
504;502;113
504;507;199
505;502;133
505;503;101
505;506;127
506;505;127
506;510;289
507;504;199
507;509;235
507;511;115
508;511;332
509;507;235
510;506;289
510;513;244
511;507;115
511;508;332
512;516;203
513;510;244
513;516;154
514;517;383
515;519;233
516;512;203
516;513;154
516;517;208
516;518;279
516;519;118
516;520;241
517;514;383
517;516;208
518;516;279
518;521;296
519;515;233
519;516;118
520;516;241
520;522;236
520;523;334
521;518;296
521;525;160
522;520;236
523;520;334
523;527;147
524;526;229
524;527;226
525;521;160
526;524;229
527;523;147
527;524;226
527;530;304
528;529;228
528;531;322
529;528;228
530;527;304
530;533;108
530;534;138
531;528;322
531;533;192
532;534;323
532;535;236
533;530;108
533;531;192
533;536;161
533;537;473
534;530;138
534;532;323
535;532;236
536;533;161
536;539;411
536;540;323
537;533;473
538;540;337
539;536;411
539;543;287
540;536;323
540;538;337
540;544;199
541;543;341
542;545;270
543;539;287
543;541;341
543;547;186
544;540;199
545;542;270
545;546;127
545;549;113
546;545;127
547;543;186
547;549;393
548;552;168
549;545;113
549;547;393
549;551;141
549;553;102
550;554;181
551;549;141
551;552;138
551;555;126
552;548;168
552;551;138
552;554;141
553;549;102
554;550;181
554;552;141
555;551;126
555;559;137
556;559;109
557;559;193
558;561;157
558;562;275
559;555;137
559;556;109
559;557;193
559;560;201
559;563;158
560;559;201
560;562;265
561;558;157
562;558;275
562;560;265
562;566;258
563;559;158
564;565;220
564;567;194
565;564;220
565;566;135
566;562;258
566;565;135
566;569;194
567;564;194
567;570;245
568;570;121
569;566;194
569;572;255
570;567;245
570;568;121
570;574;109
571;572;342
572;569;255
572;571;342
572;573;247
573;572;247
574;570;109
574;576;344
574;577;197
575;576;205
575;578;184
576;574;344
576;575;205
577;574;197
578;575;184
578;580;397
578;581;326
579;580;239
580;578;397
580;579;239
580;584;234
581;578;326
582;586;249
583;587;205
584;580;234
584;588;307
585;586;404
586;582;249
586;585;404
586;587;323
586;588;186
586;590;314
587;583;205
587;586;323
588;584;307
588;586;186
589;591;163
589;592;164
590;586;314
590;592;275
591;589;163
591;594;264
592;589;164
592;590;275
592;593;308
592;596;358
593;592;308
593;595;204
594;591;264
595;593;204
596;592;358
596;599;302
597;599;182
597;601;239
598;599;169
599;596;302
599;597;182
599;598;169
599;602;198
600;601;356
600;603;131
601;597;239
601;600;356
602;599;198
602;604;237
602;606;113
603;600;131
604;602;237
604;605;607
605;604;607
606;602;113
606;607;231
607;606;231
607;608;459
608;607;459
608;611;144
608;612;298
609;612;144
610;611;222
611;608;144
611;610;222
611;614;369
612;608;298
612;609;144
612;613;164
612;615;205
613;612;164
614;611;369
615;612;205
615;618;195
615;619;218
616;619;296
617;621;186
618;615;195
618;620;233
619;615;218
619;616;296
620;618;233
620;621;206
621;617;186
621;620;206
621;622;133
622;621;133
622;624;297
623;627;247
624;622;297
624;625;130
624;627;255
625;624;130
625;629;109
626;628;275
626;629;346
627;623;247
627;624;255
628;626;275
629;625;109
629;626;346
629;630;285
629;631;248
630;629;285
630;634;259
631;629;248
632;634;106
632;635;167
633;634;303
634;630;259
634;632;106
634;633;303
634;636;275
634;637;364
634;638;119
635;632;167
636;634;275
636;639;307
636;640;195
637;634;364
638;634;119
638;641;235
639;636;307
640;636;195
641;638;235
641;643;424
642;645;176
642;646;127
643;641;424
643;645;444
644;648;265
645;642;176
645;643;444
645;647;226
645;648;287
646;642;127
646;650;205
647;645;226
648;644;265
648;645;287
648;652;309
649;653;311
650;646;205
650;653;378
651;653;321
651;654;316
652;648;309
653;649;311
653;650;378
653;651;321
653;656;198
654;651;316
654;658;368
655;657;135
656;653;198
657;655;135
657;661;256
658;654;368
658;659;240
658;660;158
659;658;240
659;661;186
659;663;109
660;658;158
661;657;256
661;659;186
662;664;175
662;666;200
663;659;109
663;665;166
664;662;175
664;665;188
665;663;166
665;664;188
666;662;200
666;668;353
667;669;205
667;671;344
668;666;353
668;670;173
668;671;287
668;672;309
669;667;205
670;668;173
671;667;344
671;668;287
672;668;309
672;674;353
673;674;207
674;672;353
674;673;207
674;677;218
675;679;395
676;680;329
677;674;218
677;681;336
678;679;119
678;682;176
679;675;395
679;678;119
679;681;218
680;676;329
680;684;313
681;677;336
681;679;218
681;684;319
682;678;176
683;687;288
684;680;313
684;681;319
684;685;435
685;684;435
685;687;226
686;690;346
687;683;288
687;685;226
687;688;442
687;689;248
688;687;442
689;687;248
689;691;144
689;692;284
690;686;346
690;693;237
691;689;144
691;694;194
692;689;284
693;690;237
693;697;192
694;691;194
694;695;107
695;694;107
695;697;105
696;699;161
696;700;414
697;693;192
697;695;105
697;701;123
698;699;333
698;701;222
699;696;161
699;698;333
699;702;401
700;696;414
701;697;123
701;698;222
702;699;401
702;705;353
703;706;322
704;705;321
704;706;317
705;702;353
705;704;321
706;703;322
706;704;317
706;710;209
707;709;426
707;710;106
708;710;229
709;707;426
709;712;432
710;706;209
710;707;106
710;708;229
710;711;269
710;713;229
711;710;269
712;709;432
712;714;411
713;710;229
714;712;411
714;716;195
715;716;159
716;714;195
716;715;159
716;717;140
716;719;424
717;716;140
717;721;128
718;721;312
719;716;424
720;722;120
720;723;457
721;717;128
721;718;312
721;723;145
722;720;120
723;720;457
723;721;145
723;726;275
724;728;171
725;726;342
726;723;275
726;725;342
726;727;283
727;726;283
727;728;101
727;730;280
727;731;237
728;724;171
728;727;101
729;733;405
730;727;280
730;732;111
730;734;116
731;727;237
732;730;111
732;735;202
732;736;260
733;729;405
733;736;192
734;730;116
735;732;202
736;732;260
736;733;192
736;737;318
736;739;106
736;740;235
737;736;318
737;741;253
738;740;161
738;742;184
739;736;106
739;743;332
740;736;235
740;738;161
741;737;253
741;745;225
742;738;184
743;739;332
743;746;363
744;748;430
745;741;225
746;743;363
746;750;287
747;750;458
748;744;430
748;752;257
749;751;119
749;752;139
749;753;275
750;746;287
750;747;458
750;753;211
751;749;119
752;748;257
752;749;139
753;749;275
753;750;211
753;757;116
754;756;129
754;758;227
755;756;155
755;757;241
755;759;202
756;754;129
756;755;155
757;753;116
757;755;241
758;754;227
759;755;202
759;761;227
759;762;124
759;763;100
760;762;128
761;759;227
762;759;124
762;760;128
762;764;139
763;759;100
763;765;145
763;767;232
764;762;139
765;763;145
765;766;127
765;768;126
766;765;127
767;763;232
768;765;126
768;770;121
768;772;105
769;771;120
770;768;121
771;769;120
771;772;193
771;774;101
772;768;105
772;771;193
772;775;390
773;777;110
774;771;101
774;776;206
774;778;318
775;772;390
776;774;206
776;777;157
777;773;110
777;776;157
778;774;318
778;780;345
779;780;234
779;782;274
780;778;345
780;779;234
780;783;304
781;784;491
782;779;274
782;784;236
782;786;250
783;780;304
783;787;358
784;781;491
784;782;236
784;785;217
784;788;247
785;784;217
786;782;250
786;790;119
787;783;358
787;791;271
788;784;247
789;793;367
790;786;119
790;792;375
790;793;109
791;787;271
792;790;375
792;794;252
793;789;367
793;790;109
793;796;121
794;792;252
795;796;133
796;793;121
796;795;133
796;800;120
797;800;230
798;801;213
799;802;223
800;796;120
800;797;230
800;801;188
800;804;138
801;798;213
801;800;188
801;803;316
801;805;182
802;799;223
802;804;135
803;801;316
804;800;138
804;802;135
805;801;182
805;806;399
806;805;399
806;807;213
806;809;211
807;806;213
807;810;312
807;811;379
808;810;338
809;806;211
810;807;312
810;808;338
810;814;282
811;807;379
812;816;264
813;814;205
813;815;146
814;810;282
814;813;205
815;813;146
815;816;203
816;812;264
816;815;203
816;819;173
817;818;230
818;817;230
818;819;158
818;821;356
819;816;173
819;818;158
819;822;372
820;823;224
821;818;356
821;825;221
822;819;372
823;820;224
823;824;231
824;823;231
824;825;304
825;821;221
825;824;304
825;829;147
826;830;583
827;831;366
828;831;304
828;832;141
829;825;147
829;831;307
830;826;583
830;834;155
831;827;366
831;828;304
831;829;307
832;828;141
832;834;238
832;835;137
833;835;189
834;830;155
834;832;238
835;832;137
835;833;189
835;836;113
835;838;348
836;835;113
837;839;180
838;835;348
838;840;303
839;837;180
839;842;280
840;838;303
840;842;242
841;844;476
842;839;280
842;840;242
842;843;155
842;845;216
843;842;155
844;841;476
844;845;163
844;848;307
845;842;216
845;844;163
846;849;392
846;850;320
847;848;100
847;850;204
848;844;307
848;847;100
849;846;392
849;853;153
850;846;320
850;847;204
851;855;268
852;855;271
853;849;153
853;854;130
853;857;223
854;853;130
854;858;254
855;851;268
855;852;271
855;856;266
855;859;397
856;855;266
856;857;130
857;853;223
857;856;130
858;854;254
859;855;397
859;863;300
860;864;210
861;863;414
862;863;188
863;859;300
863;861;414
863;862;188
863;864;122
863;865;155
863;867;222
864;860;210
864;863;122
864;866;167
865;863;155
866;864;167
866;868;105
866;870;337
867;863;222
868;866;105
869;870;216
869;871;349
870;866;337
870;869;216
870;874;111
871;869;349
872;874;156
873;874;100
874;870;111
874;872;156
874;873;100
874;876;151
875;879;115
876;874;151
876;879;185
876;880;442
877;878;138
878;877;138
878;882;403
879;875;115
879;876;185
880;876;442
880;883;237
881;885;122
882;878;403
882;883;122
883;880;237
883;882;122
883;884;332
884;883;332
884;886;344
885;881;122
885;887;278
886;884;344
886;887;218
886;888;461
886;890;165
887;885;278
887;886;218
888;886;461
889;891;125
889;893;268
890;886;165
890;893;408
891;889;125
891;895;341
892;894;247
893;889;268
893;890;408
893;894;129
894;892;247
894;893;129
895;891;341
895;898;152
895;899;261
896;898;169
897;898;100
897;900;327
898;895;152
898;896;169
898;897;100
899;895;261
899;901;161
900;897;327
901;899;161
901;905;214
902;906;140
903;907;262
904;908;316
905;901;214
905;906;353
906;902;140
906;905;353
906;909;273
906;910;101
907;903;262
907;909;250
908;904;316
908;911;136
909;906;273
909;907;250
910;906;101
910;913;229
910;914;109
911;908;136
911;912;198
912;911;198
912;913;130
912;916;224
913;910;229
913;912;130
914;910;109
914;918;110
915;919;155
916;912;224
917;918;225
918;914;110
918;917;225
918;919;195
918;921;225
919;915;155
919;918;195
919;923;267
920;921;179
921;918;225
921;920;179
921;924;162
922;925;178
923;919;267
924;921;162
924;925;343
924;928;235
925;922;178
925;924;343
926;930;146
927;930;103
928;924;235
928;929;258
928;930;103
929;928;258
929;932;106
930;926;146
930;927;103
930;928;103
931;935;111
932;929;106
932;934;111
933;935;117
933;936;219
934;932;111
934;936;127
934;938;157
935;931;111
935;933;117
936;933;219
936;934;127
936;937;164
936;939;376
936;940;204
937;936;164
937;941;203
938;934;157
939;936;376
940;936;204
940;944;122
941;937;203
941;942;410
942;941;410
942;943;212
943;942;212
943;946;126
944;940;122
945;949;331
946;943;126
946;948;161
946;949;113
947;949;426
948;946;161
949;945;331
949;946;113
949;947;426
949;951;198
950;951;222
950;952;232
950;953;328
951;949;198
951;950;222
952;950;232
952;954;453
953;950;328
953;957;376
954;952;453
955;958;367
956;957;206
957;953;376
957;956;206
957;959;142
958;955;367
958;959;107
958;960;322
958;962;103
959;957;142
959;958;107
959;961;220
960;958;322
961;959;220
962;958;103
962;965;326
963;965;351
963;966;212
964;966;134
965;962;326
965;963;351
965;967;111
966;963;212
966;964;134
966;970;355
967;965;111
967;969;131
968;971;303
968;972;245
969;967;131
969;972;145
970;966;355
971;968;303
971;973;129
972;968;245
972;969;145
973;971;129
973;976;305
974;975;270
974;978;169
975;974;270
976;973;305
976;977;186
976;980;322
977;976;186
978;974;169
978;982;211
979;980;128
980;976;322
980;979;128
980;983;180
980;984;147
981;982;150
982;978;211
982;981;150
982;986;160
983;980;180
984;980;147
984;985;137
985;984;137
985;988;135
985;989;140
986;982;160
986;987;173
986;990;138
987;986;173
987;988;146
988;985;135
988;987;146
988;992;307
989;985;140
990;986;138
990;991;220
991;990;220
991;994;361
991;995;317
992;988;307
992;993;138
993;992;138
994;991;361
994;996;103
995;991;317
996;994;103
996;1000;245
997;998;147
998;997;147
998;1001;114
998;1002;188
999;1000;219
999;1003;271
1000;996;245
1000;999;219
1000;1004;226
1001;998;114
1001;1005;182
1002;998;188
1003;999;271
1004;1000;226
1004;1005;123
1004;1008;166
1005;1001;182
1005;1004;123
1006;1007;219
1006;1008;221
1006;1009;117
1007;1006;219
1008;1004;166
1008;1006;221
1008;1010;257
1009;1006;117
1010;1008;257
1010;1013;183
1011;1012;251
1011;1015;185
1012;1011;251
1012;1014;146
1013;1010;183
1013;1014;173
1013;1016;458
1014;1012;146
1014;1013;173
1014;1018;373
1015;1011;185
1016;1013;458
1017;1018;207
1017;1020;111
1017;1021;117
1018;1014;373
1018;1017;207
1019;1020;153
1020;1017;111
1020;1019;153
1020;1024;273
1021;1017;117
1021;1023;148
1022;1023;199
1023;1021;148
1023;1022;199
1024;1020;273
1024;1026;256
1025;1026;333
1025;1028;142
1026;1024;256
1026;1025;333
1027;1028;263
1027;1030;265
1028;1025;142
1028;1027;263
1029;1030;287
1029;1031;295
1030;1027;265
1030;1029;287
1031;1029;295
1031;1033;121
1031;1034;373
1032;1034;193
1032;1036;377
1033;1031;121
1034;1031;373
1034;1032;193
1034;1037;163
1035;1038;216
1036;1032;377
1036;1038;284
1036;1040;163
1037;1034;163
1038;1035;216
1038;1036;284
1038;1042;224
1039;1040;103
1040;1036;163
1040;1039;103
1041;1043;223
1041;1044;203
1042;1038;224
1042;1045;424
1043;1041;223
1043;1047;202
1044;1041;203
1045;1042;424
1045;1046;399
1045;1048;228
1046;1045;399
1047;1043;202
1047;1051;219
1048;1045;228
1048;1049;354
1048;1051;131
1048;1052;384
1049;1048;354
1050;1051;336
1050;1054;203
1051;1047;219
1051;1048;131
1051;1050;336
1052;1048;384
1053;1054;156
1054;1050;203
1054;1053;156
1054;1057;188
1055;1058;256
1056;1060;410
1057;1054;188
1057;1058;130
1058;1055;256
1058;1057;130
1058;1059;141
1059;1058;141
1059;1060;102
1059;1062;340
1060;1056;410
1060;1059;102
1060;1061;408
1061;1060;408
1061;1064;135
1061;1065;262
1062;1059;340
1063;1067;205
1064;1061;135
1064;1067;203
1065;1061;262
1065;1066;298
1065;1069;140
1066;1065;298
1067;1063;205
1067;1064;203
1068;1070;238
1069;1065;140
1069;1071;109
1070;1068;238
1070;1071;320
1070;1074;128
1071;1069;109
1071;1070;320
1071;1073;185
1072;1074;187
1073;1071;185
1073;1077;144
1074;1070;128
1074;1072;187
1074;1078;227
1075;1076;245
1075;1079;415
1076;1075;245
1077;1073;144
1077;1081;413
1078;1074;227
1079;1075;415
1079;1080;331
1079;1082;371
1080;1079;331
1080;1081;322
1080;1083;166
1081;1077;413
1081;1080;322
1082;1079;371
1083;1080;166
1083;1087;388
1084;1086;422
1084;1088;164
1085;1089;160
1086;1084;422
1087;1083;388
1087;1091;195
1088;1084;164
1088;1092;113
1089;1085;160
1089;1093;275
1090;1092;557
1091;1087;195
1091;1092;260
1091;1094;305
1092;1088;113
1092;1090;557
1092;1091;260
1093;1089;275
1093;1094;308
1094;1091;305
1094;1093;308
1094;1098;214
1095;1097;171
1096;1097;469
1097;1095;171
1097;1096;469
1097;1098;179
1097;1099;440
1097;1101;244
1098;1094;214
1098;1097;179
1099;1097;440
1100;1102;292
1100;1103;116
1101;1097;244
1101;1104;149
1102;1100;292
1102;1104;225
1102;1106;318
1103;1100;116
1104;1101;149
1104;1102;225
1105;1107;450
1105;1108;387
1106;1102;318
1106;1109;268
1107;1105;450
1107;1109;300
1108;1105;387
1109;1106;268
1109;1107;300
1109;1110;365
1110;1109;365
1110;1114;204
1111;1114;266
1112;1113;137
1112;1115;176
1112;1116;265
1113;1112;137
1114;1110;204
1114;1111;266
1114;1116;182
1114;1117;475
1114;1118;116
1115;1112;176
1116;1112;265
1116;1114;182
1117;1114;475
1118;1114;116
1118;1121;115
1119;1123;265
1120;1123;115
1121;1118;115
1121;1122;318
1122;1121;318
1122;1123;266
1122;1124;419
1123;1119;265
1123;1120;115
1123;1122;266
1124;1122;419
1124;1127;271
1125;1127;353
1126;1127;303
1126;1128;334
1126;1130;462
1127;1124;271
1127;1125;353
1127;1126;303
1128;1126;334
1129;1133;218
1130;1126;462
1130;1131;314
1130;1132;152
1130;1133;132
1131;1130;314
1131;1135;318
1132;1130;152
1133;1129;218
1133;1130;132
1133;1134;272
1133;1136;118
1134;1133;272
1135;1131;318
1136;1133;118
1136;1139;115
1136;1140;175
1137;1141;336
1138;1139;193
1138;1142;155
1139;1136;115
1139;1138;193
1139;1143;259
1140;1136;175
1141;1137;336
1141;1144;395
1141;1145;223
1142;1138;155
1143;1139;259
1143;1144;335
1144;1141;395
1144;1143;335
1144;1147;343
1145;1141;223
1145;1146;329
1146;1145;329
1146;1150;341
1147;1144;343
1147;1149;113
1148;1150;188
1148;1152;266
1149;1147;113
1150;1146;341
1150;1148;188
1150;1153;182
1150;1154;234
1151;1153;193
1152;1148;266
1152;1155;300
1153;1150;182
1153;1151;193
1154;1150;234
1154;1158;163
1155;1152;300
1156;1157;116
1156;1160;127
1157;1156;116
1157;1161;158
1158;1154;163
1158;1160;186
1159;1162;126
1160;1156;127
1160;1158;186
1161;1157;158
1161;1163;298
1162;1159;126
1162;1163;352
1163;1161;298
1163;1162;352
1163;1166;207
1164;1165;194
1164;1167;123
1165;1164;194
1165;1166;261
1166;1163;207
1166;1165;261
1166;1169;272
1166;1170;158
1167;1164;123
1168;1170;247
1169;1166;272
1170;1166;158
1170;1168;247
1170;1174;262
1171;1173;133
1172;1173;143
1172;1175;177
1173;1171;133
1173;1172;143
1174;1170;262
1174;1176;192
1175;1172;177
1175;1176;264
1176;1174;192
1176;1175;264
1176;1177;303
1176;1180;267
1177;1176;303
1178;1182;232
1179;1181;104
1180;1176;267
1180;1182;301
1181;1179;104
1181;1182;235
1182;1178;232
1182;1180;301
1182;1181;235
1182;1186;330
1183;1184;172
1184;1183;172
1184;1187;165
1185;1187;183
1186;1182;330
1186;1188;262
1186;1190;201
1187;1184;165
1187;1185;183
1187;1191;156
1188;1186;262
1188;1191;191
1189;1191;317
1190;1186;201
1191;1187;156
1191;1188;191
1191;1189;317
1191;1195;166
1192;1195;184
1193;1195;274
1194;1195;138
1195;1191;166
1195;1192;184
1195;1193;274
1195;1194;138
1195;1198;334
1196;1200;132
1197;1200;413
1198;1195;334
1198;1199;320
1198;1200;200
1199;1198;320
1200;1196;132
1200;1197;413
1200;1198;200
1200;1202;147
1200;1203;116
1201;1204;157
1202;1200;147
1203;1200;116
1203;1205;138
1203;1206;126
1203;1207;172
1204;1201;157
1204;1207;261
1204;1208;220
1205;1203;138
1206;1203;126
1207;1203;172
1207;1204;261
1208;1204;220
1208;1210;226
1209;1210;590
1210;1208;226
1210;1209;590
1210;1212;256
1211;1213;179
1211;1215;136
1212;1210;256
1212;1214;223
1212;1215;123
1213;1211;179
1214;1212;223
1214;1216;130
1214;1218;110
1215;1211;136
1215;1212;123
1215;1219;172
1216;1214;130
1217;1219;350
1218;1214;110
1218;1220;162
1218;1222;181
1219;1215;172
1219;1217;350
1220;1218;162
1220;1223;364
1221;1222;187
1222;1218;181
1222;1221;187
1223;1220;364
1223;1225;174
1224;1226;133
1224;1228;181
1225;1223;174
1225;1229;364
1226;1224;133
1227;1228;119
1228;1224;181
1228;1227;119
1228;1229;232
1228;1230;194
1229;1225;364
1229;1228;232
1229;1232;130
1230;1228;194
1231;1232;237
1232;1229;130
1232;1231;237
1232;1236;202
1233;1237;231
1234;1235;219
1235;1234;219
1235;1239;341
1236;1232;202
1236;1239;244
1237;1233;231
1237;1241;244
1238;1239;236
1238;1242;219
1239;1235;341
1239;1236;244
1239;1238;236
1240;1242;364
1241;1237;244
1241;1242;248
1241;1244;139
1241;1245;388
1242;1238;219
1242;1240;364
1242;1241;248
1242;1243;329
1243;1242;329
1244;1241;139
1245;1241;388
1245;1246;119
1246;1245;119
1246;1248;207
1246;1250;359
1247;1250;223
1247;1251;246
1248;1246;207
1248;1249;496
1249;1248;496
1250;1246;359
1250;1247;223
1250;1253;328
1251;1247;246
1251;1255;302
1252;1255;548
1253;1250;328
1254;1257;388
1255;1251;302
1255;1252;548
1255;1256;271
1256;1255;271
1256;1259;275
1257;1254;388
1257;1260;220
1258;1261;230
1259;1256;275
1259;1260;274
1260;1257;220
1260;1259;274
1260;1261;215
1261;1258;230
1261;1260;215
1261;1262;303
1261;1264;201
1262;1261;303
1263;1265;140
1263;1266;300
1264;1261;201
1264;1265;266
1265;1263;140
1265;1264;266
1265;1269;115
1266;1263;300
1266;1270;286
1267;1271;283
1268;1269;256
1269;1265;115
1269;1268;256
1270;1266;286
1270;1272;247
1270;1273;358
1271;1267;283
1271;1275;201
1272;1270;247
1272;1274;150
1272;1275;161
1273;1270;358
1273;1276;332
1274;1272;150
1275;1271;201
1275;1272;161
1275;1279;249
1276;1273;332
1277;1278;155
1278;1277;155
1278;1279;126
1278;1282;147
1279;1275;249
1279;1278;126
1280;1281;113
1280;1283;224
1281;1280;113
1281;1282;161
1281;1284;242
1282;1278;147
1282;1281;161
1283;1280;224
1283;1286;184
1283;1287;131
1284;1281;242
1284;1285;315
1285;1284;315
1285;1289;336
1286;1283;184
1286;1288;120
1287;1283;131
1288;1286;120
1289;1285;336
1289;1290;385
1289;1291;309
1290;1289;385
1290;1292;321
1291;1289;309
1291;1293;220
1292;1290;321
1293;1291;220
1293;1295;246
1293;1296;431
1294;1295;170
1295;1293;246
1295;1294;170
1295;1299;165
1296;1293;431
1296;1300;319
1297;1299;155
1298;1300;181
1298;1302;319
1299;1295;165
1299;1297;155
1300;1296;319
1300;1298;181
1300;1301;176
1300;1303;389
1301;1300;176
1302;1298;319
1302;1305;238
1303;1300;389
1304;1308;132
1305;1302;238
1305;1307;147
1306;1307;169
1307;1305;147
1307;1306;169
1307;1310;224
1308;1304;132
1308;1309;139
1309;1308;139
1309;1310;215
1310;1307;224
1310;1309;215
1310;1312;213
1310;1313;194
1311;1314;250
1312;1310;213
1313;1310;194
1313;1314;194
1313;1317;315
1314;1311;250
1314;1313;194
1314;1316;101
1314;1318;209
1315;1318;207
1316;1314;101
1317;1313;315
1318;1314;209
1318;1315;207
1318;1320;270
1319;1320;244
1319;1321;142
1320;1318;270
1320;1319;244
1321;1319;142
1321;1322;133
1321;1325;128
1322;1321;133
1322;1324;177
1322;1326;174
1323;1325;175
1324;1322;177
1324;1327;101
1325;1321;128
1325;1323;175
1326;1322;174
1327;1324;101
1327;1329;304
1328;1330;312
1329;1327;304
1329;1331;150
1330;1328;312
1330;1333;138
1331;1329;150
1331;1333;143
1331;1334;499
1332;1333;286
1332;1335;276
1333;1330;138
1333;1331;143
1333;1332;286
1333;1336;304
1334;1331;499
1335;1332;276
1335;1337;100
1336;1333;304
1336;1338;162
1336;1339;175
1337;1335;100
1338;1336;162
1338;1342;161
1339;1336;175
1339;1340;117
1339;1341;319
1340;1339;117
1340;1343;168
1341;1339;319
1342;1338;161
1343;1340;168
1343;1345;132
1344;1348;100
1345;1343;132
1345;1349;210
1346;1348;114
1347;1348;184
1348;1344;100
1348;1346;114
1348;1347;184
1348;1351;110
1349;1345;210
1349;1350;168
1349;1352;369
1349;1353;360
1350;1349;168
1350;1351;256
1351;1348;110
1351;1350;256
1352;1349;369
1352;1354;126
1353;1349;360
1354;1352;126
1354;1357;192
1355;1358;317
1355;1359;283
1356;1357;143
1357;1354;192
1357;1356;143
1357;1359;207
1357;1360;421
1357;1361;360
1358;1355;317
1359;1355;283
1359;1357;207
1360;1357;421
1360;1362;137
1361;1357;360
1362;1360;137
1362;1366;108
1363;1364;376
1364;1363;376
1364;1365;169
1364;1366;115
1365;1364;169
1366;1362;108
1366;1364;115
1366;1368;225
1366;1370;106
1367;1370;229
1368;1366;225
1368;1372;156
1369;1373;187
1370;1366;106
1370;1367;229
1370;1373;195
1371;1372;114
1371;1374;187
1372;1368;156
1372;1371;114
1373;1369;187
1373;1370;195
1374;1371;187
1374;1377;317
1375;1377;184
1375;1379;213
1376;1378;184
1377;1374;317
1377;1375;184
1377;1378;239
1378;1376;184
1378;1377;239
1378;1381;267
1378;1382;340
1379;1375;213
1379;1380;166
1380;1379;166
1381;1378;267
1382;1378;340
1382;1385;284
1383;1385;138
1383;1387;240
1384;1388;132
1385;1382;284
1385;1383;138
1386;1387;508
1387;1383;240
1387;1386;508
1387;1389;199
1388;1384;132
1388;1392;275
1389;1387;199
1389;1390;148
1389;1391;156
1389;1392;274
1390;1389;148
1391;1389;156
1391;1393;267
1391;1394;257
1392;1388;275
1392;1389;274
1393;1391;267
1394;1391;257
1394;1397;366
1394;1398;147
1395;1397;421
1396;1397;248
1397;1394;366
1397;1395;421
1397;1396;248
1397;1400;134
1398;1394;147
1398;1399;340
1398;1401;310
1399;1398;340
1400;1397;134
1400;1402;282
1401;1398;310
1402;1400;282
1402;1403;191
1403;1402;191
1403;1407;192
1404;1405;294
1404;1406;121
1405;1404;294
1405;1407;264
1406;1404;121
1407;1403;192
1407;1405;264
1407;1409;226
1408;1412;351
1409;1407;226
1409;1410;143
1410;1409;143
1410;1414;332
1411;1413;192
1412;1408;351
1412;1414;149
1413;1411;192
1413;1414;111
1413;1416;234
1414;1410;332
1414;1412;149
1414;1413;111
1415;1417;160
1416;1413;234
1416;1417;279
1417;1415;160
1417;1416;279
1417;1418;216
1417;1420;250
1418;1417;216
1418;1419;146
1418;1421;292
1419;1418;146
1420;1417;250
1421;1418;292
1421;1422;286
1422;1421;286
1422;1423;212
1423;1422;212
1423;1424;370
1423;1426;166
1424;1423;370
1425;1428;124
1426;1423;166
1426;1428;281
1426;1430;279
1427;1429;233
1427;1430;237
1428;1425;124
1428;1426;281
1428;1431;160
1429;1427;233
1430;1426;279
1430;1427;237
1431;1428;160
1431;1433;101
1432;1433;255
1433;1431;101
1433;1432;255
1433;1437;345
1434;1435;487
1435;1434;487
1435;1436;399
1436;1435;399
1436;1438;141
1436;1439;169
1437;1433;345
1437;1438;383
1438;1436;141
1438;1437;383
1439;1436;169
1439;1441;360
1439;1442;366
1440;1442;465
1440;1443;476
1441;1439;360
1442;1439;366
1442;1440;465
1442;1444;454
1443;1440;476
1443;1445;130
1443;1446;282
1444;1442;454
1445;1443;130
1446;1443;282
1446;1448;243
1446;1449;139
1447;1448;168
1447;1451;192
1448;1446;243
1448;1447;168
1449;1446;139
1449;1453;141
1450;1454;419
1451;1447;192
1452;1453;308
1452;1454;391
1453;1449;141
1453;1452;308
1453;1456;125
1454;1450;419
1454;1452;391
1454;1457;355
1455;1457;346
1456;1453;125
1456;1458;344
1456;1460;267
1457;1454;355
1457;1455;346
1458;1456;344
1459;1460;360
1459;1462;167
1460;1456;267
1460;1459;360
1461;1463;388
1461;1465;344
1462;1459;167
1462;1464;125
1463;1461;388
1464;1462;125
1464;1466;104
1465;1461;344
1465;1467;240
1466;1464;104
1466;1468;283
1467;1465;240
1467;1468;246
1468;1466;283
1468;1467;246
1468;1470;200
1468;1472;145
1469;1470;118
1470;1468;200
1470;1469;118
1471;1474;188
1472;1468;145
1472;1474;197
1473;1474;173
1474;1471;188
1474;1472;197
1474;1473;173
1474;1478;109
1475;1477;249
1475;1478;207
1476;1480;189
1477;1475;249
1477;1481;146
1478;1474;109
1478;1475;207
1479;1480;151
1479;1482;257
1480;1476;189
1480;1479;151
1481;1477;146
1481;1482;114
1481;1483;151
1482;1479;257
1482;1481;114
1483;1481;151
1483;1485;102
1483;1487;305
1484;1485;310
1485;1483;102
1485;1484;310
1485;1488;262
1486;1490;118
1487;1483;305
1487;1490;206
1488;1485;262
1489;1490;159
1489;1491;253
1489;1493;148
1490;1486;118
1490;1487;206
1490;1489;159
1491;1489;253
1491;1495;297
1492;1493;231
1492;1494;246
1493;1489;148
1493;1492;231
1493;1496;160
1494;1492;246
1494;1497;243
1495;1491;297
1495;1499;199
1496;1493;160
1497;1494;243
1497;1500;153
1497;1501;198
1498;1502;174
1499;1495;199
1500;1497;153
1500;1502;391
1500;1503;107
1500;1504;105
1501;1497;198
1502;1498;174
1502;1500;391
1503;1500;107
1504;1500;105
1504;1505;207
1504;1508;144
1505;1504;207
1506;1507;299
1506;1509;291
1507;1506;299
1507;1508;243
1507;1511;146
1508;1504;144
1508;1507;243
1508;1512;196
1509;1506;291
1510;1513;194
1511;1507;146
1512;1508;196
1512;1515;180
1512;1516;125
1513;1510;194
1513;1514;182
1514;1513;182
1514;1518;229
1515;1512;180
1515;1517;257
1516;1512;125
1516;1518;132
1517;1515;257
1518;1514;229
1518;1516;132
1518;1519;156
1518;1520;287
1519;1518;156
1520;1518;287
1520;1522;122
1521;1522;449
1521;1524;104
1522;1520;122
1522;1521;449
1522;1523;411
1523;1522;411
1523;1527;343
1524;1521;104
1525;1526;167
1525;1527;216
1526;1525;167
1527;1523;343
1527;1525;216
1527;1529;137
1528;1529;427
1529;1527;137
1529;1528;427
1529;1530;431
1529;1533;527
1530;1529;431
1530;1531;108
1531;1530;108
1531;1532;248
1532;1531;248
1532;1534;557
1533;1529;527
1533;1537;211
1534;1532;557
1535;1539;126
1536;1540;401
1537;1533;211
1537;1539;222
1537;1541;280
1538;1540;250
1538;1541;128
1539;1535;126
1539;1537;222
1540;1536;401
1540;1538;250
1540;1544;173
1541;1537;280
1541;1538;128
1542;1543;192
1542;1545;224
1542;1546;157
1543;1542;192
1543;1544;105
1544;1540;173
1544;1543;105
1545;1542;224
1545;1549;267
1546;1542;157
1546;1547;361
1547;1546;361
1548;1550;123
1549;1545;267
1549;1550;197
1549;1553;254
1550;1548;123
1550;1549;197
1550;1551;306
1551;1550;306
1551;1554;260
1552;1556;242
1553;1549;254
1553;1556;132
1553;1557;110
1554;1551;260
1555;1556;235
1555;1558;117
1555;1559;383
1556;1552;242
1556;1553;132
1556;1555;235
1557;1553;110
1558;1555;117
1558;1561;205
1558;1562;343
1559;1555;383
1560;1564;150
1561;1558;205
1562;1558;343
1562;1564;271
1563;1564;293
1564;1560;150
1564;1562;271
1564;1563;293
1564;1565;269
1564;1568;142
1565;1564;269
1566;1570;359
1567;1569;109
1567;1571;219
1568;1564;142
1568;1570;279
1568;1572;335
1569;1567;109
1569;1570;257
1570;1566;359
1570;1568;279
1570;1569;257
1571;1567;219
1572;1568;335
1572;1574;309
1573;1574;257
1574;1572;309
1574;1573;257
1574;1577;353
1575;1576;266
1575;1577;112
1576;1575;266
1576;1579;157
1577;1574;353
1577;1575;112
1577;1580;121
1578;1581;187
1579;1576;157
1580;1577;121
1580;1581;136
1580;1584;491
1581;1578;187
1581;1580;136
1581;1583;315
1582;1583;220
1583;1581;315
1583;1582;220
1584;1580;491
1584;1585;140
1585;1584;140
1585;1587;117
1586;1588;165
1587;1585;117
1587;1588;404
